"","Name","Adjusted","Year","Leave_est","Arrive_est","Surplus_est","Catch_est","Biomass_est","Profit_est","Fishing_est","Revenue_est","Leave_lo","Arrive_lo","Surplus_lo","Catch_lo","Biomass_lo","Profit_lo","Fishing_lo","Revenue_lo","Leave_hi","Arrive_hi","Surplus_hi","Catch_hi","Biomass_hi","Profit_hi","Fishing_hi","Revenue_hi","Status"
"1","Atrina","MT",2015,253.755321829,253.755321829,1720.2581321805,362.311324608299,14109.4705175722,-2487696.90631826,0.0284131789147808,-45999169.7758686,196.6589639403,196.6589639403,0,91.4461649713106,9790.91383202869,-713930.633990322,0.0092534743724243,-16337251.0849912,331.737680082,331.737680082,6643.23489558384,1084.1118152124,22229.3582603714,-9322591.57882162,0.0650327846911873,-130167825.306832,"MPA"
"2","Atrina","MT",2016,280.778463299687,280.447211221619,1681.99358209925,401.216344523056,15389.9165030703,-2471752.33046488,0.0284822780770709,-45983225.2000153,194.839185257371,194.839030185132,0,36.6716965648489,9754.2419803916,-288882.60173267,0.00374550556652637,-15912203.0527336,442.364229381392,442.293326943003,8196.84731973116,3547.18577842003,26878.9488992442,-15715591.4679133,0.163686069315762,-136560825.195924,"MPA"
"3","Atrina","MT",2017,306.259338411099,305.577289602549,1606.62344764019,441.192975384921,16554.664926517,-2477688.40978904,0.0287833652594427,-45989161.2793394,194.109415409793,194.108977777169,0,14.7926037982391,9739.44893896074,-116930.6757381,0.00151655509784168,-15740251.126739,534.891083094959,534.575318324405,9181.71950141844,10096.8805626202,25963.4720732719,-39555138.3094254,0.418152916154776,-160400372.037436,"MPA"
"4","Atrina","MT",2018,329.437832037689,328.405414738602,1504.72034459235,481.492528174949,17576.8603256354,-2503812.51771546,0.029300698427862,-46015285.3872658,193.815033885319,193.814241087745,0,5.98230935364996,9733.46583680951,-47345.2914280826,0.000614251513802459,-15670665.742429,516.673094258111,515.773202763588,8315.28489094534,17618.6300505767,19992.4873181038,-101052579.215333,1.07690553277655,-221897812.943344,"MPA"
"5","Atrina","MT",2019,349.779520480144,348.414687651245,1388.80480770242,521.547591487386,18442.7527090215,-2548755.77519967,0.0300218279479571,-46060228.6447501,193.695970152509,193.694788406189,0,2.42227911751129,9731.04237594568,-19176.3115262367,0.000248870071894792,-15642496.7625271,397.850497630266,394.39902004945,4752.24314721814,5933.70225118454,21036.0600675338,-260273718.108203,2.79448630107232,-381118951.836214,"MPA"
"6","Atrina","MT",2020,367.010778909528,365.343357692189,1270.84070265849,561.024425859157,19150.9015646035,-2611435.33405882,0.0309372291582222,-46122908.2036092,193.647743281319,193.646161139151,0,0.98146588753678,9730.05932791598,-7769.47391895186,0.000100863851300791,-15631089.9249198,418.617595343923,411.757473907162,3263.81869959357,2191.9354285803,23959.7450172985,-675399449.524009,7.30262245420611,-796244683.252019,"MPA"
"7","Atrina","MT",2021,381.102941135609,379.167891788966,1160.38293106604,599.819315863336,19709.5301304595,-2691022.4250832,0.0320399913902205,-46202495.2946336,193.628180625528,193.626198295051,0,0.397855526105691,9729.6594900594,-3148.86852968923,4.08914813501263e-05,-15626469.3195306,476.79892584424,466.815203050942,2599.99248865709,1684.84513564305,26193.9056751982,-1764973078.57486,19.206757976643,-1885818312.30287,"MPA"
"8","Atrina","MT",2022,392.219649596145,390.05124160949,1063.74889121262,638.011944074037,20133.0986696115,-2786915.40174418,0.0333255561845829,-46298388.2712946,193.620223852182,193.617847253023,0,0.161337132771105,9729.49577632747,-1276.59119252297,1.65829772100684e-05,-15624597.0421934,521.258722936443,509.140376862428,1922.79652787566,19585.2095338983,27702.5932922293,-4642079134.05403,50.8113041731878,-4762924367.78204,"MPA"
"9","Atrina","MT",2023,400.648663525268,398.276657294876,984.113994675315,675.79882573007,20439.0418323263,-2898717.10017371,0.0347914985205326,-46410189.9697241,193.616965948917,193.614203659381,0,0.0654461875560813,9729.42756785037,-517.703990772951,6.72701544234718e-06,-15623838.1549917,551.281606515363,537.91961163221,1375.64528110683,10816.1440642201,28638.041934251,-12280600438.2461,135.123060951818,-12401445671.9741,"MPA"
"10","Atrina","MT",2024,406.736932463294,404.184844034115,922.166384897134,713.427833483264,20645.228295311,-3026215.93496889,0.0364373457795833,-46537688.8045193,193.615608600222,193.612470363384,0,0.0265562638514815,9729.39787334968,-210.010707701018,2.72967200215011e-06,-15623530.4617086,569.897034491595,555.834914592102,1004.18551197997,170069.072170883,29175.4800764088,-32657858670.9551,360.994543710871,-32778703904.6832,"MPA"
"11","Atrina","MT",2025,410.840043076689,408.124963651148,876.93781481111,751.146217342675,20768.3048133539,-3169370.24762584,0.0382644299246061,-46680843.1171762,193.615017679659,193.611513695873,0,0.0107789745782338,9729.38359039132,-85.2176359786809,1.10796094343163e-06,-15623405.6686369,580.592053520536,566.312228087941,775.881621986517,61306.5892878844,29478.1161553387,-87248898001.0037,968.337605606419,-87369743234.7317,"MPA"
"12","Atrina","MT",2026,413.289265785743,410.422566554827,846.551939553417,789.165657252816,20822.8243964236,-3328295.50892909,0.0402757690229239,-46839768.3784795,193.614733448787,193.610874047921,0,0.00437635469780987,9729.37535463575,-34.5894352191543,4.49844255894813e-07,-15623355.0404361,586.61451149124,572.198774700609,646.614176808299,1349241.05191366,29638.1656103664,-234037198204.132,2606.62775299631,-234158043437.86,"MPA"
"13","Atrina","MT",2027,414.374205488829,411.362591572061,828.77764859761,827.642203932186,20820.9482271722,-3503254.04421953,0.0424759748025361,-47014726.9137699,193.614569557252,193.610365048858,0,0.00177733589624406,9729.36937279147,-14.0436889174937,1.82692795009832e-07,-15623334.4946898,589.799495646291,575.428558612279,574.103805367886,327667.819262301,29727.9517824726,-629996855868.454,7037.99298798589,-630117701102.182,"MPA"
"14","Atrina","MT",2028,414.336869720728,411.183454142913,821.378280436953,866.666760922196,20772.5063311092,-3694647.00317421,0.0448711834224322,-47206119.8727246,193.61445051855,193.609911123696,0,0.00072201465768364,9729.36411138195,-5.70348683560492,7.42164067821187e-08,-15623326.1544877,591.586240471206,577.176407631344,536.296190478279,10331213.6403424,29771.5341328391,-1701009916418.07,19052.3889342257,-1701130761651.8,"MPA"
"15","Atrina","MT",2029,413.372875989073,410.078116636285,822.297120937459,906.261825288805,20685.2468674051,-3903008.33789982,0.0474690070726473,-47414481.2074502,193.614345816501,193.6094816365,0,0.000293386196672425,9729.35895381576,-2.31696220265761,3.0157506087222e-08,-15623322.7679631,592.453529243497,578.115648838808,514.816163382527,1716012.81796044,29798.7542557281,-4604779616004.82,51691.0486560439,-4604900461238.55,"MPA"
"16","Atrina","MT",2030,411.636412661361,408.198863695632,829.731241303003,946.3812331251,20565.1593266172,-4129000.58853285,0.0502785044043842,-47640473.4580832,193.614243180934,193.609064182621,0,0.000119247199151165,9729.35365557024,-0.941487266986529,1.22576055272981e-08,-15623321.3924882,592.99520968899,578.617916926856,504.728472590128,78217017.5244391,29808.9959683799,-12493189052706.2,140508.218493597,-12493309897939.9,"MPA"
"17","Atrina","MT",2031,409.246670599683,405.663555380916,842.138632733129,986.910823319322,20416.8040208123,-4373412.30645821,0.0533101681305208,-47884885.1760086,193.614137745848,193.608653754258,0,4.84807398581317e-05,9729.34812309791,-0.382670222594291,4.98342911240744e-09,-15623320.8336711,593.199019770761,578.88632957292,498.085441034453,8931589.7909071,29818.5540767248,-33959490931307.2,382545.152410281,-33959611776540.9,"MPA"
"18","Atrina","MT",2032,406.294400014164,402.56203462064,858.210903505385,1027.66888567413,20243.61367325,-4637156.97284367,0.0565759284369765,-48148629.8423941,193.614027649649,193.608248344051,0,1.97151700858013e-05,9729.34232407715,-0.155577688448675,2.0265674452462e-09,-15623320.6065786,593.389226126823,579.029195854629,495.883173602618,590209918.573882,29819.4506684098,-92457179707955.8,1042917.55065037,-92457300553189.5,"MPA"
"19","Atrina","MT",2033,402.847912097675,398.962012902454,876.832022722738,1068.4059288721,20048.1538679054,-4921273.29494999,0.0600891711105081,-48432746.1645004,193.613912249135,193.607847160641,0,8.01936077099609e-06,9729.33625096929,-0.0632674153585438,8.24331080764725e-10,-15623320.5142683,593.407068301354,579.105596235911,493.413557617033,46404729.031502,29824.0754228609,-252063198912173,2846496.2169716,-252063319757407,"MPA"
"20","Atrina","MT",2034,398.958261971318,394.914167312225,897.034857558457,1108.80374218102,19832.3408886238,-5226926.78488784,0.0638647695231792,-48738399.6544382,193.613791394289,193.607449904248,0,3.26275609085112e-06,9729.3299062165,-0.0257347946394016,3.35388238532827e-10,-15623320.4767357,593.499100914933,579.14603313416,493.416930006415,4449361373.85372,29822.3656775928,-687968460753703,7776526.3620781,-687968581598937,"MPA"
"21","Atrina","MT",2035,394.663583683613,390.456413692608,917.961574053542,1148.47401242979,19597.6212802565,-5555412.54537326,0.0679191298224055,-49066885.4149236,193.613665133708,193.60705647256,0,1.32780042910739e-06,9729.32329622755,-0.0104704865158878,1.36488868086785e-10,-15623320.4614714,593.465076984097,579.167836140381,492.111579417976,240976525.813557,29825.6152356516,-1879512129630059,21262185.1395026,-1879512250475293,"MPA"
"22","Atrina","MT",2036,389.992663477105,385.617435993477,938.830648847487,1186.95696484644,19345.1197367739,-5908159.20481132,0.0722702488621245,-49419632.0743617,193.613533594928,193.606666841342,0,5.40483015448122e-07,9729.31642893348,-0.00426104642972203,5.55581277721114e-11,-15623320.4552619,593.529743189466,579.179183767585,492.729604541085,33532896609.1478,29823.1789356092,-5138848318481505,58172910.7852659,-5138848439326738,"MPA"
"23","Atrina","MT",2037,384.967882761801,380.419597815328,958.911498044641,1223.72067338814,19075.762276484,-6286733.95995778,0.0769377845788776,-49798206.8295082,193.613396935776,193.606281016023,0,2.20054407176057e-07,9729.30931279367,-0.00173446938086376,2.26202117494992e-11,-15623320.4527354,593.481260818622,579.185491649078,491.748616052648,1251193465.51629,29826.0450283429,-14059837168636186,159248906.515877,-14059837289481418,"MPA"
"24","Atrina","MT",2038,379.607669302031,374.8813700801,977.506956999935,1258.16186543992,18790.381068822,-6692848.69871662,0.0819431386695862,-50204321.568267,193.613255324594,193.605899012107,0,8.96137396474885e-08,9729.30195639157,-0.000706180469440685,9.21175044865773e-12,-15623320.4517071,593.538296064023,579.188586419703,492.537910135556,252703366066.529,29823.4060443955,-38488798365552144,436149001.040199,-38488798486397384,"MPA"
"25","Atrina","MT",2039,373.928583269559,369.019397653681,993.943616720993,1289.6092444408,18489.8062554864,-7128367.18857057,0.0873095515683506,-50639840.058121,193.613108932192,193.605520847295,0,3.65017254416187e-08,9729.29436827017,-0.000287581669926312,3.75216435041993e-12,-15623320.4512885,593.485780283471,579.190499030327,491.647335684988,6496155126.14062,29826.1651123133,-105413051686952400,1194984484.57394,-105413051807797632,"MPA"
"26","Atrina","MT",2040,367.947144484179,362.850307956993,1007.57006222774,1317.33057602156,18174.9489051654,-7595313.32794715,0.0930622098501303,-51106786.1974975,193.612957928576,193.60514653837,0,1.48711385790169e-08,9729.28655686509,-0.000117138832376534,1.52866916965501e-12,-15623320.451118,593.540685735034,579.191253068482,492.484392693473,1904326891188.39,29823.469530127,-288815271317432832,3275145264.11561,-288815271438278080,"MPA"
"27","Atrina","MT",2041,361.681483212791,356.392341022336,1017.76318437586,1340.54501800429,17846.8779293465,-8095880.46872876,0.0992283663118386,-51607353.3382791,193.612802481615,193.60477610001,0,6.05989183584115e-09,9729.27853047743,-4.77235283964607e-05,6.22923795411434e-13,-15623320.4510486,593.487043649527,579.191919127736,491.619045404316,33727430460.0526,29826.198696968,-791571368280498688,8978754240.46984,-791571368401344000,"MPA"
"28","Atrina","MT",2042,355.152870793995,349.666854627374,1023.94281894514,1358.44239251003,17506.892339615,-8632441.82836787,0.105837473098077,-52143914.6979183,193.612642756501,193.604409544388,0,2.4698647031968e-09,9729.27029726285,-1.94470602767154e-05,2.53889016659697e-13,-15623320.4510203,593.541354069662,579.192009324857,492.469436241814,14350574372474.8,29823.4872939866,-2170071115426542848,24620637097.6164,-2170071115547387648,"MPA"
"29","Atrina","MT",2043,348.387157558338,342.699729666107,1025.59489334913,1370.21124298764,17156.5885620842,-9207562.01994339,0.112921328351134,-52719034.8894938,193.612478915531,193.604046881079,0,1.00685500559021e-09,9729.26186522739,-7.92616216305815e-06,1.03499517855858e-13,-15623320.4510088,593.487397150334,579.192321862486,491.611135200093,175109090080.984,29826.2080985907,-5950573180872323072,67524849110.8569,-5950573180993168384,"MPA"
"30","Atrina","MT",2044,341.416112385476,335.522668349302,1022.30291901281,1375.0774961746,16797.9205408863,-9824009.73832198,0.120514236974447,-53335482.6078724,193.612311118025,193.603688117105,0,4.1052919490864e-10,9729.25324222606,-3.23115184027373e-06,4.22003477115582e-14,-15623320.4510041,593.541541161955,579.192223795974,492.465252275159,108142474938958,29823.4922689627,-16320050597475768320,185223274556.299,-16320050597596612608,"MPA"
"31","Atrina","MT",2045,334.278618763636,328.174339418583,1013.78693593693,1372.35521546064,16433.2479820175,-10484771.6507794,0.128653186206756,-53996244.5203298,193.612139520299,193.603333257015,0,1.6741809641733e-10,9729.24443596261,-1.31745281676678e-06,1.72097641483157e-14,-15623320.4510022,593.487496152357,579.192436076192,491.608921336055,909146185349.141,29826.2107327574,-44766699277348126720,508140205075.029,-4.4766699277469e+19,"MPA"
"32","Atrina","MT",2046,327.021634842148,320.701279099315,999.947780133129,1361.51008710728,16065.3653193005,-11193067.5514984,0.137378036811873,-54704540.4210487,193.611964275656,193.602982302991,0,6.82872955388943e-11,9729.23545398987,-5.37271693425972e-07,7.01960897917731e-15,-15623320.4510014,593.541593581871,579.19228461894,492.464080763622,814935260223834,29823.4936634334,-1.22812178371873e+20,1394178199697.25,-1.22812178371994e+20,"MPA"
"33","Atrina","MT",2047,319.70076985408,313.158404547461,980.91273395562,1342.23467179092,15697.5010161586,-11952366.8518849,0.146731730797179,-55463839.7214353,193.611785534398,193.602635254959,0,2.78582956394296e-11,9729.22630371041,-2.19145200057973e-07,2.86370312644268e-15,-15623320.4510011,593.487523902324,579.192468466631,491.60830118333,4720180812274.5,29826.2114714008,-3.36959578244377e+20,3825530874050.24,-3.36959578244498e+20,"MPA"
"34","Atrina","MT",2048,312.380270221556,305.60894215397,957.076283761454,1314.53181382735,15333.2741580251,-12766406.4932478,0.156760516683688,-56277879.3627982,193.611603443837,193.60229211069,0,1.13669585323683e-11,9729.21699237725,-8.94019591387322e-08,1.16847150714068e-15,-15623320.451001,593.541608280875,579.192301868026,492.463752460217,6141152076607824,29823.4940546037,-9.24590838632988e+20,10497778736970.4,-9.24590838633109e+20,"MPA"
"35","Atrina","MT",2049,305.1321557447,298.123526327179,929.127134946905,1278.79874277795,14976.5939207765,-13639210.3854955,0.167514193462266,-57150683.2550458,193.611418148307,193.601952865911,0,4.63881584196086e-12,9729.20752709485,-3.64785165956572e-08,4.76849512441379e-16,-15623320.4510009,593.487531686613,579.192477652394,491.608127321973,24506625648687.7,29826.211678678,-2.53721303852667e+21,28809107088791.4,-2.5372130385268e+21,"MPA"
"36","Atrina","MT",2050,298.034219023453,290.778203982795,898.050481049563,1235.89940625171,14631.4889805337,-14575110.4950404,0.179046374485211,-58086583.3645908,193.611229789187,193.601617514401,0,1.89339473653876e-12,9729.19791482006,-1.48867668231345e-08,1.94632651656144e-16,-15623320.4510009,593.541612405693,579.192306759779,492.463660383972,46278212709562432,29823.494164412,-6.96286013451846e+21,79065036085899,-6.96286013451858e+21,"MPA"
"37","Atrina","MT",2051,291.166630712621,283.651114812581,865.093919087912,1187.20707505148,14301.8603086701,-15578769.7258582,0.191414772660546,-59090242.5954086,193.611038504919,193.601286048092,0,7.72937658045418e-13,9729.18816236323,-6.07623752931098e-09,7.94546444495572e-17,-15623320.4510009,593.487533871798,579.19248025743,491.60807854241,127235525874120,29826.2117368843,-1.91092654826631e+22,216998897761870,-1.91092654826633e+22,"MPA"
"38","Atrina","MT",2052,284.607020142536,276.817744225751,831.687862144398,1134.59481222583,13991.1640826719,-16655206.7566632,0.204681508439132,-60166679.6262136,193.610844431028,193.600958457161,0,3.1558413453118e-13,9729.17827638936,-2.48049486387016e-09,3.24407016048189e-17,-15623320.4510009,593.541613563997,579.192308147056,492.463634541279,348741233003719360,29823.4941952576,-5.24463659069481e+22,595588053798191,-5.24463659069482e+22,"MPA"
"39","Atrina","MT",2053,278.424165245171,270.344898927588,799.318280089959,1080.3507088978,13702.0523875465,-17809823.0091973,0.21891344221376,-61321295.8787477,193.610647700148,193.600634730121,0,1.28869876343075e-13,9729.16826341934,-1.01276639411024e-09,1.32472799110041e-17,-15623320.4510009,593.487534485627,579.192480996205,491.608064846889,660591922306282,29826.2117532398,-1.43947954974391e+23,1634733933117713,-1.43947954974392e+23,"MPA"
"40","Atrina","MT",2054,272.670842512175,264.283943723407,769.361561292971,1027.00150982156,13436.0255402291,-19048431.9206737,0.234182532887219,-62559904.7902241,193.610448442045,193.600314853912,0,5.26321870100336e-14,9729.1581298312,-4.13566885115015e-10,5.41036934677763e-18,-15623320.4510009,593.541613889472,579.19230854048,492.463627283194,2628028181822313984,29823.4942039277,-3.95098107862249e+23,4487028355779723,-3.95098107862249e+23,"MPA"
"41","Atrina","MT",2055,267.37690825056,258.664312629439,742.906416735112,977.045725340825,13193.1736360023,-20377290.6711269,0.250566224516438,-63888763.5406773,193.610246783641,193.599998813978,0,2.14987600406736e-14,9729.14788186154,-1.68906342588292e-10,2.20998374672623e-18,-15623320.4510009,593.487534658161,579.192481205718,491.608060999179,3429715750137702,29826.2117578383,-1.08447198066138e+24,12316271303470812,-1.08447198066138e+24,"MPA"
"42","Atrina","MT",2056,262.544155356446,253.488726374391,720.601057894112,932.625980792447,12972.0932841219,-21803134.4732576,0.268147863105807,-65314607.342808,193.610042849045,193.599686594351,0,8.78285420429612e-15,9729.13752560685,-6.89934915809313e-11,9.028414437296e-19,-15623320.4510009,593.541613980983,579.192308652053,492.463625243435,19804174168495800320,29823.494206366,-2.97671406050319e+24,33807031218998660,-2.97671406050319e+24,"MPA"
"43","Atrina","MT",2057,258.144656354026,248.731678707077,702.567972807073,895.204253670139,12770.0440256119,-23333213.4802911,0.287017145807451,-66844686.3498415,193.609836759576,193.599378177731,0,3.58852942892139e-15,9729.127067025,-2.81858107142439e-11,3.68886233883364e-19,-15623320.4510009,593.487534706684,579.192481265135,491.608059917527,17806681740752186,29826.211759132,-8.17083718312944e+24,92798465125923776,-8.17083718312944e+24,"MPA"
"44","Atrina","MT",2058,254.123876109677,244.342344491682,688.41707293657,865.328529827874,12583.3510371026,-24975332.334611,0.307270604989181,-68486805.2041614,193.609628633798,193.599073545555,0,1.46640616715159e-15,9729.11651193676,-1.15162608433538e-11,1.5074062701205e-19,-15623320.4510009,593.541614006726,579.192308683695,492.463624669866,1.49239386817583e+20,29823.4942070521,-2.24284192000573e+25,254729734670187264,-2.24284192000573e+25,"MPA"
"45","Atrina","MT",2059,250.408685638342,240.252008143465,677.360471552436,842.576035083852,12407.9787960763,-26737892.4042133,0.329012129847625,-70249365.2737637,193.609418587542,193.598772678075,0,5.99304254177196e-16,9729.10586602729,-4.70597225190716e-12,6.16060669057305e-20,-15623320.4510009,593.487534720338,579.192481281985,491.608059613288,92450202195324224,29826.2117594961,-6.15657487100782e+25,699234076524695168,-6.15657487100782e+25,"MPA"
"46","Atrina","MT",2060,246.918778041918,236.384640547824,668.397836944353,825.713491738741,12240.1290037878,-28629936.8605971,0.352353528466622,-72141409.7301475,193.609206733943,193.598475554419,0,2.44959442398258e-16,9729.09513484777,-1.92328005535453e-12,2.51808492841283e-20,-15623320.4510009,593.541614013972,579.192308692668,492.463624508493,1.1246313219908e+21,29823.4942072453,-1.68997568653882e+26,1919415769920954112,-1.68997568653882e+26,"MPA"
"47","Atrina","MT",2061,243.578567175378,232.667978544857,660.516132652586,813.036795597593,12076.6977522123,-30661198.9242367,0.377415133442755,-74172671.793787,193.608993183471,193.598182152664,0,1.00136686189293e-16,9729.08432381696,-7.86121037184269e-13,1.02936513511091e-20,-15623320.4510009,593.487534724181,579.192481286763,491.608059527671,479990601845950656,29826.2117595986,-4.63904495296153e+26,5268880257687984128,-4.63904495296153e+26,"MPA"
"48","Atrina","MT",2062,240.326285269025,229.042127468089,652.845454419821,802.776242296852,11915.4828065343,-32842153.772721,0.404326454421127,-76353626.6422714,193.608778043958,193.597892449898,0,4.09395395615574e-17,9729.0734382229,-3.21357543833074e-13,4.20842148480234e-21,-15623320.4510009,593.541614016012,579.192308695213,492.46362446307,8.47494510227664e+21,29823.4942072997,-1.27343329327114e+27,14463388618264834048,-1.27343329327114e+27,"MPA"
"49","Atrina","MT",2063,237.118107850033,225.46368476003,644.735679716142,793.425618783999,11755.1384443765,-35184074.6804884,0.433226881115908,-78695547.5500388,193.608561420636,193.597606422277,0,1.67394791323417e-17,9729.06248322454,-1.31382727641881e-13,1.72075182281813e-21,-15623320.4510009,593.487534725264,579.192481288119,491.608059503564,2492054883462047232,29826.2117596275,-3.49566316160391e+27,39703033128711348224,-3.49566316160391e+27,"MPA"
"50","Atrina","MT",2064,233.927255043092,221.905267690962,635.754521919417,783.898329489897,11594.9726494539,-37699093.8912209,0.464266440648556,-81210566.7607713,193.608343416168,193.597324045087,0,6.84524112898573e-18,9729.05146385346,-5.37201582372906e-14,7.03663558178471e-22,-15623320.4510009,593.541614016587,579.192308695935,492.463624450277,6.38651023510854e+22,29823.494207315,-9.59580816943414e+27,1.08988087679037e+20,-9.59580816943414e+27,"MPA"
"51","Atrina","MT",2065,230.739955724132,218.352077970287,625.636941093253,773.507039755499,11434.7146730378,-40400268.5633694,0.497606613334855,-83911741.4329197,193.608124130684,193.597045292801,0,2.79950985060692e-18,9729.04038501558,-2.19676755193317e-14,2.87778476630594e-22,-15623320.4510009,593.487534725569,579.192481288503,491.608059496774,12938456541200111616,29826.2117596356,-2.6341381903428e+28,2.99182142324618e+20,-2.6341381903428e+28,"MPA"
"52","Atrina","MT_20",2015,325.492687952,325.492687952,2165.33853968622,547.682255643103,17974.0727640431,-2934991.62435524,0.0334842449330382,-57808195.5296683,248.856784196,248.856784196,0,134.732455924612,12370.6335840754,-831177.441561159,0.0107739713890543,-20229145.1173593,424.538164191,424.538164191,8488.87577355576,1671.03242648706,28151.4194370687,-11324317.3865288,0.07744906535836,-166120306.408442,"MPA"
"53","Atrina","MT_20",2016,357.684048004458,357.183190868129,2112.95183787805,758.764564087812,19327.759180697,-3673505.58482443,0.0422968750514963,-58546709.4901375,246.1756083231,246.175378006024,0,66.9857696801642,12303.6475840781,-417610.536304189,0.00541494112099875,-19815578.2121023,560.213246797667,560.102100203984,10391.0113115754,6924.09339233253,31618.2262097179,-23974272.3028719,0.253890886228318,-178770261.324786,"MPA"
"54","Atrina","MT_20",2017,384.622407695871,383.452604566191,2031.53630299687,1035.4522950211,20322.6733855431,-4640210.48496808,0.0538783125725594,-59513414.3902811,244.842586923155,244.841893604917,0,33.4949284240132,12270.1519623359,-209889.874711664,0.00272241532366418,-19607857.5505098,629.202701573385,628.653059381677,11036.0892544974,22015.9200520994,22324.411458323,-78591856.4701431,0.829742110032757,-233387845.492057,"MPA"
"55","Atrina","MT_20",2018,404.421200372308,402.392301523747,1948.13432079965,1387.87133481203,20880.9074726822,-5910661.81778556,0.0691501266614176,-60783865.7230986,244.176024050484,244.174700887401,0,16.7992267514907,12253.3514124213,-105524.473483312,0.00136916534774052,-19503492.1492814,444.255788020627,442.022654023017,6650.35374957346,11925.2535618802,22388.6679255225,-256875018.861534,2.7350968211188,-411671007.883447,"MPA"
"56","Atrina","MT_20",2019,415.530058706376,412.425836207397,1887.60317258958,1821.12847348374,20944.2779492891,-7585990.6380492,0.0893463763647323,-62459194.5433622,243.841693107184,243.839637491718,0,8.43970633352853,12244.9096504723,-53070.7529220783,0.000688805138696628,-19451038.4287202,445.534491717897,439.41189302667,4688.50941100942,2923.26995512939,26705.1276445156,-846762722.905235,9.08676244094853,-1001558711.92715,"MPA"
"57","Atrina","MT_20",2020,416.791131190852,412.362783141687,1864.31358162417,2329.3579377839,20474.8052450802,-9801639.88492298,0.116120417728624,-64674843.790236,243.673702044399,243.670858950014,0,4.24422745695153,12240.662579921,-26699.0618213281,0.000346636141770625,-19424666.7376195,531.43204012586,521.016397570813,4140.27135801086,3225.72835578205,30447.5757159007,-2813187010.18317,30.4093132868134,-2967982999.20509,"MPA"
"58","Atrina","MT_20",2021,407.448624377095,401.409376885144,1875.2008586497,2886.0995713352,19457.8672849027,-12739101.1998487,0.151688402428552,-67612305.1051617,243.589185340428,243.585531211546,0,2.13576901306131,12238.523156779,-13436.1116547166,0.000174496314794662,-19411403.7874529,605.906756746424,592.195182800854,3308.47785848888,42729.4285342413,33285.5031297848,-9414460267.08073,102.444778995811,-9569256256.10264,"MPA"
"59","Atrina","MT_20",2022,387.211558969564,379.238864519427,1895.27882140476,3430.67182532267,17914.5015865347,-16641684.8227308,0.199022125784242,-71514888.7280438,243.546610819903,243.542141603784,0,1.07527173075481,12237.4434158322,-6763.72737123668,8.78681639035872e-05,-19404731.4031694,662.381512282717,646.349564868505,2445.89353665978,36732.4893828974,35211.973760847,-31716061864.6697,347.194624272,-31870857853.6916,"MPA"
"60","Atrina","MT_20",2023,356.49858157204,346.25330532718,1877.87322388307,3853.77852916258,15928.3510050103,-21835706.6542385,0.262108267226507,-76708910.5595515,243.52512397506,243.519847171758,0,0.541565671156331,12236.8965733577,-3405.89632864064,4.42596113405132e-05,-19401373.5721268,700.718277840856,683.240191210898,1751.8514498776,655432.506954234,36397.1669049481,-107488376147.643,1182.96151972597,-107643172136.665,"MPA"
"61","Atrina","MT_20",2024,316.974184999705,304.148605644846,1765.52878747255,3995.12807779077,13685.9261353372,-28758942.8848169,0.346296978699987,-83632146.79013,243.514241809819,243.508171515157,0,0.272855072652236,12236.6176479904,-1715.56623521594,2.23003783936557e-05,-19399683.2420334,724.303621408467,706.238990521492,1276.96193189031,358101.945710172,37088.5070463628,-366235202907.502,4049.54985774999,-366389998896.524,"MPA"
"62","Atrina","MT_20",2025,272.34993009321,256.755087885121,1520.4330680532,3683.78734490937,11506.9770162729,-37998823.3247881,0.458770751520619,-92872027.2301012,243.508691195009,243.501845133858,0,0.137514742572547,12236.4732871867,-864.394786581643,1.12394035799795e-05,-19398832.0705847,738.06129022262,719.701689809315,988.327920686222,8855186.34997035,37467.5756469092,-1253704173482.3,13919.432203888,-1253858969471.32,"MPA"
"63","Atrina","MT_20",2026,228.988842623832,210.67655556092,1172.51109362977,2865.78753088121,9795.3882919586,-50343688.0204934,0.609175250176933,-105216891.925806,243.505818415015,243.498216215632,0,0.0693259435824154,12236.3963590437,-435.655479170208,5.66628576369486e-06,-19398403.3312773,745.604755373493,727.270743595561,821.484145285792,3187371.30769445,37678.4603494628,-4309342825245.06,48014.8371881674,-4309497621234.08,"MPA"
"64","Atrina","MT_20",2027,194.928227009976,174.296693536627,841.655306535278,1803.80797324538,8818.33280852744,-66851705.1888849,0.810468298400352,-121724909.094198,243.50428754497,243.495949755691,0,0.0349596390734518,12236.3530616154,-219.633404300084,2.85743003177743e-06,-19398187.3092024,749.801360954311,731.424426055004,731.224735073483,112753108.609289,37786.1268812466,-14864957777024.5,166131.492579423,-14865112573013.5,"MPA"
"65","Atrina","MT_20",2028,175.484822889696,153.130256865332,657.065793308252,1078.88453374681,8374.15950206452,-88944037.5324935,1.08006269160384,-143817241.437807,243.503425926146,243.494373463403,0,0.0176343399498515,12236.3263748127,-110.758108154003,1.44135975275533e-06,-19398078.4339063,751.943924936807,733.673371585338,680.851557057356,27371322.5855099,37848.618804304,-51432962627881.9,576312.305477156,-51433117423870.9,"MPA"
"66","Atrina","MT_20",2029,166.645774091084,143.632811268115,606.149839211666,833.774924920418,8131.45644170963,-118531439.626807,1.44136468570041,-173404643.53212,243.502894858772,243.493148700477,0,0.00889753446371114,12236.3077311199,-55.8691827503743,7.27254713750009e-07,-19398023.5449809,753.187514205649,734.881335277123,655.630332746587,1406442597.9102,37876.4521830829,-178421034899957,2003657.04544361,-178421189695946,"MPA"
"67","Atrina","MT_20",2030,161.815983190022,138.366500566731,612.870458108016,759.477201243619,7961.40021595073,-158183138.071797,1.92584563959215,-213056341.97711,243.502523849286,243.492104865587,0,0.00449051062408513,12236.2928216256,-28.1894417462706,3.67042003259744e-07,-19397995.8652399,753.741398443349,735.528019810182,640.585191852368,232375027.652876,37896.4389937099,-620316022960177,6979115.57624074,-620316177756166,"MPA"
"68","Atrina","MT_20",2031,158.43186429742,134.591664432173,642.675979649031,993.384779253468,7699.633677672,-211352804.417672,2.57583246566025,-266226008.322985,243.502227150349,243.491156010401,0,0.00226691314337975,12236.2794835725,-14.2270775794316,1.85292460078783e-07,-19397981.9028757,754.139135974826,735.872941764763,634.286378469336,17434338865.618,37901.723400257,-2160670365258638,24347886.3814325,-2160670520054628,"MPA"
"69","Atrina","MT_20",2032,153.222710185673,129.203916445243,649.08379820264,810.879282762872,7513.82931413777,-282686794.061217,3.44826746340385,-337559997.966531,243.501961723093,243.490258843539,0,0.00114468168134713,12236.2666360113,-7.18220311494477,9.35643000847062e-08,-19397974.8580013,754.244295665113,736.057210714762,629.296824506785,1966169243.3714,37909.7904982504,-7537909252553589,85054336.1548587,-7537909407349578,"MPA"
"70","Atrina","MT_20",2033,149.525203351342,125.121881728452,679.055634825685,1254.79701956693,7222.56661541754,-378432696.006433,4.61977535977094,-433305899.911746,243.501706056624,243.489391572851,0,0.000578153182107444,12236.2537433743,-3.62668729579359,4.72574983650583e-08,-19397971.3024854,754.404830915184,736.155075177736,628.323484260597,215727190211.043,37908.7734841864,-26332043272325180,297449241.273276,-26332043427121168,"MPA"
"71","Atrina","MT_20",2034,143.729075646809,119.240299698642,681.186798083644,856.695797023841,7030.6696829873,-507002087.379159,6.19349230486728,-561875291.284472,243.501449493149,243.488543242983,0,0.00029208355139111,12236.2405450406,-1.83176884361137,2.38746546110922e-08,-19397969.507567,754.384592335309,736.207547913257,626.147979922134,16620082525.3225,37913.5147423357,-92087890126709920,1041193336.35894,-92087890281505904,"MPA"
"72","Atrina","MT_20",2035,139.910326691447,115.146543109464,712.6725042374,1781.89860343681,6702.53131619716,-679710405.252505,8.30827401021237,-734583609.157818,243.501186846308,243.487708360535,0,0.000147596121683283,12236.2269189587,-0.925416075237937,1.20644345617276e-08,-19397968.6012142,754.47894337248,736.235161010197,626.661008609687,2667968201056.88,37910.7404066896,-322343906140456448,3647417516.49468,-322343906295252352,"MPA"
"73","Atrina","MT_20",2036,133.380373192323,108.415465116187,706.61967240869,996.882573670575,6469.58947225762,-911801318.633961,11.1511102381175,-966674522.539274,243.500915687278,243.486884183978,0,7.4600912974759e-05,12236.2128128545,-0.467634900273538,6.09786844098983e-09,-19397968.143433,754.423734093124,736.250203845369,625.270052700925,140451445718.317,37914.5541663726,-1129211129642475008,12785537737.7851,-1129211129797271040,"MPA"
"74","Atrina","MT_20",2037,128.744830497927,103.666713724041,727.584470078537,2429.1506002847,6117.4359674446,-1223790129.48395,14.9738725496665,-1278663333.38926,243.500634975804,243.486069356864,0,3.77148504449043e-05,12236.1982095207,-0.236362184785581,3.08281910429764e-09,-19397967.9121603,754.499627910814,736.257878921134,626.197362359205,32990802755332.3,37911.2896136696,-3958285099840597504,44842011694.8912,-3958285099995393024,"MPA"
"75","Atrina","MT_20",2038,121.736975752148,96.4920478744785,714.355746234596,1097.26016965736,5850.28436545226,-1643326637.87467,20.1159025072447,-1698199841.77999,243.500344369462,243.485263218412,0,1.90711728825478e-05,12236.1831092985,-0.119494519836637,1.55888712031038e-09,-19397967.7952927,754.434663312026,736.262302545377,625.025105069443,1186821503655.06,37914.8445369842,-13882726483344128000,157341874958.668,-13882726483498924032,"MPA"
"76","Atrina","MT_20",2039,116.4206588725,91.0851971237271,723.616163054191,3391.02733331078,5476.92137456188,-2207642357.51287,27.0344958804119,-2262515561.41818,243.500043875039,243.484465455734,0,9.64577026654845e-06,12236.1675212334,-0.0604247158958171,7.88452748338186e-10,-19397967.7362229,754.505406285985,736.264322085461,626.067939997588,407931359621701,37911.4431137169,-48711599063166885898,552286006653.368,-48711599063321673738,"MPA"
"77","Atrina","MT_20",2040,108.990735353781,83.5169077531205,700.483490550385,1198.61230674347,5178.87878883439,-2966936554.90555,36.3460350128447,-3021809758.81086,243.499733672544,243.483675928434,0,4.87965001712477e-06,12236.1514586096,-0.0305615671848891,3.98867643213865e-10,-19397967.7063597,754.437717962966,736.265733811224,624.956695784296,10028477361654.9,37914.9257336489,-1.70983312144497e+20,1939173985876,-1.70983312144652e+20,"MPA"
"78","Atrina","MT_20",2041,103.059687897804,77.51659862824,695.100697143592,4790.42671508267,4790.56387275215,-3988838904.44636,48.8815194114458,-4043712108.35167,243.499414026332,243.482894580186,0,2.46905324851381e-06,12236.1349366944,-0.0154606859269869,2.01823556539751e-10,-19397967.6912588,754.507022099613,736.266149372592,626.031776527896,5044012918266243,37911.4860575025,-6.00350444387167e+20,6810514639889.62,-6.00350444387322e+20,"MPA"
"79","Atrina","MT_20",2042,95.3322210677679,69.6819732733591,659.699671766245,1297.10158228023,4469.23031010365,-5364568755.69558,65.7615234006359,-5419441959.6009,243.499085240219,243.482121394218,0,1.24956846377419e-06,12236.1179715989,-0.00782297256126385,1.02141590792565e-10,-19397967.6836211,754.4385725443,736.266706911636,624.937571148993,84738713727996.6,37914.9484601437,-2.10848065711716e+21,23924036668926.6,-2.10848065711731e+21,"MPA"
"80","Atrina","MT_20",2043,88.9376831710627,63.2444957293237,637.57940909592,6737.80357103381,4076.99972076634,-7217080052.96122,88.4974269921338,-7271953256.86653,243.498747634817,243.481356370957,0,6.32521504683117e-07,12236.1005797025,-0.00395915559979161,5.17033783775532e-11,-19397967.6797573,754.507474356859,736.266667584985,626.021661694541,62368290109130288,37911.4980825941,-7.4066618204838e+21,84055243048693.9,-7.40666182048396e+21,"MPA"
"81","Atrina","MT_20",2044,81.1322944432501,55.3709860124497,588.880226075371,1384.952358881,3745.66781745781,-9712272183.69316,119.128114677831,-9767145387.59847,243.498401536079,243.480599516868,0,3.20238853845425e-07,12236.082777363,-0.00200409763439459,2.61769245568813e-11,-19397967.6778022,754.438811843622,736.266982878817,624.932219503283,716024634387978,37914.9548267727,-2.60228286245214e+22,295364169336340,-2.60228286245215e+22,"MPA"
"82","Atrina","MT_20",2045,74.5387895674105,48.7697439856049,549.97584534951,9250.91147551101,3366.36436879233,-13073867840.5402,160.404648206064,-13128741044.4455,243.498047269524,243.47985083893,0,1.62163875736751e-07,12236.0645807703,-0.00101465541192344,1.32556063907375e-11,-19397967.6768128,754.507601052777,736.266814547619,626.018829974969,771171682416036864,37911.501452717,-9.14420310322621e+22,1038013037681710,-9.14420310322622e+22,"MPA"
"83","Atrina","MT_20",2046,66.9906509389673,41.202220873685,489.581179009836,1446.84446572364,3044.80763264068,-17603831344.7743,216.039735010524,-17658704548.6796,243.497685157328,243.47911034197,0,8.21322047934936e-08,12236.0460058728,-0.000513806454158318,6.71366658610549e-12,-19397967.6763119,754.438878909068,736.267061141769,624.930720610548,6050257266879289,37914.9566117897,-3.21360506941269e+23,3648301386546074,-3.2136050694127e+23,"MPA"
"84","Atrina","MT_20",2047,60.5916718895494,34.8394911759785,437.283293993961,12109.359476269,2700.85334851366,-23709565625.4997,291.044851092562,-23764438829.405,243.497315516868,243.478378027432,0,4.16054342929054e-08,12236.0270683417,-0.00026023141658558,3.40092515915146e-12,-19397967.6760584,754.507636574615,736.266856225491,626.018036529855,9535384135717332992,37911.5023979647,-1.12948055964281e+24,12823726290405774,-1.12948055964281e+24,"MPA"
"85","Atrina","MT_20",2048,53.7469816354218,28.0304876823045,370.592807139691,1456.01158882605,2414.10635888129,-31941124364.6856,392.185810605626,-31995997568.5909,243.496938660001,243.477653892862,0,2.10795736477079e-08,12236.0077835535,-0.000131824772924908,1.72309607407522e-12,-19397967.67593,754.438897719497,736.267083336748,624.930300450145,51123391574179104,37914.9571126364,-3.97012276849178e+24,45078257187745992,-3.97012276849178e+24,"MPA"
"86","Atrina","MT_20",2049,48.0407165417376,22.406775078531,312.513553139809,14676.7002166651,2130.35522569105,-43040960724.1261,528.598588398001,-43095833928.0314,243.496554892715,243.476937931759,0,1.06818574111882e-08,12235.9881665819,-6.67896935021627e-05,8.73162416667399e-13,-19397967.6758649,754.507646541463,736.266868045123,626.017814029084,1.17903115175704e+20,37911.5026632802,-1.39558138496055e+25,158469031080791680,-1.39558138496055e+25,"MPA"
"87","Atrina","MT_20",2050,42.3940689912519,16.8463069309026,248.641794516696,1374.74246230384,1903.62362072579,-58011793888.6776,712.621789416908,-58066667092.5829,243.496164514979,243.476230133601,0,5.41380940262247e-09,12235.9682321951,-3.38450369286376e-05,4.42539197710345e-13,-19397967.675832,754.438902999277,736.26708963113,624.930182582505,431981805857648000,37914.9572532645,-4.9060740656806e+25,557111011663828160,-4.9060740656806e+25,"MPA"
"88","Atrina","MT_20",2051,37.8821100524433,12.4514129533714,195.41336920508,15852.9566849678,1699.82871403142,-78207656569.591,960.922268806464,-78262529773.4963,243.495767820682,243.475530483956,0,2.744280226123e-09,12235.9479948556,-1.71534587603815e-05,2.2432501416325e-13,-19397967.6758153,754.507649339964,736.266871397111,626.017751588287,1.45784837507189e+21,37911.5027378003,-1.72476445252074e+26,1958645335577193984,-1.72476445252074e+26,"MPA"
"89","Atrina","MT_20",2052,33.8265914092253,8.51070203153863,144.516191432259,1168.63862010817,1548.94238163413,-105457765217.874,1296.01723042155,-105512638421.779,243.495365097627,243.474838964641,0,1.39130188187493e-09,12235.9274687212,-8.69516170109293e-06,1.13728950237957e-13,-19397967.6758068,754.438904482226,736.267091416185,624.930149493472,3650154512441183232,37914.9572927759,-6.0638088298743e+26,6886262206903317504,-6.0638088298743e+26,"MPA"
"90","Atrina","MT_20",2053,30.8239533945192,5.6310297124252,105.691187907048,14481.1106913693,1429.36431854192,-142233212770.642,1748.33288498792,-142288085974.547,243.494956627553,243.474155553887,0,7.05472129386935e-10,12235.9066676469,-4.4082984546685e-06,5.76673345322758e-14,-19397967.6758025,754.50765012624,736.266872347717,626.017734053374,1.80260026931148e+22,37911.5027587441,-2.13192344101021e+27,24211559555681374208,-2.13192344101021e+27,"MPA"
"91","Atrina","MT_20",2054,28.4443499389842,3.35926121221285,73.9195962557925,841.125244231771,1351.02457914288,-191873252391.142,2358.98906432036,-191928125595.047,243.494542686173,243.473480226516,0,3.57768507850132e-10,12235.8856051869,-2.23526922008525e-06,2.92450547284231e-14,-19397967.6758004,754.438904899008,736.267091922417,624.930140198235,30843030286392700928,37914.9573038838,-7.49570461298139e+27,85127781111229317120,-7.49570461298139e+27,"MPA"
"92","Atrina","MT_20",2055,26.8853891249433,1.89514325827129,52.8056647821029,10378.1932216384,1298.75687949353,-258890559613.076,3183.56643522163,-258945432816.981,243.494123543218,243.472812954112,0,1.81462271997945e-10,12235.8642945976,-1.13358058333173e-06,1.48332713171274e-14,-19397967.6757993,754.507650347288,736.266872617304,626.017729126009,2.22887906646544e+23,37911.5027646337,-2.63547780234903e+28,2.99314473972991e+20,-2.63547780234903e+28,"MPA"
"93","Atrina","MT_20",2056,25.8452619019213,0.925970389700328,38.5684265143781,468.321045317372,1270.37985580117,-349384979526.652,4297.20359171721,-349439852730.557,243.493699462492,243.472153705196,0,9.20514912524019e-11,12235.8427488402,-5.74959032164114e-07,7.52456939418326e-15,-19397967.6757987,754.438905016211,736.267092065982,624.930137585459,2.60617054189109e+20,37914.9573070083,-9.2665360102896e+28,1.05242337315791e+21,-9.2665360102896e+28,"MPA"
"94","Atrina","MT_20",2057,25.2805591304433,0.41167388257424,30.8597316435943,5209.28524914688,1255.55554828991,-471602649669.608,5801.49449040954,-471657522873.514,243.49327070192,243.471502445385,0,4.67018264108461e-11,12235.8209805836,-2.9166318379915e-07,3.81755126388903e-15,-19397967.6757984,754.507650409466,736.266872693758,626.01772774059,2.75596424512826e+24,37911.5027662909,-3.25820595906108e+29,3.70048497217736e+21,-3.25820595906108e+29,"MPA"
"95","Atrina","MT_20",2058,24.9855554109692,0.14736387479474,26.8774528229525,175.734631058317,1249.51366930915,-636693179971.394,7833.82321019892,-636748053175.3,243.492837513614,243.470859137557,0,2.36970232784062e-11,12235.7990022075,-1.47973803960003e-07,1.93706842583777e-15,-19397967.6757983,754.438905049188,736.267092106697,624.930136850622,2.20215874658614e+21,37914.9573078877,-1.14564046341132e+30,1.30116127606097e+22,-1.14564046341132e+30,"MPA"
"96","Atrina","MT_20",2059,24.8653220192522,0.0443891135533746,25.3196786387394,1512.74710581292,1247.30043355148,-859733954377.398,10579.998920395,-859788827581.303,243.49240014393,243.470223742001,0,1.20256621283433e-11,12235.7768258056,-7.50835715857451e-08,9.83015323145086e-16,-19397967.6757982,754.507650426965,736.26687271544,626.017727350843,3.40769449255459e+25,37911.5027667573,-4.02827562534785e+30,4.57517093863204e+22,-4.02827562534785e+30,"MPA"
"97","Atrina","MT_20",2060,24.8212786276744,0.00901997113971178,24.8049416318771,35.0789754832593,1246.68438510983,-1161116876097.42,14291.3597987515,-1161171749301.32,243.491958833531,243.469596216563,0,6.10348513377508e-12,12235.7544631886,-3.8103094564122e-08,4.98918117075537e-16,-19397967.6757982,754.438905058471,736.267092118243,624.930136643845,1.86077736159461e+22,37914.9573081353,-1.41643622267443e+31,1.60874219407529e+23,-1.41643622267443e+31,"MPA"
"98","Atrina","MT_20",2061,24.8090192636857,0.00118815074980878,24.7128038510813,169.205782955405,1246.49919869542,-1568425400377.74,19307.9292657949,-1568480273581.65,243.491513817453,243.468976516795,0,3.09812496590676e-12,12235.7319258879,-1.93387872513609e-08,2.53250541223618e-16,-19397967.6757982,754.507650431892,736.266872721589,626.017727241144,4.21354586680664e+26,37911.5027668887,-4.98051785377383e+31,5.6567650328382e+23,-4.98051785377383e+31,"MPA"
"99","Atrina","MT_20",2062,24.8053340540388,2.9116500522678e-05,24.7209706432133,2.20026658428063,1246.41203703873,-2118975879179.16,26089.7696950644,-2119030752383.07,243.49106532517,243.468364596083,0,1.5727895447144e-12,12235.7092251589,-9.81635697578015e-09,1.28564808479273e-16,-19397967.6757981,754.438905061085,736.267092121518,624.930136585633,1.57231734302448e+23,37914.957308205,-1.75128907858414e+32,1.98907797067709e+24,-1.75128907858414e+32,"MPA"
"100","Atrina","MT_20",2063,24.8035995370707,2.98615903845148e-07,24.7409560470042,0.99941465179136,1246.34937299599,-2863258504638.29,35259.4402245679,-2863313377842.2,243.490613580661,243.467760405785,0,7.985304281827e-13,12235.686371984,-4.98335777930828e-09,6.52744144393396e-17,-19397967.6757981,754.50765043328,736.266872723333,626.017727210253,5.20996492211212e+27,37911.5027669257,-6.15800243202803e+32,6.99418713428054e+24,-6.15800243202803e+32,"MPA"
"101","Atrina","MT_20",2064,24.8023525226202,1.52867540815933e-09,24.7561483429335,0.00679971583361588,1246.30316859163,-3869596906059.81,47659.4973723505,-3869651779263.71,243.490158802481,243.467163895353,0,4.05471254082639e-13,12235.6633770769,-2.53013063887301e-09,3.31445087592159e-17,-19397967.6757981,754.438905061822,736.267092122446,624.930136569237,1.32857475493068e+24,37914.9573082247,-2.1653442334313e+33,2.45937083627063e+25,-2.1653442334313e+33,"MPA"
"102","Atrina","MT_20",2065,24.8014330549734,4.52025063791313e-11,24.7673546898561,9.62865250426223e-05,1246.26909022543,-5230458634675.44,64430.3761856663,-5230513507879.35,243.489701203829,243.466575012455,0,2.05908854649579e-13,12235.6402508855,-1.28472906032605e-09,1.68316434595761e-17,-19397967.6757981,754.507650433671,736.266872723827,626.01772720155,6.44201709144423e+28,37911.5027669362,-7.61398588306084e+33,8.64792718814844e+25,-7.61398588306084e+33,"MPA"
"103","Atrina","MT_40",2015,386.952821261,386.952821261,2554.78572655005,754.297435158226,21245.3536813918,-3401484.84679041,0.0387915997374887,-68204152.8251183,292.9748645,292.9748645,0,182.66852055842,14539.6864794416,-957183.29761577,0.0124075611923786,-23746650.0399432,505.28949481,505.28949481,10091.7950985098,2338.25330695064,33144.9736915592,-13321861.1953632,0.0904926550324335,-197080137.299961,"MPA"
"104","Atrina","MT_40",2016,422.782538259697,422.092672798884,2494.3421731937,1226.29603490556,22512.7099542192,-5025859.71164111,0.0578525916767938,-69828527.689969,289.339760940887,289.339447854385,0,106.522984652465,14433.1631817026,-565016.087371669,0.007326421495355,-23354482.8296991,659.584976462028,659.42989450739,12253.4703197934,11306.8826898582,34091.4062395397,-33252977.683054,0.354285063229012,-217011253.787651,"MPA"
"105","Atrina","MT_40",2017,448.002928088961,446.225201733202,2420.04909944462,1944.23027017938,22986.7510571286,-7495269.23757443,0.0870138935079814,-72297937.2159023,287.219947315882,287.218952302923,0,62.4583100832063,14370.7038766064,-333633.114937167,0.00432753196479947,-23123099.8572646,678.41898416684,677.581416124334,12116.3516320318,35775.2869174195,21076.9113848689,-130190821.879742,1.37346505516878,-313949097.98434,"MPA"
"106","Atrina","MT_40",2018,457.43634603686,454.005394215437,2379.01395507497,2973.69777464225,22388.6362857399,-11273306.9188949,0.131875044190665,-76075974.8972228,285.977007144468,285.975017960563,0,36.7439143342966,14333.9579730882,-197069.410494533,0.002556994124882,-22986536.152822,419.430536558892,414.676577333987,5552.42642290132,0.229955583755346,26624.3538929616,-504771145.465515,5.37310627975147,-688529421.570112,"MPA"
"107","Atrina","MT_40",2019,445.533862086224,439.671797823467,2395.23022012665,4310.67636738795,20467.3280742159,-17085707.604659,0.201219012666179,-81888375.5829869,285.245763664456,285.242549440592,0,21.6615805987353,14312.2931782656,-116442.000519689,0.00151132657536061,-22905908.7428471,529.824642469936,519.974052458174,5600.03620615694,8855.22093494918,31459.9960719632,-1974701942.26494,21.1874500111482,-2158460218.36954,"MPA"
"108","Atrina","MT_40",2020,407.299828676896,398.007922210222,2419.96948132311,5739.60251663615,17138.4031324361,-26071078.9002242,0.308847163870609,-90873746.8785521,284.814634247486,284.810039431775,0,12.7875404148834,14299.5010430351,-68823.8301375805,0.000893560723044202,-22858290.572465,626.053921832068,613.604455405954,4816.6673194148,131.848805719009,36263.1794793639,-7786738544.11275,84.1645232791849,-7970496820.21735,"MPA"
"109","Atrina","MT_40",2021,341.054222335479,327.233825158608,2288.75476365396,6611.6426176413,12801.6948812719,-40019019.2445375,0.476480259372978,-104821687.222865,284.560070756398,284.554000062951,0,7.55593524159071,14291.9390371,-40691.6164662964,0.000528475611787016,-22830158.3587938,721.637271639342,703.64075255524,4013.69132244935,208367.081398656,39186.8559673475,-30931772966.396,336.584952269829,-31115531242.5006,"MPA"
"110","Atrina","MT_40",2022,254.753728137311,235.627721698337,1801.29349315826,5812.57216612564,8771.29020186557,-61746148.5414942,0.738347939253474,-126548816.519822,284.40958683829,284.401989708557,0,4.46767969586241,14287.4637602744,-24066.1175440428,0.000312650316573035,-22813532.8598715,779.818433750215,761.427221615322,2781.43576000803,3389.7458164079,41948.3783094512,-123700540149.24,1354.20074380484,-123884298425.345,"MPA"
"111","Atrina","MT_40",2023,174.548675017125,150.51141409179,1092.52423807449,2969.57003550781,6984.74237244779,-95689326.9079556,1.14845410474044,-160491994.886283,284.320528829461,284.311386352701,0,2.64302625988745,14284.8115915378,-14237.7080856257,0.000185022144613883,-22803704.4504131,834.772728358078,812.496653447232,2195.29707708506,4211384.8366912,42832.1541318261,-497689540474.892,5477.76004182166,-497873298750.997,"MPA"
"112","Atrina","MT_40",2024,138.996373211711,112.602092863877,851.012288661973,1772.94478289654,6036.41559786539,-148842849.38524,1.79208515310241,-213645517.363568,284.267750671602,284.25706557042,0,1.56424954351668,14283.2366568931,-8425.68077363765,0.000109526017621252,-22797892.4231011,852.359867223339,832.069607153432,1381.27988135051,73149.8988162196,44191.2549722044,-2013167460741.08,22262.462117476,-2013351219017.19,"MPA"
"113","Atrina","MT_40",2025,120.124670397521,92.2661875563348,829.048359232349,2137.63809117341,4847.23799373398,-232260357.304467,2.80404360860961,-297063025.282795,284.236409472172,284.224198849959,0,0.926127466984319,14282.2983188039,-4987.68062035877,6.48540991141537e-05,-22794454.4229478,879.405973946868,856.200400986086,1303.50217229325,76374629.2737997,44084.1227981119,-8181793694786.73,90850.9820084734,-8181977453062.83,"MPA"
"114","Atrina","MT_40",2026,96.4600360753063,67.9764305894646,705.890406151215,1768.08948540306,3757.77218878713,-363416090.794522,4.39755146107165,-428218758.77285,284.217736544197,284.204026823212,0,0.548504174804198,14281.7361049081,-2953.37640898254,3.84133233583506e-05,-22792420.1187364,877.274043682426,856.872944135784,835.628664623255,1390989.37531531,44897.2863335159,-33389239212804.9,372073.831611938,-33389422971081,"MPA"
"115","Atrina","MT_40",2027,74.779666556864,45.4911344934481,551.841903546084,1956.72111620524,2697.82772536872,-569943044.797554,6.91009131500391,-634745712.775882,284.206548487671,284.19137196785,0,0.324955044598937,14281.3959733437,-1749.295880103,2.27587494547176e-05,-22791216.0382076,893.455998036966,870.269497857203,1003.36754560303,1323811574.84431,44456.4282489536,-136742781576278,1528454.53395085,-136742965334554,"MPA"
"116","Atrina","MT_40",2028,53.6867717348374,24.2537469747461,337.66501955027,1047.71701179113,1960.45112597941,-895582974.624508,10.8761294321468,-960385642.602836,284.199779869539,284.183172434493,0,0.192572273155812,14281.1867936355,-1036.40571750055,1.3487600458452e-05,-22790503.148045,884.682922154177,864.422614259341,667.048827981333,24936970.4009192,45101.0912023733,-561732332209841,6295126.87136889,-561732515968117,"MPA"
"117","Atrina","MT_40",2029,39.0129774069902,9.44405451095079,160.392130330358,923.876251346388,1551.85687049578,-1409603012.11964,17.1425316261657,-1474405680.09797,284.195617193346,284.177616803847,0,0.114152709264922,14281.0546405367,-614.208904006324,7.99536843810237e-06,-22790080.9512315,897.511714927228,874.420238994366,915.146379936135,22711192058.4,44561.9656554276,-2313554612179860,25984467.9644824,-2313554795938136,"MPA"
"118","Atrina","MT_40",2030,30.8819517228659,1.46904231150131,50.4914198014396,110.551618443026,1474.45833689242,-2221763388.4385,27.0517886470063,-2286566056.41683,284.19298734668,284.173633062722,0,0.0676856618506103,14280.9676005909,-364.099350964151,4.74086354810908e-06,-22789830.8416784,886.783116543009,866.609397132702,618.752253661391,438068819.866264,45158.3998914996,-9549721930573328,107456183.460913,-9549722114331604,"MPA"
"119","Atrina","MT_40",2031,29.3417209041592,0.014640872678399,29.100415887903,62.3751576419194,1473.03650788065,-3506056072.63576,42.732987123428,-3570858740.61409,284.191255251759,284.170586603391,0,0.0401441064579568,14280.9067878361,-215.89316098605,2.81183154942584e-06,-22789682.6354884,898.652157840842,875.611038828455,890.240821337717,390080192230.212,44591.4894427295,-39491776941602504,445070787.424004,-39491777125360784,"MPA"
"120","Atrina","MT_40",2032,29.3134265068249,7.49210925954618e-05,28.9568865029992,0.332553761823357,1472.67107663197,-5538423152.12146,67.5640171446197,-5603225820.09979,284.190045077938,284.168101663226,0,0.0238154416330602,14280.8610289797,-128.047391019421,1.66813691260833e-06,-22789594.7897185,887.370639910318,867.23334525551,605.205667374332,7649180527.44127,45174.4080915468,-163570878714883872,1845852243.39683,-163570878898642144,"MPA"
"121","Atrina","MT_40",2033,29.3061544249763,2.19610095705224e-06,29.042829482111,0.00800722959844485,1472.4076913156,-8756657140.59901,106.906006539989,-8821459808.57734,284.189134476696,284.165955706058,0,0.0141320289943077,14280.8237181801,-75.9649281721805,9.89879459202546e-07,-22789542.7072556,898.970721021781,875.949861051439,883.283547195241,6722802575457.68,44599.7253445303,-678378688534246784,7663758491.28714,-678378688718004992,"MPA"
"122","Atrina","MT_40",2034,29.3009130571805,1.13379553325927e-08,29.1072234411532,0.000127118876895705,1472.2140003635,-13855588893.3996,169.270629060058,-13920391561.3779,284.188391991784,284.164016925908,0,0.00838797042882983,14280.7909551438,-45.0779082459502,5.87541893231963e-07,-22789511.8202357,887.534534356153,867.410600968857,601.425116204802,133340440961.372,45178.8752553325,-2816558052844348928,31848181095.5027,-2816558053028106752,"MPA"
"123","Atrina","MT_40",2035,29.2970586072337,4.00016569690378e-10,29.1544874102227,3.05099615092078e-06,1472.07142915737,-21938376746.9233,268.175911087259,-22003179414.9016,284.187740007361,284.162207254619,0,0.00497981601110554,14280.760442575,-26.7559443925243,3.48818053886643e-07,-22789493.4982719,899.059617581116,876.046039596613,881.34397992562,116226695736881,44602.0229815018,-11704689458855899136,132452175094.413,-11704689459039655936,"MPA"
"124","Atrina","MT_40",2036,29.2942214402317,2.06917864486829e-12,29.1892186262405,5.91410525050448e-08,1471.96642634313,-34757029051.9464,425.097379587322,-34821831719.9247,284.187132807243,284.160480458753,0,0.00295713630829944,14280.7308330902,-15.884750735563,2.07138274415524e-07,-22789482.6270782,887.580257331885,867.460894551884,600.370600119483,2323407713124.73,45180.1225070261,-48678365941249728512,551200032565.816,-48678365941433483264,"MPA"
"125","Atrina","MT_40",2037,29.2921318842284,7.56788382401962e-14,29.2147658469938,1.40294678933848e-09,1471.8890603059,-55094888695.7088,674.162210510296,-55159691363.6872,284.186543578496,284.158809167005,0,0.00175642122384044,14280.7013422575,-9.43282562949667,1.23032752290529e-07,-22789476.1751531,899.084437889819,876.07332261267,880.803093542768,2014163403113773,44602.6645000555,-2.02574369563485e+20,2295030765090.97,-2.02574369563669e+20,"MPA"
"126","Atrina","MT_40",2038,29.2905923000874,3.91658455865351e-16,29.2335715680861,2.86465857882294e-11,1471.8320395739,-87375019782.4686,1069.61762232676,-87439822450.447,284.185956710925,284.157177184752,0,0.00104347722281053,14280.6715192541,-5.60276225831068,7.309334351722e-08,-22789472.3450897,887.593023551105,867.475159548699,600.076261918813,40481159351832.3,45180.4710613703,-8.43461780365189e+20,9559997440885.03,-8.43461780365373e+20,"MPA"
"127","Atrina","MT_40",2039,29.2894575875206,1.44533197454513e-17,29.2474223631774,6.69734427596782e-13,1471.79000434955,-138628151286.819,1697.71587957659,-138692953954.798,284.185363233157,284.155574939728,0,0.000620057467129456,14280.6411109032,-3.32858219509301,4.34339527145557e-08,-22789470.0709097,899.091374121268,876.081060521845,880.652120567499,34964037098025592,44602.8437921496,-3.51344401233315e+21,39836822181998.6,-3.51344401233333e+21,"MPA"
"128","Atrina","MT_40",2040,29.2886210865561,7.48093685284094e-20,29.2576278907172,1.40314130290437e-14,1471.75901115371,-220033036931.473,2695.63209008345,-220097839599.452,284.184758106974,284.153996782507,0,0.000368530395269172,14280.6099810484,-1.97792952760211,2.58150558868927e-08,-22789468.720257,887.596591463777,867.479205189354,599.994027031382,705311893126823,45180.5685609111,-1.46406913016242e+22,166051214724617,-1.46406913016244e+22,"MPA"
"129","Atrina","MT_40",2041,29.2880043219589,2.76706081342842e-21,29.2651497668696,3.22950917588365e-16,1471.73615659863,-349368302650.808,4281.58306188664,-349433105318.786,284.184138622862,284.152439386071,0,0.000219081065302992,14280.5780627305,-1.17558634078665,1.53464082796264e-08,-22789467.9179138,899.093314362131,876.083255000461,880.609938186143,607662815620530432,44602.8939492624,-6.10263391400352e+22,692321112236840,-6.10263391400354e+22,"MPA"
"130","Atrina","MT_40",2042,29.2875495163127,1.43225851997203e-23,29.270694910835,6.8975296778148e-18,1471.71930199315,-554916011162.144,6802.78968494249,-554980813830.123,284.183503448337,284.15090079681,0,0.000130263972577298,14280.545329815,-0.698856826470929,9.1249015328001e-09,-22789467.4411843,887.597589590323,867.480352525298,599.971028953724,12289017553880338,45180.5958591178,-2.54439464048511e+23,2887104144957958,-2.54439464048511e+23,"MPA"
"131","Atrina","MT_40",2043,29.2872141096636,5.30082477991764e-25,29.2747834698184,1.56247986342226e-19,1471.7068713533,-881677842559.444,10811.8702011746,-881742645227.422,284.182852063319,284.149379871751,0,7.74692847604524e-05,14280.5117801542,-0.415536954078251,5.42669242775001e-09,-22789467.1578644,899.093857596444,876.083877347185,880.598140650619,10569589640742936576,44602.9079935676,-1.06105454846299e+24,12041799012994852,-1.06105454846299e+24,"MPA"
"132","Atrina","MT_40",2044,29.2869667399307,2.74378365694415e-27,29.2777984186658,3.39543463517256e-21,1471.69770303204,-1401276069742.99,17188.5426811859,-1401340872410.97,284.182184425068,284.147875944808,0,4.60806255687239e-05,14280.4774255933,-0.247124995517782,3.22794153279656e-09,-22789466.9894525,887.597869071995,867.480677904955,599.964591215933,214121561463993952,45180.6035087364,-4.42556038346025e+24,50232106585945776,-4.42556038346025e+24,"MPA"
"133","Atrina","MT_40",2045,29.2867842903376,1.01563795989909e-28,29.2800218727894,7.57128740939742e-23,1471.69094061449,-2227726848800.41,27333.549046393,-2227791651468.39,284.181500769306,284.146388628902,0,2.7415024995771e-05,14280.4422860378,-0.146996545337234,1.92042531266179e-09,-22789466.889324,899.094009823854,876.084053841844,880.594838059298,1.83948632686815e+20,44602.911929407,-1.84610608040022e+25,209566590360311680,-1.84610608040022e+25,"MPA"
"134","Atrina","MT_40",2046,29.2866497182283,5.2571007268232e-31,29.2816617254762,1.67259738964248e-24,1471.68595262174,-3542573807045.49,43477.7199518431,-3542638609713.47,284.180801492153,284.144917698671,0,1.63131671137523e-05,14280.4063859312,-0.0874538415671664,1.14274255700341e-09,-22789466.8297813,887.597947395199,867.480770181049,599.96278755538,3730861938097844224,45180.6056540608,-7.70191894894078e+25,874388461710670208,-7.70191894894078e+25,"MPA"
"135","Atrina","MT_40",2047,29.2865504571726,1.94604409092402e-32,29.2828712160235,3.67276526020396e-26,1471.68227338059,-5634944500988.02,69174.6396611063,-5635009303656,284.180087080031,284.143463021014,0,9.70879238751673e-06,14280.3697521634,-0.052039111413954,6.8010589395318e-10,-22789466.7943666,899.094052515811,876.084103894854,880.593912734886,3.20258869318658e+21,44602.9130332751,-3.21351017390607e+26,3648559158877500416,-3.21351017390607e+26,"MPA"
"136","Atrina","MT_40",2048,29.2864772402737,1.00730339322384e-34,29.2837633202544,8.24244613970429e-28,1471.67955946057,-8965402412958.29,110086.126706901,-8965467215626.26,284.179358068051,284.142024514021,0,5.7791956553338e-06,14280.3324128302,-0.0309711984208917,4.04836634837288e-10,-22789466.7732987,887.597969362175,867.480796350085,599.962281813415,65007264804041932800,45180.6062561601,-1.34090586067928e+27,15225333695657795584,-1.34090586067928e+27,"MPA"
"137","Atrina","MT_40",2049,29.2864232332653,3.72881767520131e-36,29.2844213418361,1.78328093168984e-29,1471.67755756914,-14267749436014.9,175234.796552458,-14267814238682.8,284.17861501532,284.140602122748,0,3.44066852459512e-06,14280.2943964969,-0.0184357699076301,2.41021736315278e-10,-22789466.7607632,899.094064497587,876.084118089634,880.593653268127,5.57723891004208e+22,44602.9133430987,-5.59554098352858e+27,63538343150255751178,-5.59554098352858e+27,"MPA"
"138","Atrina","MT_40",2050,29.2863833956259,1.93009565777834e-38,29.284906712026,4.06282978411282e-31,1471.67608088554,-22711364678477.6,279001.813877772,-22711429481145.6,284.177858490289,284.139195805001,0,2.04875279171901e-06,14280.2557317629,-0.0109758379060181,1.43517147499041e-10,-22789466.7533033,887.597975527664,867.48080377149,599.9621398979,1.13270636147095e+21,45180.6064252592,-2.33513924256543e+28,2.65169971230679e+20,-2.33513924256543e+28,"MPA"
"139","Atrina","MT_40",2051,29.2863540096223,7.14481258255939e-40,29.2852647361372,8.6660635851189e-33,1471.67499161206,-36160123820144.9,444313.73210539,-36160188622812.9,284.177089062081,284.137805523038,0,1.22012869034436e-06,14280.2164470037,-0.00653559705690883,8.54713636121935e-11,-22789466.7488631,899.094067862657,876.084122115201,880.593580457915,9.71437291562307e+23,44602.913430116,-9.74539849991694e+28,1.10669754184428e+21,-9.74539849991694e+28,"MPA"
"140","Atrina","MT_40",2052,29.2863323330799,3.69826938905441e-42,29.285528828617,2.00297165271339e-34,1471.67418810759,-57585430519674.7,707727.052960431,-57585495322342.6,284.176307295374,284.136431238807,0,7.26756934193062e-07,14280.1765702204,-0.00389226237490433,5.09102044440426e-11,-22789466.7462197,887.597977259308,867.480805876163,599.962100047462,1.97367054674691e+22,45180.6064727806,-4.06729658260373e+29,4.61898711001132e+21,-4.06729658260373e+29,"MPA"
"141","Atrina","MT_40",2053,29.2863163433411,1.36902332930561e-43,29.2857236349966,4.21484435374585e-36,1471.67359539925,-91725202464550.6,1127541.93303018,-91725267267218.6,284.175513747386,284.13507291126,0,4.32950591250464e-07,14280.1361289513,-0.00231838905055623,3.0328754072288e-11,-22789466.7446458,899.094068808334,876.084123256831,880.593560012227,1.6922445129608e+25,44602.913454571,-1.6975477971101e+30,1.92786043533444e+22,-1.6975477971101e+30,"MPA"
"142","Atrina","MT_40",2054,29.286304548445,7.08628401781068e-46,29.2858673336869,9.87583409559584e-38,1471.67315818449,-146135451035593,1796751.78286501,-146135515838261,284.174708966131,284.133730494905,0,2.57959353545693e-07,14280.0951502221,-0.00138113472951999,1.80704100002902e-11,-22789466.7437086,887.597977745963,867.480806473038,599.962088850091,3.43900859978042e+23,45180.6064861433,-7.08520608735476e+30,8.04661845522996e+22,-7.08520608735476e+30,"MPA"
"143","Atrina","MT_40",2055,29.2862958478713,2.62319718797092e-47,29.2859733333012,2.05155613980005e-39,1471.67283566992,-232868618448940,2863714.32465537,-232868683251608,284.17389348942,284.132403939084,0,1.53718533609662e-07,14280.0536605181,-0.000822904587349084,1.07682065608354e-11,-22789466.7431504,899.094069074251,876.084123580592,880.593554267258,2.94813574103787e+26,44602.9134614477,-2.95725428700308e+31,3.35860379620312e+23,-2.95725428700308e+31,"MPA"
"144","Atrina","MT_40",2056,29.2862894298314,1.35780888155378e-49,29.2860515243642,4.8698123516388e-41,1471.67259776445,-371152657130846,4565153.32380344,-371152721933514,284.17306784431,284.13109318768,0,9.16139175482511e-08,14280.0116857698,-0.000490371086455463,6.41769314735322e-12,-22789466.7428178,887.59797788281,867.480806642308,599.962085701926,5.99228882151505e+24,45180.6064899028,-1.23434246720595e+32,1.40187805566105e+24,-1.23434246720595e+32,"MPA"
"145","Atrina","MT_40",2057,29.2862846955126,5.0263305766354e-51,29.2861092024649,9.99339049037918e-43,1471.6724222714,-591668230225189,7278854.47841063,-591668295027857,284.172232546819,284.129798179073,0,5.46078706788098e-08,14279.9692513475,-0.000292253974314445,3.82536623351279e-12,-22789466.7426197,899.094069149065,876.084123672409,880.593552652045,5.13637108691352e+27,44602.9134633825,-5.15211441053123e+32,5.85149541172928e+24,-5.15211441053123e+32,"MPA"
"146","Atrina","MT_40",2058,29.286281203201,2.60170921742033e-53,29.2861517491298,2.40149303198844e-44,1471.67229281733,-943378380054018,11607820.6451126,-943378444856686,284.171388101815,284.128518846238,0,3.25541179336365e-08,14279.9263820593,-0.000174202545993496,2.28046774981907e-12,-22789466.7425017,887.597977921312,867.480806690312,599.962084816325,1.04412575774673e+26,45180.606490961,-2.15052138376895e+33,2.44246097408361e+25,-2.15052138376895e+33,"MPA"
"147","Atrina","MT_40",2059,29.2862786270649,9.63099514498833e-55,29.2861831340218,4.87142051548552e-46,1471.67219732429,-1504435494434428,18514686.9694463,-1504435559237096,284.170535002981,284.127255116924,0,1.94093905817124e-08,14279.8831021539,-0.000103849739876773,1.35965922111656e-12,-22789466.7424313,899.094069170124,876.084123698448,880.593552197676,8.94915537158678e+28,44602.9134639271,-8.97641441125689e+33,1.01951106545455e+26,-8.97641441125689e+33,"MPA"
"148","Atrina","MT_40",2060,29.2862767267534,4.98515735561973e-57,29.2862062853632,1.18433661721086e-47,1471.6721268829,-2399602224807402,29536442.7890604,-2399602289610070,284.169673732862,284.12600691388,0,1.1573682318852e-08,14279.8394353233,-6.19172345253024e-05,8.1075540176756e-13,-22789466.7423894,887.597977932149,867.480806703926,599.962084567073,1.81933756927132e+27,45180.606491259,-3.74687185578407e+34,4.25558283341184e+26,-3.74687185578407e+34,"MPA"
"149","Atrina","MT_40",2061,29.2862753249697,1.84540324931584e-58,29.2862233631651,2.37628029033913e-49,1471.6720749211,-3828080590640709,47127486.9003352,-3828080655443377,284.168804762934,284.124774155093,0,6.90213355086157e-09,14279.7954047086,-3.69208192686738e-05,4.8350584336048e-13,-22789466.7423644,899.094069176055,876.084123705832,880.593552069797,1.55926206522042e+30,44602.9134640805,-1.56399121538901e+35,1.7763502161995e+27,-1.56399121538901e+35,"MPA"
"150","Atrina","MT_40",2062,29.2862742909298,9.55210281421554e-61,29.2862359607707,5.84103201893574e-51,1471.67203659094,-6107973772510831,75207790.7159599,-6107973837313499,284.167928553701,284.123556754044,0,4.11666751999124e-09,14279.7510329048,-2.20182706438703e-05,2.8837937468552e-13,-22789466.7423495,887.597977935202,867.480806707787,599.962084496888,3.17010788872239e+28,45180.606491343,-6.52838096280945e+35,7.41480986341877e+27,-6.52838096280945e+35,"MPA"
"151","Atrina","MT_40",2063,29.2862735281596,3.53599301438869e-62,29.2862452535196,1.15991247876207e-52,1471.6720083163,-9747330982299838,120038914.360131,-9747331047102506,284.167045554805,284.122354619956,0,2.45559867373206e-09,14279.7063419675,-1.31324475350999e-05,1.72018750947594e-13,-22789466.7423406,899.094069177726,876.084123707926,880.593552033789,2.71683932405062e+31,44602.9134641237,-2.72505504982345e+36,3.09508892576127e+28,-2.72505504982345e+36,"MPA"
"152","Atrina","MT_40",2064,29.2862729654943,1.83028662362509e-64,29.28625210841,2.88085685169187e-54,1471.67198745921,-15557683823517030,191624139.783133,-15557683888319700,284.166156205153,284.121167658047,0,1.46492947347952e-09,14279.6613534189,-7.83352562744928e-06,1.02620725303103e-13,-22789466.7423353,887.597977936061,867.480806708882,599.962084477118,5.52376236434013e+29,45180.6064913667,-1.13749639214494e+37,1.29195534310043e+29,-1.13749639214494e+37,"MPA"
"153","Atrina","MT_40",2065,29.2862725504383,6.77534658353841e-66,29.2862571649904,5.6653246206666e-56,1471.67197207376,-24835511013998176,305946573.932306,-24835511078800844,284.165260933037,284.119995769771,0,8.74022025926564e-10,14279.6160882548,-4.67322357092705e-06,6.12266747763214e-14,-22789466.7423321,899.094069178196,876.08412370852,880.593552023645,4.73384568062709e+32,44602.9134641359,-4.74813177506201e+37,5.39290843044026e+29,-4.74813177506201e+37,"MPA"
"154","Atrina","MT_60",2015,430.597185249,430.597185249,2861.80413692119,965.315416303748,23534.5382306174,-3910015.29027599,0.0446119423036549,-76440942.5991189,328.238636018,328.238636018,0,236.426392872011,16257.977427128,-1105810.22703761,0.0143337337591636,-26777305.1494173,563.072910686,563.072910686,11248.6979543433,2958.18752591048,36585.6315684328,-15112672.0485873,0.10352282789566,-219470180.167768,"MPA"
"155","Atrina","MT_60",2016,468.337310789287,467.454544301909,2802.90621654979,1748.53339082436,24588.0282898555,-6469276.84134504,0.0744918620205054,-79000204.150188,323.533750799847,323.533346894745,0,155.000177008085,16102.9768462148,-735279.346320273,0.00953388383552038,-26406774.2687,728.054068211813,727.857176069038,13567.5692656,15671.8082098554,34481.1957320346,-42305608.067117,0.44739932037272,-246663116.186297,"MPA"
"156","Atrina","MT_60",2017,489.301762968124,486.859761775671,2745.81909478137,3054.96993095286,24276.4354524915,-10802087.2721448,0.125427889844754,-83333014.5809877,320.449239239675,320.447898746271,0,102.144478788328,16000.8310269331,-489065.016394354,0.00634341357390086,-26160559.938774,686.175795067489,685.040681508642,12393.68987842,45440.3179958236,23473.5173568971,-182841889.157297,1.93056683026341,-387199397.276477,"MPA"
"157","Atrina","MT_60",2018,483.101065504582,478.019988845826,2748.04765338593,5027.82020768243,21991.5818215363,-18188515.2297148,0.212786425450152,-90719442.5385578,318.416537435968,318.41375215179,0,67.5507613773526,15933.2774802715,-325403.500019427,0.00422198814008413,-25996898.4223991,467.122995402252,461.631279250048,6192.67780535557,0.0407352092265538,29660.6627108912,-789051655.780738,8.40173205537715,-993409163.899918,"MPA"
"158","Atrina","MT_60",2019,437.632478248572,428.314342387488,2776.04772611171,7438.182774506,17320.1286372809,-30857910.7382984,0.363405381953666,-103388838.047141,317.072221857404,317.067564864305,0,44.7824269325606,15888.4903963459,-216579.740525184,0.00281092911342402,-25888074.6629049,590.247187946736,579.075027947406,6249.96836411032,17145.4677832981,35059.3259670858,-3433907890.09564,36.8513576797083,-3638265398.21482,"MPA"
"159","Atrina","MT_60",2020,344.67055988189,329.139815357131,2556.33537064836,8914.46331903791,10946.4699443666,-52705074.4172569,0.624281386695604,-125236001.7261,316.180958887283,316.174098123716,0,29.7396224178366,15858.7439131645,-144195.530430421,0.00187205977296495,-25815690.4528101,697.680586745008,683.626748089314,5380.15475917522,283.255150275427,40424.2814458551,-15061703186.8248,162.813526040017,-15266060694.9439,"MPA"
"160","Atrina","MT_60",2021,217.834751892895,194.729713083721,1693.64677366233,6505.64516079135,6651.3440086385,-90550972.0089686,1.0778955822249,-163081899.317812,315.589003871973,315.579696713609,0,19.7745521738654,15838.9600538322,-96033.4084111717,0.0012471664995387,-25767528.3307909,804.443200772516,784.238459280934,4485.59773545629,499412.298948592,43695.1178440408,-66544155809.1259,724.113142028635,-66748513317.245,"MPA"
"161","Atrina","MT_60",2022,132.361745771906,103.990685937274,926.029269083359,2555.68948783526,4993.31273005197,-156357763.049101,1.86928317924119,-228888690.357944,315.195305071262,315.183385558369,0,13.1608246873878,15825.787309632,-63977.5429268196,0.000831116674175303,-25735472.4653065,869.532845096411,848.922595539708,3110.39309614696,9013.97051973652,46783.2049116379,-295955912139.092,3239.78907042327,-296160269647.211,"MPA"
"162","Atrina","MT_60",2023,99.3669233280342,68.6995488399378,765.782842628382,2719.51213121582,3197.44233844509,-271157762.644294,3.25388931622879,-343688689.953137,314.933167461676,314.9185318136,0,8.76540971504932,15817.0072642688,-42634.9193054168,0.000554026156230992,-25714129.8416851,930.985777741595,906.0760106519,2454.37638130652,12490705.2970065,47775.133718576,-1324146061020.02,14572.6173487495,-1324350418528.13,"MPA"
"163","Atrina","MT_60",2024,63.6291025350573,31.9133292092124,437.1100529348,1643.58005881234,1960.68983088095,-472012795.327858,5.68223240965788,-544543722.636701,314.75844455895,314.741037583976,0,5.84132851159738,15811.1485287823,-28420.6458250435,0.00036942569504764,-25699915.5682047,950.725160999662,928.052857838422,1544.4829246093,240743.146884812,49294.8385225008,-5956047466569.94,65855.7827397885,-5956251824078.06,"MPA"
"164","Atrina","MT_60",2025,39.017727634531,6.62571560463226,134.657623036907,782.004158067977,1625.11435385665,-824274103.933839,9.94981497881686,-896805031.242682,314.641855722767,314.621659163161,0,3.89456538311605,15807.2337668395,-18950.9473804581,0.000246405441457004,-25690445.8697602,980.967286597767,955.058782079514,1456.21249461055,280187314.664474,49177.6052109967,-26916149872473.7,298832.051241174,-26916354229981.8,"MPA"
"165","Atrina","MT_60",2026,32.3397756417473,4.51574333187991e-05,38.0721517066466,1.62783837436864,1630.78141468653,-1443338612.01288,17.462716456921,-1515869539.32172,314.563951960107,314.54097501421,0,2.59767794970974,15804.6131119439,-12640.2081677652,0.000164398417425331,-25684135.1305475,978.634343698834,955.863106761854,933.407842400064,5663945.96370012,50085.9396911017,-122137144997984,1360813.1885999,-122137349355492,"MPA"
"166","Atrina","MT_60",2027,32.4525501522619,4.76275449213374e-05,36.708781043355,0.00144561295437938,1635.03763557672,-2533174035.90201,30.7083982450573,-2605704963.21085,314.511800927684,314.48607281112,0,1.73328669587483,15802.8540971315,-8433.37938207016,0.000109715217049245,-25679928.3017618,996.710199852924,970.83708683596,1119.98451382208,6005308386.3922,49594.8264040544,-556182709558185,6215729.84596975,-556182913915693,"MPA"
"167","Atrina","MT_60",2028,32.5372489479767,6.70604818821661e-09,35.6977071636841,0.00252530099768775,1638.19803742725,-4454617201.76348,54.0907217507496,-4527148129.07232,314.476796532917,314.448360787184,0,1.15691123226602,15801.6687501535,-5628.21816705792,7.32412467250711e-05,-25677123.1405468,986.937045440683,964.331130892375,744.510493021767,125599334.850103,50314.3598600116,-2540462087391440,28465265.340559,-2540462291748948,"MPA"
"168","Atrina","MT_60",2029,32.6001409448023,7.07286902411206e-09,34.9429167928597,6.67032339341904e-07,1640.54081327382,-7846500414.77294,95.4116112312222,-7919031342.08178,314.453208128055,314.422118348942,0,0.772438478182242,15800.8652218962,-3757.16114587168,4.89059762303241e-05,-25675252.0835256,1001.25576121423,975.493072046933,1021.11959260727,127384492445.314,49713.1169172135,-11634137581243102,130646701.310943,-11634137785600610,"MPA"
"169","Atrina","MT_60",2030,32.6467621841491,9.95873303630873e-13,34.3812088527908,1.16823542749938e-06,1642.27525993409,-13840585277.2627,168.501225152107,-13913116204.5716,314.437217915735,314.403534594988,0,0.515886672513306,15800.3156519029,-2508.8000735402,3.26650389792176e-05,-25674003.7224532,989.291026652548,966.784200496538,690.380689912967,2728912769.98144,50378.5986484124,-53397267828643056,600750085.387915,-53397268033000576,"MPA"
"170","Atrina","MT_60",2031,32.6812776726885,1.05034757333948e-12,33.9641439856278,3.09271756964871e-10,1643.55812624703,-24443100225.9169,297.888715204306,-24515631153.2258,314.426281472869,314.390069690649,0,0.344639729808938,15799.9348003909,-1675.66547767116,2.18231363445272e-05,-25673170.5878574,1002.53411310341,976.828905582978,993.204699636435,2705194648594.14,49746.2118221412,-245534653807690944,2766776076.15743,-245534654012048448,"MPA"
"171","Atrina","MT_60",2032,32.706806712316,1.47890920114073e-16,33.6550029055422,5.42696766940373e-10,1644.50632244026,-43212289497.2162,527.099728158711,-43284820424.5251,314.418702527779,314.380030282893,0,0.230299106128804,15799.6658290399,-1119.49284737624,1.45834936031319e-05,-25672614.4152271,989.94961526061,967.48415103035,675.196103374044,58932105584.1797,50396.5442423083,-1130822911160779904,12759375276.7598,-1130822911365137408,"MPA"
"172","Atrina","MT_60",2033,32.7256758165612,1.55980553444313e-16,33.4261469957499,1.43909214998722e-13,1645.20679361945,-76462064135.1806,933.401711153074,-76534595062.4894,314.413349997894,314.372287009,0,0.153932770939557,15799.4708332801,-748.110490663842,9.74796799487632e-06,-25672243.0328704,1002.89123042193,977.209001706211,985.405991288424,57647226657496.6,49755.4446568678,-5214928564559377408,58907015554.8257,-5214928564763734016,"MPA"
"173","Atrina","MT_60",2034,32.739615193027,2.19623562278903e-20,33.2568838181517,2.52895650275429e-13,1645.72406224457,-135400983323.186,1654.01579849113,-135473514250.495,314.409469582273,314.366086432757,0,0.102914939709637,15799.3245351908,-500.055575437602,6.5173704990909e-06,-25671994.9779551,990.13334867167,967.682999981328,670.958056464546,1270530434694.21,50401.5524089784,-24076181436121079808,272212256134.072,-24076181436325437440,"MPA"
"174","Atrina","MT_60",2035,32.749908838667,2.31636971135559e-20,33.1317820382462,6.71461320732841e-17,1646.10593544415,-239934599296.076,2932.72623804587,-240007130223.384,314.406558250298,314.360925781535,0,0.0688226201287626,15799.210080102,-334.33096193757,4.35847154350517e-06,-25671829.2533416,1002.99089293867,977.316896882621,983.231673243313,1232355966293436,49758.0205958019,-1.11256816065962e+20,1258881511116.66,-1.11256816066166e+20,"MPA"
"175","Atrina","MT_60",2036,32.7575081153386,3.26149225867756e-24,33.0393668498977,1.18133987406722e-16,1646.38779417871,-425426707176.882,5202.7841211917,-425499238104.191,314.404280594029,314.356469476775,0,0.0460348370525017,15799.1162341476,-223.58280953173,2.91539367677969e-06,-25671718.5051892,990.184609856458,967.739420468459,669.775844317193,27380044685058.1,50402.9508016913,-5.1452376899773e+20,5825622096623.31,-5.14523768997935e+20,"MPA"
"176","Atrina","MT_60",2037,32.7631171041564,3.43989588522723e-24,32.9711235646378,3.13967936196779e-20,1646.59580063919,-754725513795.515,9234.408029781,-754798044722.824,314.402413059538,314.352493492274,0,0.0307993823007995,15799.0355151981,-149.555162078266,1.95055903523891e-06,-25671644.4775418,1003.01872095366,977.347503606829,982.625279388848,26408573508131000,49758.7398640688,-2.38101022671523e+21,26973242113779.9,-2.38101022671544e+21,"MPA"
"177","Atrina","MT_60",2038,32.7672564327199,4.84343831009588e-28,32.9207438210544,5.52902270968832e-20,1646.74928802753,-1339560355096.48,16397.2836671808,-1339632886023.79,314.400806752442,314.34884824976,0,0.0206108011402899,15798.9629458943,-100.060646522581,1.30532186838622e-06,-25671594.9830262,990.19892329497,967.75542327932,669.445841795742,589993722169601,50403.3416168208,-1.10243689104124e+22,124944707420070,-1.10243689104126e+22,"MPA"
"178","Atrina","MT_60",2039,32.7703108317478,5.10837438565813e-28,32.8835592301746,1.4706512128788e-23,1646.86253642595,-2378620379453.53,29127.840746955,-2378692910380.84,314.399362623296,314.345433867908,0,0.0137956694798192,15798.8952214694,-66.9609835446535,8.73716409512157e-07,-25671561.8833632,1003.02649817473,977.356184177607,982.456010997374,566900715844252288,49758.9408974735,-5.10665850123004e+22,578980237108448,-5.10665850123006e+22,"MPA"
"179","Atrina","MT_60",2040,32.7725644748765,7.19268751942902e-32,32.8561179477393,2.59190302210691e-23,1646.94608989882,-4225338599761.9,51761.2602025279,-4225411130689.21,314.398014907241,314.342183646848,0,0.00923598819330923,15798.8301542208,-44.8202945904232,5.84945620472543e-07,-25671539.7426743,990.202923859722,967.759961775707,669.353637134147,12713399946484936,50403.4509437899,-2.36637913171423e+23,2683757231091612,-2.36637913171423e+23,"MPA"
"180","Atrina","MT_60",2041,32.7742271889865,7.58612752674179e-32,32.8358692381723,6.89883985409399e-27,1647.007731948,-7508584402327.31,92013.2543153521,-7508656933254.62,314.396720068994,314.339053044741,0,0.00618463866597255,15798.7663025579,-30.0068019411501,3.91697137787902e-07,-25671524.9291816,1003.02867378142,977.358645996272,982.408714001267,12184163487395592192,49758.9971397848,-1.09688773216003e+24,12443245633965526,-1.09688773216003e+24,"MPA"
"181","Atrina","MT_60",2042,32.7754538657652,1.06814106921341e-35,32.8209291021382,1.21670957977505e-26,1647.05320718438,-13347613320393.8,163619.686174802,-13347685851321.1,314.395449420902,314.336012318092,0,0.00414222234419686,15798.7027232327,-20.0934550387782,2.62345131236502e-07,-25671515.0158347,990.204043081717,967.761248884674,669.327849439566,273958027795964576,50403.4815550329,-5.08574125856943e+24,57705334958179328,-5.08574125856943e+24,"MPA"
"182","Atrina","MT_60",2043,32.7763588229691,1.12656838569938e-35,32.8099064683433,3.24042482843772e-30,1647.08675482975,-23734975128480.5,291039.807896141,-23735047659407.8,314.394184192331,314.333041606864,0,0.00277484274747768,15798.6388058045,-13.4578980220045,1.75744261834595e-07,-25671508.3802777,1003.02928294515,977.359344159753,982.395485285196,2.62088908478933e+20,49759.0128887749,-2.3584947719764e+25,267654470455029664,-2.3584947719764e+25,"MPA"
"183","Atrina","MT_60",2044,32.777026421112,1.586229543072e-39,32.8017744799662,5.71851143992513e-30,1647.1115028886,-42218774300989.2,517838.269936758,-42218846831916.5,314.39291223551,314.330127651468,0,0.00185920405039544,15798.5741620164,-9.01540789979601,1.17753192088539e-07,-25671503.9377876,990.20435648662,967.76161390338,669.320630445256,5903558698102069248,50403.4901334489,-1.09394399454185e+26,1241641029495939072,-1.09394399454185e+26,"MPA"
"184","Atrina","MT_60",2045,32.7775189074832,1.67299629907804e-39,32.7957752740984,1.52380131467288e-33,1647.12975925522,-75118579829039.9,921626.558215203,-75118652359967.2,314.391625824127,314.327261599326,0,0.00124594049720356,15798.5085518511,-6.04055605085014,7.89124446114941e-08,-25671500.9629357,1003.02945365563,977.359542155698,982.391781861194,5.64094878238551e+21,49759.0173025484,-5.07475414294354e+26,5760629320315965440,-5.07475414294354e+26,"MPA"
"185","Atrina","MT_60",2046,32.7778822091789,2.35561035506979e-43,32.7913495922289,2.69064373584775e-33,1647.14322663827,-133692857799612,1640702.5732032,-133692930330539,314.390320181837,314.324437539124,0,0.00083511637755114,15798.441834092,-4.0480859905479,5.28929139230936e-08,-25671498.9704657,990.204444320713,967.761717420917,669.31860780331,1.27218267298895e+20,50403.4925393583,-2.35445566774379e+27,26729263160887762944,-2.35445566774379e+27,"MPA"
"186","Atrina","MT_60",2047,32.7781502101016,2.48446224149211e-43,32.7880847754941,7.17317869632209e-37,1647.15316120366,-238003358144866,2921556.89514932,-238003430675793,314.388992498432,314.321651521177,0,0.000559853086392765,15798.3739332617,-2.71332444327162,3.54590112803027e-08,-25671497.6357041,1003.02950153323,977.359598306365,982.390744181777,1.21458423932567e+23,49759.0185405141,-1.09246099100632e+28,1.24033763275256e+20,-1.09246099100632e+28,"MPA"
"187","Atrina","MT_60",2048,32.7783479079529,3.49816971266696e-47,32.7856763586227,1.2672676571521e-36,1647.16048965433,-423806461581449,5203607.39421494,-423806534112376,314.387641271908,314.318900902624,0,0.000375384632248439,15798.3048175078,-1.81899228658358,2.3775565783759e-08,-25671496.741372,990.20446895623,967.761746777969,669.318040634363,2.74150571119486e+21,50403.4932146197,-5.06944607424337e+28,5.75602155214193e+20,-5.06944607424337e+28,"MPA"
"188","Atrina","MT_60",2049,32.7784937441212,3.68951959594984e-47,32.7838997152387,3.38001300254449e-40,1647.16589562545,-754844939307123,9270365.5858072,-754845011838050,314.386265868405,314.316183909726,0,0.000251740002960585,15798.2344838091,-1.21964965657769,1.59444014766686e-08,-25671496.1420294,1003.02951497093,977.35961423041,982.390453197197,2.6158990439579e+24,49759.0188879888,-2.35256354468453e+29,2.67134201351691e+21,-2.35256354468453e+29,"MPA"
"189","Atrina","MT_60",2050,32.7786013229464,5.19491320467466e-51,32.7825891286204,5.97433398011971e-40,1647.16988343112,-1344776424861162,16519168.2207689,-1344776497392089,314.384866227801,314.313499345294,0,0.000168849329000878,15798.1629480773,-0.817923073906457,1.06944080342876e-08,-25671495.7403028,990.204475870976,967.76175510348,669.317881475381,5.90788014918578e+22,50403.4934042733,-1.09181757657286e+30,1.23981472600216e+22,-1.09181757657286e+30,"MPA"
"190","Atrina","MT_60",2051,32.7786806802793,5.47907495697036e-51,32.7816223458934,1.59412222953848e-43,1647.17282509674,-2396301178846272,29442558.2384206,-2396301251377199,314.383442666738,314.310846393175,0,0.000113270254269902,15798.0902385334,-0.548606552051759,7.17421733424115e-09,-25671495.4709862,1003.02951874504,977.359618746388,982.3903715393,5.6350142468122e+25,49759.0189855843,-5.06728979392217e+30,5.75441186653612e+22,-5.06728979392217e+30,"MPA"
"191","Atrina","MT_60",2052,32.7787392194251,7.71464091818704e-55,32.7809091803873,2.81899996355268e-43,1647.1749950577,-4270992102754521,52487544.6003806,-4270992175285449,314.381995746816,314.308224487628,0,7.59976121454629e-05,15798.0163912766,-0.368026227625864,4.81348558695943e-09,-25671495.2904059,990.204477813129,967.761757464553,669.317836781211,1.27313997611019e+24,50403.493457573,-2.35191450098382e+31,2.67090785526084e+23,-2.35191450098382e+31,"MPA"
"192","Atrina","MT_60",2053,32.7787824016482,8.13663177641188e-55,32.7803831019307,7.52486726208887e-47,1647.17659575798,-7613940564059712,93589642.6244114,-7613940636590640,314.380526186405,314.305633226128,0,5.09975950712171e-05,15797.9414473188,-0.246924349200996,3.23005818289162e-09,-25671495.169304,1003.0295198057,977.359620027096,982.390348608247,1.21401566993248e+27,49759.0190130132,-1.09163601878305e+32,1.23973375358714e+24,-1.09163601878305e+32,"MPA"
"193","Atrina","MT_60",2054,32.7788142555838,1.14565310625422e-58,32.7799950321931,1.33126360913703e-46,1647.17777653459,-13576287132103532,166912074.846541,-13576287204634458,314.379034801644,314.303072311201,0,3.42265641290458e-05,15797.8654506018,-0.165696978173844,2.16782754326813e-09,-25671495.0880767,990.204478358963,967.761758134141,669.317824222388,2.74360746539045e+25,50403.4934725609,-5.06697792933839e+32,5.75449704911436e+24,-5.06697792933839e+32,"MPA"
"194","Atrina","MT_60",2055,32.7788377530384,1.20832033116633e-58,32.7797087671277,3.5549244487784e-50,1647.17864754868,-24212575135325284,297737743.698403,-24212575207856212,314.377522466975,314.300541511696,0,2.29741255372736e-05,15797.7884466724,-0.111206193009468,1.45512753679459e-09,-25671495.0335859,1003.02952010396,977.359620390298,982.390342164701,2.61572064150452e+28,49759.0190207264,-2.35194045962282e+33,2.6711252205957e+25,-2.35194045962282e+33,"MPA"
"195","Atrina","MT_60",2056,32.7788550862187,1.701337824779e-62,32.7794975999473,6.29184229648531e-50,1647.17929006241,-43190389290575504,531207300.033296,-43190389363106432,314.37599008878,314.298040637058,0,1.54232184876705e-05,15797.7104817974,-0.0746457874101951,9.76871865071002e-10,-25671494.9970255,990.204478512456,967.761758324033,669.317820691333,5.91246680826916e+26,50403.4934767778,-1.09172897003485e+34,1.23990253805026e+26,-1.09172897003485e+34,"MPA"
"196","Atrina","MT_60",2057,32.7788678722419,1.79440100379441e-62,32.7793418298404,1.68073203035839e-53,1647.17976402001,-77057916129283328,947929628.894573,-77057916201814240,314.374438587769,314.295569520295,0,1.03554664001245e-05,15797.6316023745,-0.0501120127327177,6.55892497009932e-10,-25671494.9724917,1003.02952018788,977.359620493301,982.390340353022,5.63617255150798e+29,49759.0190228966,-5.06764869338459e+34,5.75554293137902e+26,-5.06764869338459e+34,"MPA"
"197","Atrina","MT_60",2058,32.7788773039981,2.52655046996524e-66,32.7792269241492,2.97590697112017e-53,1647.18011364016,-137508430014501440,1691874207.62967,-137508430087032352,314.372868887252,314.293128006764,0,6.9537854033547e-06,15797.5518545402,-0.0336462686330186,4.40437802916259e-10,-25671494.956026,990.204478555642,967.761758377885,669.317819697992,1.27413687282039e+28,50403.4934779649,-2.35237678413662e+35,2.67171062673812e+27,-2.35237678413662e+35,"MPA"
"198","Atrina","MT_60",2059,32.7788842614392,2.66475278067234e-66,32.7791421626249,7.95219002509679e-57,1647.18037154134,-245426410338587328,3020215946.70197,-245426410411118272,314.37128190535,314.290715946846,0,4.67012221096558e-06,15797.4712839116,-0.0225937767415345,2.95795633325109e-10,-25671494.9449735,1003.0295202115,977.359620522512,982.390339843372,1.21449263565457e+31,49759.0190235075,-1.09196412226846e+36,1.24021302238096e+28,-1.09196412226846e+36,"MPA"
"199","Atrina","MT_60",2060,32.7788893936727,3.75202219354101e-70,32.7790796373185,1.40855153592496e-56,1647.18056178499,-438118126574498240,5392423292.26314,-438118126647029184,314.369678549841,314.288333191217,0,3.13681540107724e-06,15797.3899354161,-0.0151738576022469,1.98679288839507e-10,-25671494.9375536,990.204478567799,967.761758393157,669.317819418407,2.74576827344473e+29,50403.4934782991,-5.06893677279758e+36,5.75713115170882e+28,-5.06893677279758e+36,"MPA"
"200","Atrina","MT_60",2061,32.7788931795213,3.95725780752771e-70,32.7790335148241,3.76512813358975e-60,1647.18070212029,-782234923659298432,9629509199.68324,-782234923731829376,314.368059714781,314.285979587859,0,2.1071812031098e-06,15797.307853182,-0.0101919396327662,1.33464437974353e-10,-25671494.9325716,1003.02952021815,977.359620530796,982.39033969993,2.61708353862043e+32,49759.0190236795,-2.35301705278873e+37,2.67250512259105e+29,-2.35301705278873e+37,"MPA"
"201","Atrina","MT_60",2062,32.7788959721938,5.57189365824066e-74,32.7789994920545,6.67149181984358e-60,1647.18080564015,-1396874463564117504,17198743135.5127,-1396874463636648704,314.366426278323,314.28365498022,0,1.41568132026139e-06,15797.2250804683,-0.00684651884548574,8.96662797732085e-11,-25671494.9292262,990.204478571223,967.761758397489,669.317819339681,5.91714177418017e+30,50403.4934783933,-1.09229295668657e+38,1.2406034234512e+30,-1.09229295668657e+38,"MPA"
"202","Atrina","MT_60",2063,32.7788980322391,5.87667624134643e-74,32.7789743947845,1.78386840183087e-63,1647.1808820027,-2494881576330668032,30722734757.5191,-2494881576403198976,314.364779101318,314.281359206145,0,9.51214242103922e-07,15797.1416596219,-0.0045997412017282,6.02478981355076e-11,-25671494.9269794,1003.02952022003,977.359620533145,982.390339659536,5.63960332020291e+33,49759.019023728,-5.07051330635872e+38,5.75902808897687e+30,-5.07051330635872e+38,"MPA"
"203","Atrina","MT_60",2064,32.7788995518537,8.27447102849957e-78,32.7789558815094,3.1619545174892e-63,1647.18093833235,-4456696882852962304,54889830771.3191,-4456696882925493248,314.363119026475,314.279092097317,0,6.39203254231311e-07,15797.0576320535,-0.00309062381150008,4.04857679438646e-11,-25671494.9254703,990.204478572187,967.761758398717,669.317819317501,1.27514704448698e+32,50403.4934784199,-2.35380122034941e+39,2.67341737795783e+31,-2.35380122034941e+39,"MPA"
"204","Atrina","MT_60",2065,32.7789006728139,8.72708459375849e-78,32.7789422249909,8.45710663186949e-67,1647.18097988453,-7962420651338470400,98082394523.4147,-7.962420651411e+18,314.361446877865,314.276853479029,0,4.2958193012017e-07,15796.9730382251,-0.00207685715659553,2.72087885061088e-11,-25671494.9244566,1003.02952022056,977.359620533811,982.390339648159,1.21530472432212e+35,49759.0190237417,-1.09266169447149e+40,1.24103944644849e+32,-1.09266169447149e+40,"MPA"
"205","Callinectes","MT",2015,833.194438381475,833.194438381475,1548.3509168076,207.033147706592,3155.96214010101,-704764.253674217,0.114090204678784,-1544194.28665538,76.6992818856503,76.6992818856503,154.079585812606,14.3519926746957,306.77373953791,-448154.659764752,0.0859163350008037,-1156759.69477801,1156.56543368216,1156.56543368216,2684.51638593102,3244.48334330998,1958.95882662104,-9288584.91995722,1.288042452032,-10262699.2453107,"MPA"
"206","Callinectes","MT",2016,1449.06084348946,1444.73386787005,1904.00919619706,97.5681917233695,4958.0761689553,-191485.577105776,0.0310089560515279,-1030915.61008694,140.855242883551,140.855140351555,273.965842879643,7.16148981841522,573.577990067141,-121756.637441369,0.0233447361470482,-830361.672454624,899.456458490263,899.405312261956,2268.29519608403,680.847195118696,3546.35568135807,-2509076.12938411,0.348075700298726,-3483190.45473755,"MPA"
"207","Callinectes","MT",2017,2276.50197199178,2272.15729130578,1327.22312134759,41.7154243211886,6239.2391852957,-52035.7981195126,0.00842983959538636,-891465.831100679,263.358484416761,263.355751490342,480.122231028025,3.63854978385482,1050.05893838489,-33081.927318119,0.00634370408387187,-741686.962331374,1628.31014024074,1626.99178441377,3175.43903363822,333.137076569187,6387.33928260012,-677972.08866124,0.094105615369323,-1652086.41401468,"MPA"
"208","Callinectes","MT",2018,2864.74830660919,2864.40207611847,181.774015603569,14.2999955955721,6406.36697481298,-14144.3300241712,0.0022921520679821,-853574.363005338,482.134836674865,482.123381785884,773.971347800116,1.81027026475411,1822.20856103127,-8989.13361726574,0.00172400227187463,-717594.16863052,2932.74850508874,2928.97736710376,2720.69409461712,162.377528792401,8941.88471043986,-183261.831254451,0.0254540330662946,-1157376.15660789,"MPA"
"209","Callinectes","MT",2019,2941.48507495353,2941.31415217494,0,3.99340954137838,6402.20264249302,-3845.91562485468,0.000623385814210585,-843275.948606021,836.667538216152,836.638985539812,1047.83566333558,0.853817930488158,2869.16185376002,-2442.69439298771,0.000468569608026584,-711047.729406242,4105.66870757226,4102.59964550277,35.5195575634752,61.5903562485612,8912.74484968529,-49560.9313754184,0.00688802338155463,-1023675.25672886,"MPA"
"210","Callinectes","MT",2020,2939.57302067776,2939.41943486031,0,1.08557752156494,6400.963479154,-1045.95598667592,0.00016957389126541,-840475.988967843,1317.37641687432,1317.3304239773,1019.4979318942,0.365428947016207,3888.24836381018,-663.813788033657,0.000127365589198271,-709268.848801288,4092.28913287215,4094.13262459826,77.7919378480449,16.6189244272309,8975.76135483221,-13411.5297195643,0.00186475942076634,-987525.855073006,"MPA"
"211","Callinectes","MT",2021,2939.00405850599,2938.89962678633,0,0.29530813442832,6400.56373929991,-284.521785817772,4.61369788450094e-05,-839714.554766984,1785.29025496452,1785.25091613949,550.074045646249,0.134624591227989,4438.14844604018,-180.412522264741,3.46235515920217e-05,-708785.447535519,4121.22317772069,4120.29037381277,4.34505170711986,4.53346085180392,8974.64014177961,-3630.81964041838,0.000505056040589995,-977745.14499386,"MPA"
"212","Callinectes","MT",2022,2938.82051784725,2938.75060593786,0,0.0803588118757312,6400.41346857864,-77.4115394169191,1.25552943440659e-05,-839507.444520584,2037.77702179424,2037.76988545815,115.714002833463,0.0417766469220308,4553.81353589063,-49.0405247328896,9.41307803349002e-06,-708654.075537988,4120.70837245383,4118.33421495861,0.00149309600258354,1.22811015104555,8971.03936722935,-983.380267950346,0.000136849389866456,-975097.705621392,"MPA"
"213","Callinectes","MT",2023,2938.75152100621,2938.70405169235,0,0.0218722271560888,6400.34412703762,-21.066066622868,3.41736749446687e-06,-839451.09904779,2090.88467810333,2090.8877564021,8.19635252789137,0.011654845287812,4562.001311872,-13.3324086416256,2.55935973960544e-06,-708618.367421896,4119.05507587567,4117.39821633663,1.46863216826488e-05,0.332780574463447,8969.04974180216,-266.455620436754,3.70963075416088e-05,-974380.780973878,"MPA"
"214","Callinectes","MT",2024,2938.71968281949,2938.68741713389,0,0.00595446152138574,6400.30590689051,-5.73387524972317,9.30342680293295e-07,-839435.766856416,2094.64409759037,2094.64259805542,0.372514927336836,0.00317486841748077,4562.36915239597,-3.62499847861526,6.95937604765236e-07,-708608.660011733,4118.1415388395,4117.04656398568,0,0.0902272040071034,8967.86453974435,-72.2291921609056,1.0060068215632e-05,-974186.554545603,"MPA"
"215","Callinectes","MT",2025,2938.70213402892,2938.68044346655,0,0.00162135727965539,6400.28259497085,-1.5609877731358,2.53326192150635e-07,-839431.59396894,2094.81299166333,2094.81361970637,0.0203641150111212,0.00086345322105317,4562.3892811008,-0.985704588064032,1.89255454169766e-07,-708606.020717843,4117.59735300413,4116.89160320802,0,0.0244756601482952,8967.13431428809,-19.5876814187708,2.72930081096475e-06,-974133.91303486,"MPA"
"216","Callinectes","MT",2026,2938.6914303549,2938.6770705349,0,0.000441570971241923,6400.26779357988,-0.425046702998184,6.8992602357818e-08,-839430.45802787,2094.82223376343,2094.8220052149,0.00130252741143293,0.000234832294114748,4562.3901202474,-0.268055595388544,5.14713403579061e-08,-708605.30306885,4117.26206979456,4116.80861534467,0,0.00664247492221273,8966.67421736327,-5.31414659025597,7.40763965688792e-07,-974119.639500032,"MPA"
"217","Callinectes","MT",2027,2938.68463429236,2938.67526262285,0,0.00012028379365705,6400.25830162657,-0.115760150713882,1.87935840676347e-08,-839430.148741317,2094.8226190578,2094.82257067647,0.000448370392316547,6.38724801027036e-05,4562.39045636398,-0.0729024209327133,1.39997849184433e-08,-708605.107915676,4117.05081617099,4116.75865757822,0,0.00180348769744437,8966.38025528281,-1.44232119789812,2.01133267447256e-07,-974115.767674639,"MPA"
"218","Callinectes","MT",2028,2938.68027605951,2938.67422577229,0,3.27716154375586e-05,6400.25221856773,-0.0315330637031579,5.12036240323654e-09,-839430.06451423,2094.82277338582,2094.82281511363,0.000102353296713121,1.73743411635932e-05,4562.39058307075,-0.0198288641008613,3.80816621830017e-09,-708605.054842119,4116.91584340473,4116.72641480819,0,0.000489865766432368,8966.1903368205,-0.391621075001481,5.46337697633824e-08,-974114.716974517,"MPA"
"219","Callinectes","MT",2029,2938.67748302146,2938.67360263167,0,8.93042283343358e-06,6400.24832924753,-0.00859126781353156,1.39532419991655e-09,-839430.041572434,2094.82283156327,2094.82277152865,8.97842365998189e-08,4.72651856015672e-06,4562.3905183994,-0.00539376932250845,1.03597411818942e-09,-708605.040407024,4116.828642293,4116.70473819524,0,0.000133111748005848,8966.066299611,-0.10637591768198,1.48459892901472e-08,-974114.431729359,"MPA"
"220","Callinectes","MT",2030,2938.67569723906,2938.67321426619,0,2.43404679700502e-06,6400.24584384061,-0.00234116317304544,3.80305148527712e-10,-839430.03532233,2094.8228018694,2094.82278233561,0,1.2859162169243e-06,4562.39049757969,-0.00146732182823256,2.81851413622663e-10,-708605.036480576,4116.77169057576,4116.68978575981,0,3.61848544824197e-05,8965.98435861019,-0.0289062196117382,4.03575963346888e-09,-974114.354259661,"MPA"
"221","Callinectes","MT",2031,2938.67455606383,2938.67296467178,0,6.63541103118151e-07,6400.24425178502,-0.000638100026111381,1.03674328809295e-10,-839430.033619267,2094.82279231002,2094.82278661233,0,3.49882408128745e-07,4562.39049153211,-0.000399205659935441,7.6688395775356e-11,-708605.03541246,4116.73406734377,4116.67928696153,0,9.84021905882267e-06,8965.92956838774,-0.00785791721872566,1.09750630158877e-09,-974114.333211359,"MPA"
"222","Callinectes","MT",2032,2938.67382507109,2938.67279992852,0,1.80920594516023e-07,6400.24322646154,-0.000173951344555365,2.82677661529818e-11,-839430.033155118,2094.82278953328,2094.8227895547,0,9.52071320504344e-08,4562.39049145833,-0.000108619081421038,2.0867817481258e-11,-708605.035121874,4116.70891039878,4116.67181765628,0,2.67699084148262e-06,8965.89247296825,-0.00213692451442533,2.98573799560772e-10,-974114.327490366,"MPA"
"223","Callinectes","MT",2033,2938.67335429354,2938.67268867056,0,4.9338813776377e-08,6400.24256078922,-4.74294455217084e-05,7.70889699418879e-12,-839430.033028596,2094.8227894994,2094.82279154315,0,2.59092364024271e-08,4562.39049347616,-2.95565338557325e-05,5.67887304949885e-12,-708605.035042811,4116.6918780272,4116.66644933346,0,7.28534429363737e-07,8965.86704354598,-0.000581344883617335,8.12562226818593e-11,-974114.325934786,"MPA"
"224","Callinectes","MT",2034,2938.67304864992,2938.67261207259,0,1.34576480145703e-08,6400.24212419843,-1.29344748381703e-05,2.10267785722927e-12,-839430.032994101,2094.82279042589,2094.82279289738,0,7.05143176529696e-09,4562.3904959406,-8.0433808519086e-06,1.54555638661484e-12,-708605.035021298,4116.6802021013,4116.66255981852,0,1.98340482199236e-07,8965.84940106486,-0.000158211770306707,2.21217312972365e-11,-974114.325511653,"MPA"
"225","Callinectes","MT",2035,2938.67284818915,2938.67255849494,0,3.67137394085371e-09,6400.24183450055,-3.52800586887523e-06,5.73630483732031e-13,-839430.032984695,2094.82279155744,2094.82279383347,0,1.91927572505269e-09,4562.39049821471,-2.18907845575731e-06,4.20673269151316e-13,-708605.035015444,4116.67210155147,4116.65972343072,0,5.40166712554015e-08,8965.83702289009,-4.3072618431853e-05,6.02471353414975e-12,-974114.325396514,"MPA"
"226","Callinectes","MT",2036,2938.67271517429,2938.67252053478,0,1.00176600841581e-09,6400.24163986004,-9.62473498383154e-07,1.56520025502335e-13,-839430.032982129,2094.82279260159,2094.82279449035,0,5.22437813500198e-10,4562.39050010294,-5.95828659754592e-07,1.145096663049e-13,-708605.035013851,4116.66641810928,4116.65764408168,0,1.47162296591938e-08,8965.82824884777,-1.17305550790782e-05,1.64136712251937e-12,-974114.325365172,"MPA"
"227","Callinectes","MT",2037,2938.67262580505,2938.67249336017,0,2.73389219434563e-10,6400.24150741489,-2.62619196132334e-07,4.27154529209294e-14,-839430.032981429,2094.82279346858,2094.82279495732,0,1.42222662298358e-10,4562.39050159155,-1.62187963929878e-07,3.11728385142861e-14,-708605.035013417,4116.66238950546,4116.6561130669,0,4.01064960599665e-09,8965.82197240521,-3.19586107083787e-06,4.47326177172638e-13,-974114.325356637,"MPA"
"228","Callinectes","MT",2038,2938.67256499282,2938.67247374396,0,7.46230681140069e-11,6400.24141616595,-7.16706879688228e-08,1.16594144425591e-14,-839430.032981238,2094.82279415207,2094.82279529282,0,3.87203939631092e-11,4562.39050273225,-4.41522482048278e-08,8.48686537236852e-15,-708605.035013299,4116.65950767521,4116.65498168182,0,1.09340098732609e-09,8965.81744641072,-8.70976575908478e-07,1.21952120100119e-13,-974114.325354313,"MPA"
"229","Callinectes","MT",2039,2938.67252309585,2938.672459488,0,2.03723265174616e-11,6400.24135255808,-1.95629028203288e-08,3.18305595305738e-15,-839430.032981186,2094.82279467583,2094.82279553587,0,1.05425892038305e-11,4562.39050359229,-1.20205346789318e-08,2.31075993988848e-15,-708605.035013267,4116.65742956365,4116.65414303814,0,2.98186472960351e-10,8965.81415988491,-2.37449640645915e-07,3.32581469973025e-14,-974114.325353679,"MPA"
"230","Callinectes","MT",2040,2938.67249389028,2938.67244907027,0,5.56266807699853e-12,6400.24130773807,-5.34073255466267e-09,8.69134111375898e-16,-839430.032981172,2094.82279507071,2094.82279571312,0,2.87072203435233e-12,4562.3905042347,-3.2728891968226e-09,6.29214450646798e-16,-708605.035013258,4116.65592055447,4116.65351975042,0,8.1346208813622e-11,8965.81175908078,-6.47560292374002e-08,9.07293053481901e-15,-974114.325353506,"MPA"
"231","Callinectes","MT",2041,2938.67247331116,2938.67244142253,0,1.51914709396343e-12,6400.24127584944,-1.45828817069743e-09,2.37357784099731e-16,-839430.032981168,2094.82279536567,2094.82279584307,0,7.8175582721013e-13,4562.3905047121,-8.91199965196639e-10,1.71347855139707e-16,-708605.035013256,4116.65481822462,4116.65305545914,0,2.21985585402098e-11,8965.80999631528,-1.76656551287191e-08,2.47591173830865e-15,-974114.325353459,"MPA"
"232","Callinectes","MT",2042,2938.67245866948,2938.67243578673,0,4.1494432954984e-13,6400.24125296668,-3.98253899192415e-10,6.48326073581008e-17,-839430.032981167,2094.82279558487,2094.82279593875,0,2.129055678651e-13,4562.39050506598,-2.42691823717723e-10,4.66653539729331e-17,-708605.035013255,4116.65400885038,4116.65270891431,0,6.05964937614209e-12,8965.8086963792,-4.82078009253346e-09,6.75861900300701e-16,-974114.325353446,"MPA"
"233","Callinectes","MT",2043,2938.67244816286,2938.67243162005,0,1.13358038884404e-13,6400.24123642387,-1.08780248236474e-10,1.77115259280405e-17,-839430.032981167,2094.82279574736,2094.82279600945,0,5.79880623835637e-14,4562.39050532807,-6.60953698596909e-11,1.27100173295515e-17,-708605.035013255,4116.65341198439,4116.65244979853,0,1.6546368005546e-12,8965.80773419334,-1.31595223857894e-09,1.84549643813765e-16,-974114.325353443,"MPA"
"234","Callinectes","MT",2044,2938.67244056722,2938.67242853091,0,3.0973226420686e-14,6400.24122438755,-2.97175181689057e-11,4.83938421672611e-18,-839430.032981167,2094.82279586769,2094.82279606184,0,1.57952184933835e-14,4562.39050552221,-1.80020770185739e-11,3.46204878230794e-18,-708605.035013255,4116.6529701965,4116.65225575031,0,4.51947032154255e-13,8965.80701974716,-3.59331568790991e-10,5.04078434072954e-17,-974114.325353442,"MPA"
"235","Callinectes","MT",2045,2938.67243504075,2938.67242623507,0,8.4643058820574e-15,6400.24121558188,-8.11982485141767e-12,1.32249794744378e-18,-839430.032981167,2094.82279595684,2094.82279610076,0,4.30276783500846e-15,4562.39050566614,-4.90353924823212e-12,9.4309503533304e-19,-708605.035013255,4116.65264215835,4116.65211022576,0,1.23480763694933e-13,8965.80648781457,-9.81477345469608e-11,1.37724092703255e-17,-974114.325353442,"MPA"
"236","Callinectes","MT",2046,2938.67243099762,2938.67242452517,0,2.31348224511084e-15,6400.24120910943,-2.21897068277753e-12,3.61467977102901e-19,-839430.032981167,2094.82279602292,2094.82279612974,0,1.17220938683148e-15,4562.39050577296,-1.33577075638011e-12,2.56928771304365e-19,-708605.035013255,4116.65239792136,4116.6520009525,0,3.37470050549676e-14,8965.8060908457,-2.68158817718422e-11,3.76396759218678e-18,-974114.325353441,"MPA"
"237","Callinectes","MT",2047,2938.67242802579,2938.67242324927,0,6.32426483375493e-16,6400.24120433291,-6.06493828973456e-13,9.88129138765651e-20,-839430.032981167,2094.82279607197,2094.82279615136,0,3.19372303007261e-16,4562.39050585236,-3.63905997087394e-13,7.00010888158633e-20,-708605.035013255,4116.652215653,4116.65191880558,0,9.22555718781837e-15,8965.80579399828,-7.32871845198885e-12,1.02897130439694e-18,-974114.325353441,"MPA"
"238","Callinectes","MT",2048,2938.67242583265,2938.6724222956,0,1.72910797778106e-16,6400.24120079586,-1.65794555217234e-13,2.70162939582164e-20,-839430.032981167,2094.82279610842,2094.82279616752,0,8.70209549386309e-17,4562.39050591146,-9.91473858432252e-14,1.90735437545309e-20,-708605.035013255,4116.65207935543,4116.65185698626,0,2.52271806391197e-15,8965.80557162912,-2.00348191118932e-12,2.81371035904889e-19,-974114.325353441,"MPA"
"239","Callinectes","MT",2049,2938.67242420861,2938.6724215817,0,4.72826164866308e-17,6400.24119816894,-4.53296463457929e-14,7.38763040384204e-21,-839430.032981167,2094.82279613556,2094.82279617961,0,2.37129039707137e-17,4562.39050595551,-2.70151798210252e-14,5.1974735481299e-21,-708605.035013255,4116.65197725457,4116.65181041971,0,6.90018769571642e-16,8965.80540479426,-5.4784985583901e-13,7.69611569277346e-20,-974114.325353441,"MPA"
"240","Callinectes","MT",2050,2938.67242300246,2938.67242104656,0,1.29314533377837e-17,6400.24119621304,-1.23954334394493e-14,2.02046343839921e-21,-839430.032981167,2094.82279615579,2094.82279618868,0,6.46218972871464e-18,4562.3905059884,-7.36154142747572e-15,1.41640434335448e-21,-708605.035013255,4116.6519006523,4116.65177531161,0,1.88784585938238e-16,8965.80527945356,-1.49848965771945e-13,2.10560655084911e-20,-974114.325353441,"MPA"
"241","Callinectes","MT",2051,2938.67242210441,2938.67242064492,0,3.53719294479293e-18,6400.24119475355,-3.39006131851129e-15,5.52665569368809e-22,-839430.032981167,2094.82279617089,2094.82279619548,0,1.76119924434171e-18,4562.39050601299,-2.00615148015755e-15,3.86025536838646e-22,-708605.035013255,4116.65184310209,4116.65174882086,0,5.16634015111452e-17,8965.80518517234,-4.09976898172492e-14,5.76227119606969e-21,-974114.325353441,"MPA"
"242","Callinectes","MT",2052,2938.67242143429,2938.67242034313,0,9.6768691347379e-19,6400.2411936624,-9.27297239426852e-16,1.5119538217855e-22,-839430.032981167,2094.82279618218,2094.82279620059,0,4.80032738249082e-19,4562.3905060314,-5.46754679015868e-16,1.05215179984358e-22,-708605.035013255,4116.65179981284,4116.65172881726,0,1.41418990325172e-17,8965.80511417676,-1.12195607980771e-14,1.57731500300017e-21,-974114.325353441,"MPA"
"243","Callinectes","MT",2053,2938.67242093328,2938.67242011614,0,2.64773683948299e-19,6400.24119284526,-2.53685172876601e-16,4.13693290513557e-23,-839430.032981167,2094.82279619063,2094.82279620443,0,1.30847840893353e-19,4562.3905060452,-1.49023539818273e-16,2.86796671000377e-23,-708605.035013255,4116.6517672152,4116.65171370165,0,3.87202549819856e-18,8965.80506066321,-3.07114694393996e-15,4.3186590037303e-22,-974114.325353441,"MPA"
"244","Callinectes","MT",2054,2938.67242055809,2938.67241994524,0,7.24565629535003e-20,6400.24119223241,-6.94120762219406e-17,1.13209113173062e-23,-839430.032981167,2094.82279619697,2094.82279620732,0,3.56693631070005e-20,4562.39050605555,-4.06209970148098e-17,7.81813022356116e-24,-708605.035013255,4116.65174264444,4116.65170227218,0,1.06040540952297e-18,8965.80502029095,-8.40874294357466e-16,1.18272191102619e-22,-974114.325353441,"MPA"
"245","Callinectes","MT",2055,2938.6724202767,2938.67241981646,0,1.98309139713891e-20,6400.24119177217,-1.89949408723365e-17,3.09846353844772e-24,-839430.032981167,2094.82279620172,2094.8227962095,0,9.72426962213856e-21,4562.39050606333,-1.10733588142749e-17,2.13139791721725e-24,-708605.035013255,4116.6517241075,4116.65169362468,0,2.90473460835177e-19,8965.80498980813,-2.30284551639499e-16,3.23979230172718e-23,-974114.325353441,"MPA"
"246","Callinectes","MT",2056,2938.67242006538,2938.67241971934,0,5.42836390788022e-21,6400.24119142612,-5.19879805240907e-18,8.48149897047863e-25,-839430.032981167,2094.82279620529,2094.82279621114,0,2.6512533039012e-21,4562.39050606918,-3.01884635308545e-18,5.8111056043487e-25,-708605.035013255,4116.65171011131,4116.6516870783,0,7.9586493865153e-20,8965.80496677512,-6.30811106697533e-17,8.8766701880792e-24,-974114.325353441,"MPA"
"247","Callinectes","MT",2057,2938.6724199065,2938.67241964604,0,1.4861256653288e-21,6400.24119116566,-1.42307952900183e-18,2.32198384542167e-25,-839430.032981167,2094.82279620798,2094.82279621238,0,7.2289928777653e-22,4562.39050607358,-8.23067096921366e-19,1.58447482041461e-25,-708605.035013255,4116.6516995357,4116.65168211989,0,2.18106348721787e-20,8965.80494935931,-1.72835219781052e-17,2.43264658923584e-24,-974114.325353441,"MPA"
"248","Callinectes","MT",2058,2938.67241978691,2938.67241959068,0,4.06913040681888e-22,6400.24119096943,-3.89597132369414e-19,6.35777666072447e-26,-839430.032981167,2094.82279621,2094.82279621332,0,1.97122619882526e-22,4562.3905060769,-2.24420132652162e-19,4.32059946688278e-26,-708605.035013255,4116.65169153922,4116.65167836236,0,5.97848218498044e-21,8965.80493618245,-4.7365397045541e-18,6.66809307000103e-25,-974114.325353441,"MPA"
"249","Callinectes","MT",2059,2938.67241969681,2938.67241954884,0,1.11431073977425e-22,6400.24119082146,-1.06674797076966e-19,1.74104491772397e-26,-839430.032981167,2094.82279621152,2094.82279621402,0,5.37560026810459e-23,4562.3905060794,-6.11956399055283e-20,1.17824203363227e-26,-708605.035013255,4116.65168548906,4116.65167551353,0,1.6390982573946e-21,8965.80492620691,-1.29832618184258e-18,1.8281663153074e-25,-974114.325353441,"MPA"
"250","Callinectes","MT",2060,2938.67241962887,2938.67241951719,0,3.05188948677282e-23,6400.24119070979,-2.92123525583117e-20,4.76839762093654e-27,-839430.032981167,2094.82279621267,2094.82279621456,0,1.46605092396144e-23,4562.39050608129,-1.66882572116175e-20,3.21333941495785e-27,-708605.035013255,4116.65168090879,4116.65167335269,0,4.49477771626958e-22,8965.80491865081,-3.55957267994082e-19,5.013245049679e-26,-974114.325353441,"MPA"
"251","Callinectes","MT",2061,2938.67241957759,2938.67241949325,0,8.35965236832847e-24,6400.24119062545,-8.00071905227542e-21,1.3061464590528e-27,-839430.032981167,2094.82279621354,2094.82279621496,0,3.99854948266344e-24,4562.39050608272,-4.55127496170977e-21,8.76415439961506e-28,-708605.035013255,4116.65167743941,4116.651671713,0,1.23281650585587e-22,8965.8049129244,-9.76115245493641e-20,1.37502044383244e-26,-974114.325353441,"MPA"
"252","Callinectes","MT",2062,2938.67241953887,2938.67241947513,0,2.29014887060743e-24,6400.24119056171,-2.19153512159362e-21,3.5782227612954e-28,-839430.032981167,2094.82279621419,2094.82279621527,0,1.09065392782438e-24,4562.39050608379,-1.24132783153409e-21,2.39053173192932e-28,-708605.035013255,4116.65167481013,4116.65167046828,0,3.38199925196539e-23,8965.80490858256,-2.67726473529701e-20,3.77210890133252e-27,-974114.325353441,"MPA"
"253","Callinectes","MT",2063,2938.6724195096,2938.6724194614,0,6.27472146169274e-25,6400.2411905135,-6.00376841349889e-22,9.80388281452011e-29,-839430.032981167,2094.82279621469,2094.8227962155,0,2.97510486536896e-25,4562.39050608461,-3.38587550573001e-22,6.52093428083756e-29,-708605.035013255,4116.65167281657,4116.65166952303,0,9.27964409188888e-24,8965.80490528902,-7.34457017314794e-21,1.03500401653907e-27,-974114.325353441,"MPA"
"254","Callinectes","MT",2064,2938.67241948747,2938.67241945099,0,1.71941058249768e-25,6400.24119047703,-1.64495745228986e-22,2.68647779250303e-29,-839430.032981167,2094.82279621506,2094.82279621568,0,8.11611419479988e-26,4562.39050608522,-9.23605044060375e-23,1.7789170357022e-29,-708605.035013255,4116.65167130434,4116.65166880495,0,2.54665329780241e-24,8965.80490278963,-2.01522804028206e-21,2.8404067729603e-28,-974114.325353441,"MPA"
"255","Callinectes","MT",2065,2938.67241947072,2938.6724194431,0,4.71214141435958e-26,6400.24119044941,-4.50754231644231e-23,7.36244349880282e-30,-839430.032981167,2094.82279621534,2094.82279621581,0,2.21423811586037e-26,4562.39050608569,-2.51960329054021e-23,4.8532411088158e-30,-708605.035013255,4116.65167015675,4116.65166825926,0,6.99015830812837e-25,8965.80490089215,-5.53047841671012e-22,7.79646488398753e-29,-974114.325353441,"MPA"
"256","Callinectes","MT_20",2015,981.221657698713,981.221657698713,1830.34983175767,293.588077600829,3673.79997215684,-848472.423248876,0.137380826944495,-1840257.67832701,101.075144076173,101.075144076173,203.240398369756,22.9687684169865,400.406850252769,-544474.919473371,0.104339361896223,-1394026.64712652,1369.5759205182,1369.5759205182,3162.68645311219,4079.46890085094,2066.06659726125,-9848213.49212369,1.36764175434528,-10982416.0564242,"MPA"
"257","Callinectes","MT_20",2016,1686.82621975141,1680.69047420385,2253.68783570823,161.507776175379,5759.84428614213,-272426.235842947,0.0441238806975764,-1264211.49092109,183.846910200154,183.846756234201,356.934853319756,13.6038937194583,743.737655887114,-177275.642620555,0.0339755171619253,-1026827.37027371,948.635019441953,948.576804849271,2457.7068622259,888.938933229722,3634.77631166475,-3102002.8383335,0.430928087326887,-4236205.40263406,"MPA"
"258","Callinectes","MT_20",2017,2644.63401306136,2637.93460655432,1634.71010501497,81.4341697170483,7306.42081493301,-87483.3457832323,0.0141744506272956,-1079268.60086137,341.487339559834,341.483210449247,617.915570054123,8.22873904876938,1353.42035778188,-57723.2447203332,0.0110642584037289,-907274.972373485,1668.90849581226,1667.40734838004,3516.63555851373,492.785766512258,6657.124956234,-977318.511965163,0.135834672601916,-2111521.07626572,"MPA"
"259","Callinectes","MT_20",2018,3354.74503145874,3353.74945676395,288.709513603286,33.2668673589761,7560.86788648253,-28099.8963519187,0.00455430908805107,-1019885.15143006,621.423311871684,621.405406100021,978.795829691441,4.87684816117128,2327.32143354049,-18796.5499213465,0.00360343898364052,-868348.277574499,3056.62066782158,3052.11364171919,3594.88272975176,284.716339036616,9962.78432084675,-308012.02927387,0.0428342396446917,-1442214.59357443,"MPA"
"260","Callinectes","MT_20",2019,3471.57447102584,3471.32339877203,0,11.0652989919563,7549.55151523676,-9028.4303945702,0.00146359204310278,-1000813.68547271,1068.59024596833,1068.5446751473,1283.01929225885,2.73147992360477,3607.5636750547,-6121.06445504582,0.00117368376031766,-855672.792108198,4574.41503116627,4569.54578016612,723.730194861933,134.579703316356,10547.0655613922,-97110.5988427362,0.0135127942931008,-1231313.1631433,"MPA"
"261","Callinectes","MT_20",2020,3466.37855620345,3466.03158381264,8.75230140785543,3.55116585202567,7554.40567840177,-2901.41725680792,0.00047043327771914,-994686.672334946,1656.41380658305,1656.34045971002,1173.51810337152,1.37921703094427,4779.62921452225,-1993.42696645472,0.000382317707186169,-851545.154619607,4842.68791584439,4844.5167264281,0,44.985145466813,10503.9092265091,-30634.1796380313,0.00426449015969394,-1164836.74393859,"MPA"
"262","Callinectes","MT_20",2021,3468.60734649246,3468.51418361688,2.54599528906189,1.14247825517707,7555.71603256008,-932.584078805484,0.000151236321134076,-992717.839156944,2194.56800611074,2194.50792479887,565.895883439735,0.595291148616881,5344.86972550149,-649.259342052423,0.000124548021050447,-850200.986995205,4822.87267337585,4825.22994220341,0,14.142287208717,10492.1242081279,-9667.83647175697,0.00134633920674152,-1143870.40077232,"MPA"
"263","Callinectes","MT_20",2022,3469.20899594756,3469.18958574377,0.901286897839856,0.367422448353997,7556.23048680577,-299.809933494719,4.86288288187737e-05,-992085.065011633,2454.09833481988,2454.09001965741,99.5191166448945,0.216882500018155,5444.1636444839,-211.496841950474,4.05776893429048e-05,-849763.224495103,4817.46157909847,4819.39416705461,0,4.46134312691975,10489.5954529571,-3052.22799597594,0.000425212329932418,-1137254.79229654,"MPA"
"264","Callinectes","MT_20",2023,3469.44520774926,3469.4591529852,0.325593783500244,0.118172699519055,7556.45185312569,-96.4014804288831,1.5639061938237e-05,-991881.656558567,2499.68916373566,2499.69346582032,5.94453083625984,0.0719790429240094,5450.0404983619,-68.9048309234832,1.32213266270928e-05,-849620.632484076,4816.30050049927,4817.60745306524,0,1.40919537042729,10489.4932101527,-963.980817607192,0.000134344418129123,-1135166.54511817,"MPA"
"265","Callinectes","MT_20",2024,3469.54684815305,3469.51830208614,0.115757582412151,0.0380122293883915,7556.50105241181,-31.0027762921491,5.03044381405173e-06,-991816.257854431,2502.38752273347,2502.38486772612,0.297079940130501,0.0234800748319664,5450.31144321984,-22.4510736620304,4.30823839625916e-06,-849574.178726814,4816.25355568882,4817.05276122781,0,0.445392071186693,10489.8470236205,-304.566527178405,4.24613874366504e-05,-1134507.13082774,"MPA"
"266","Callinectes","MT_20",2025,3469.56943801816,3469.58699567525,0.0253365148827217,0.0122292658761886,7556.53171731791,-9.97231957708891,1.61837861028648e-06,-991795.227397716,2502.51192713599,2502.51314799565,0.036417374448276,0.00765213355020011,5450.3414293204,-7.31579950084861,1.4039810577054e-06,-849559.043452653,4816.41600923526,4816.87956345634,0,0.140829145410508,10490.1697486961,-96.2624067561544,1.34254172858314e-05,-1134298.82670732,"MPA"
"267","Callinectes","MT_20",2026,3469.58351781783,3469.56707742455,0,0.00393508537337881,7556.51134183926,-3.20826337531148,5.20752872464263e-07,-991788.463341514,2502.52569526192,2502.52512875269,0.00756764843336692,0.00249392377133052,5450.34593653583,-2.38409366949497,4.57572020279273e-07,-849554.111746822,4816.56418853831,4816.82763134577,0,0.0445449357651342,10490.3886465678,-30.4361923046635,4.24637826453578e-06,-1134233.00049287,"MPA"
"268","Callinectes","MT_20",2027,3469.57416241147,3469.56688297415,0,0.00126643154227811,7556.5027959704,-1.03233715546305,1.67594750448596e-07,-991786.287415294,2502.52776475106,2502.52796329177,0.00323121441718674,0.0008128647356672,5450.34855342622,-0.777000907795764,1.49140027971217e-07,-849552.50465406,4816.66469555345,4816.81528365879,0,0.0140946663870489,10490.5251400068,-9.62678335629775,1.34358450663597e-06,-1134212.19108392,"MPA"
"269","Callinectes","MT_20",2028,3469.57023857354,3469.56801215492,0,0.000407649227597874,7556.50016190255,-0.332238758942128,5.39468137855729e-08,-991785.587316897,2502.52896629697,2502.52891852494,0.000815491585648607,0.000264965701212941,5450.34905618007,-0.253253983968673,4.86144505740267e-08,-849551.980907136,4816.72736655171,4816.81585231563,0,0.00446129543951217,10490.6091644753,-3.04598320002294,4.25270064892512e-07,-1134205.61028376,"MPA"
"270","Callinectes","MT_20",2029,3469.5690291406,3469.5692224667,0,0.000131240526130997,7556.50022398813,-0.106943817849557,1.73678988625247e-08,-991785.362021956,2502.52919713653,2502.52913462996,0.000300848586004675,8.63767999126832e-05,5450.34920814529,-0.0825519711452791,1.58479391410975e-08,-849551.810205123,4816.76594640842,4816.82022827585,0,0.00141259050105258,10490.6620337522,-0.96411164303702,1.346530504535e-07,-1134203.5284122,"MPA"
"271","Callinectes","MT_20",2030,3469.56905764721,3469.57022374509,0,4.22595603989393e-05,7556.50134782645,-0.0344300113764377,5.59247799823608e-09,-991785.28950815,2502.5292669114,2502.52929010899,0.000111396361193797,2.8160517591116e-05,5450.34931457872,-0.0269113113326888,5.16673639549064e-09,-849551.754564464,4816.79022135078,4816.8252116857,0,0.000447424396324928,10490.6965766627,-0.305266191998057,4.26498124883919e-08,-1134202.86956675,"MPA"
"272","Callinectes","MT_20",2031,3469.56957365787,3469.57099260627,0,1.36099640748004e-05,7556.50275316489,-0.0110864925347571,1.80109333717297e-09,-991785.266164631,2502.52931578034,2502.52929330338,1.94316201056072e-05,9.18163640305146e-06,5450.34930235174,-0.00877361090759716,1.68459595359262e-09,-849551.736426763,4816.8060817372,4816.8297162852,0,0.00014176520991829,10490.7200694455,-0.0966895720213217,1.35134284714213e-08,-1134202.66099013,"MPA"
"273","Callinectes","MT_20",2032,3469.57021891938,3469.57156843528,0,4.38392714139064e-06,7556.50409829686,-0.00357047588582449,5.80152924190832e-10,-991785.258648614,2502.52931016632,2502.52931525316,2.55283989555144e-06,2.99388638217808e-06,5450.34930699754,-0.00286060450969668,5.49301744827757e-10,-849551.730513757,4816.81686845457,4816.83344797836,0,4.49329097309236e-05,10490.7366040364,-0.0306357176578108,4.28311133410395e-09,-1134202.59493628,"MPA"
"274","Callinectes","MT_20",2033,3469.57083653708,3469.5719964206,0,1.41235342379155e-06,7556.50525676803,-0.0011500914377613,1.86905665657074e-10,-991785.25622823,2502.52931229944,2502.5293137708,0,9.76306434734214e-07,5450.3493074926,-0.000932766723727896,1.79127314548348e-10,-849551.728585919,4816.8244603163,4816.83640981102,0,1.42463089243803e-05,10490.7485392848,-0.00971005912188924,1.35798959413361e-09,-1134202.57401062,"MPA"
"275","Callinectes","MT_20",2034,3469.57136844942,3469.57231414832,0,4.5508919170265e-07,7556.50620201184,-0.000370520593378593,6.02248231197894e-11,-991785.255448659,2502.52931252674,2502.5293136202,0,3.18399538999534e-07,5450.34930826766,-0.000304175255030045,5.8418189557101e-11,-849551.727957328,4816.82994038874,4816.8387056049,0,4.51836235303581e-06,10490.7572999826,-0.00307864031726964,4.30699747956846e-10,-1134202.5673792,"MPA"
"276","Callinectes","MT_20",2035,3469.57180245836,3469.57255028947,0,1.466635145779e-07,7556.50694969629,-0.000119389303252788,1.94089054892094e-11,-991785.255197528,2502.52931288261,2502.52931380891,0,1.0384700557286e-07,5450.34930909011,-9.91996544565352e-05,1.90532752488341e-11,-849551.727752352,4816.83396286543,4816.84046068754,0,1.43350269750126e-06,10490.7637963712,-0.000976421037199968,1.36644355402745e-10,-1134202.56527698,"MPA"
"277","Callinectes","MT_20",2036,3469.57214575787,3469.57272611347,0,4.72736827333759e-08,7556.50753000461,-3.84760898095153e-05,6.25602319517915e-12,-991785.255116615,2502.52931326024,2502.52931404582,0,3.38727626801183e-08,5450.34930984181,-3.23542775851e-05,6.21478748593712e-12,-849551.727685506,4816.83694568396,4816.84179141793,0,4.54938358765823e-07,10490.7686416502,-0.000309780592656558,4.3365610013356e-11,-1134202.56461034,"MPA"
"278","Callinectes","MT_20",2037,3469.57241220659,3469.57285727654,0,1.52401030756619e-08,7556.50797505932,-1.2401900273611e-05,2.01681835390965e-12,-991785.25509054,2502.52931360539,2502.52931425443,0,1.10494885067828e-08,5450.34931047981,-1.05533015624021e-05,2.02729914701686e-12,-849551.727663706,4816.83917039509,4816.84279552868,0,1.44424533163323e-07,10490.7722666394,-9.83123256535048e-05,1.37668211333691e-11,-1134202.56439887,"MPA"
"279","Callinectes","MT_20",2038,3469.57261655358,3469.57295529784,0,4.91390573391856e-09,7556.50831379867,-3.99812777445805e-06,6.50287904188844e-13,-991785.255082137,2502.52931389832,2502.5293144216,0,3.60469447628757e-09,5450.34931099948,-3.44254719957523e-06,6.61369440919608e-13,-849551.727656595,4816.84083480982,4816.84355112287,0,4.5862901478685e-08,10490.7749829066,-3.1210173263494e-05,4.37173743920735e-12,-1134202.56433177,"MPA"
"280","Callinectes","MT_20",2039,3469.57277208584,3469.57302866996,0,1.58465784395855e-09,7556.50857038121,-1.28912657206943e-06,2.09707682189081e-13,-991785.255079428,2502.52931413693,2502.52931455119,0,1.17605949709469e-09,5450.34931141256,-1.12306835430408e-06,2.15776903458553e-13,-849551.727654275,4816.84208198461,4816.84411891515,0,1.45684036044532e-08,10490.7770198226,-9.91097956434826e-06,1.38868707986703e-12,-1134202.56431047,"MPA"
"281","Callinectes","MT_20",2040,3469.57288989578,3469.57308367104,0,5.111086904095e-10,7556.50876415596,-4.15723164663197e-07,6.76382069350242e-14,-991785.255078554,2502.5293143266,2502.52931465039,0,3.83728877089112e-10,5450.34931173597,-3.6640975054285e-07,7.04044557815158e-14,-849551.727653519,4816.84301723511,4816.84454534725,0,4.62903025593233e-09,10490.7785479301,-3.14823327329698e-06,4.41247608254889e-13,-1134202.56430371,"MPA"
"282","Callinectes","MT_20",2041,3469.57297886751,3469.5731249546,0,1.6487674462453e-10,7556.50891024289,-1.34085547774026e-07,2.18191693761456e-14,-991785.255078273,2502.52931447509,2502.52931472595,0,1.2521427342608e-10,5450.3493119867,-1.19553477070657e-07,2.29736235724327e-14,-849551.727653272,4816.84371886607,4816.84486560472,0,1.47127350656209e-09,10490.7796946673,-1.00033364037814e-06,1.40244453937291e-13,-1134202.56430156,"MPA"
"283","Callinectes","MT_20",2042,3469.57304594336,3469.5731559783,0,5.319529407436e-11,7556.50902027777,-4.32541814798792e-08,7.03966536718035e-15,-991785.255078182,2502.52931459021,2502.52931478338,0,4.08617689756047e-11,5450.34931217983,-3.90114027373499e-08,7.49709177093314e-15,-849551.727653191,4816.84424539075,4816.84510619565,0,4.67756541618952e-10,10490.7805554717,-3.17942222271998e-07,4.45873953733535e-14,-1134202.56430088,"MPA"
"284","Callinectes","MT_20",2043,3469.5730964659,3469.57317931686,0,1.71654021265127e-11,7556.50910312871,-1.39553874896771e-08,2.27160479526406e-15,-991785.255078152,2502.52931467889,2502.529314827,0,1.33356523263854e-11,5450.34931232793,-1.27307764712264e-08,2.44675186168063e-15,-849551.727653165,4816.84464062933,4816.8452870274,0,1.4875346941848e-10,10490.7812018696,-1.01082183085602e-07,1.41794472492335e-14,-1134202.56430066,"MPA"
"285","Callinectes","MT_20",2044,3469.57313450693,3469.57319689118,0,5.53988803403431e-12,7556.50916551296,-4.50321478189947e-09,7.33127950786486e-16,-991785.255078143,2502.52931474689,2502.52931486012,0,4.35256173214946e-12,5450.34931244115,-4.15481789250336e-09,7.98583995764206e-16,-849551.727653156,4816.8449374231,4816.84542302579,0,4.73187035581718e-11,10490.7816874722,-3.21456203226338e-08,4.51050333242216e-15,-1134202.56430059,"MPA"
"286","Callinectes","MT_20",2045,3469.57316315067,3469.5732101368,0,1.78818935229073e-12,7556.50921249908,-1.45334814923449e-09,2.36642252802497e-16,-991785.25507814,2502.52931479888,2502.52931488526,0,1.42072161083155e-12,5450.34931252753,-1.35607174811296e-09,2.60666157229332e-16,-849551.727653154,4816.84516038768,4816.84552537429,0,1.50561799754851e-11,10490.7820524588,-1.02255698008154e-08,1.43518189837905e-15,-1134202.56430057,"MPA"
"287","Callinectes","MT_20",2046,3469.57318472436,3469.57322012815,0,5.77285703890338e-13,7556.50924790287,-4.69118084736729e-10,7.63958181808328e-17,-991785.255078139,2502.52931483854,2502.52931490434,0,4.63773790582545e-13,5450.34931259334,-4.42635982417354e-10,8.50906545598044e-17,-849551.727653153,4816.84532797137,4816.84560245179,0,4.79193280789958e-12,10490.7823269393,-3.25363969314637e-09,4.56775556324596e-16,-1134202.56430056,"MPA"
"288","Callinectes","MT_20",2047,3469.57320098002,3469.57322767055,0,1.86394093440856e-13,7556.50927459339,-1.51446580153627e-10,2.46666929561347e-17,-991785.255078139,2502.52931486875,2502.52931491883,0,1.51403661181235e-13,5450.34931264342,-1.44492042526556e-10,2.77787078401394e-17,-849551.727653152,4816.84545399913,4816.84566053796,0,1.52552156370304e-12,10490.7825334781,-1.03553638920065e-09,1.45415424343994e-16,-1134202.56430056,"MPA"
"289","Callinectes","MT_20",2048,3469.57321323498,3469.57323336828,0,6.01917258290575e-14,7556.50929472668,-4.88990939668421e-11,7.96554647670091e-18,-991785.255078139,2502.52931489175,2502.52931492983,0,4.94309895356892e-14,5450.3493126815,-4.71708938582573e-11,9.06932504693268e-18,-849551.727653152,4816.84554883149,4816.84570434176,0,4.85775325502547e-13,10490.7826889884,-3.29665108766212e-10,4.63049657129573e-17,-1134202.56430056,"MPA"
"290","Callinectes","MT_20",2049,3469.57322247919,3469.57323767535,0,1.94403468347346e-14,7556.50930992285,-1.57908482646417e-11,2.57266233340516e-18,-991785.255078139,2502.52931490923,2502.52931493818,0,1.6139674511019e-14,5450.34931271046,-1.54005784436353e-11,2.96121837062192e-18,-849551.727653152,4816.84562023407,4816.84573739667,0,1.54724753041539e-13,10490.782806151,-1.04976013561891e-10,1.47486376975583e-17,-1134202.56430056,"MPA"
"291","Callinectes","MT_20",2050,3469.57322945651,3469.5732409332,0,6.27961532271097e-15,7556.50932139953,-5.10002931521868e-12,8.31020655850154e-19,-991785.255078139,2502.52931492253,2502.52931494453,0,5.27014502771231e-15,5450.34931273246,-5.02843106510118e-12,9.66937112713511e-19,-849551.727653152,4816.84567402931,4816.84576235611,0,4.92934467216062e-14,10490.7828944778,-3.34360077177374e-11,4.69873865781385e-18,-1134202.56430056,"MPA"
"292","Callinectes","MT_20",2051,3469.57323472604,3469.57324339884,0,2.02872482291806e-15,7556.50933007234,-1.6474100200995e-12,2.68473806703665e-19,-991785.255078139,2502.52931493263,2502.52931494935,0,1.72100635062631e-15,5450.34931274918,-1.64195138859236e-12,3.15760743372155e-19,-849551.727653152,4816.84571458459,4816.84578121417,0,1.57080194683919e-14,10490.7829611074,-1.0652310080918e-11,1.49731622763148e-18,-1134202.56430056,"MPA"
"293","Callinectes","MT_20",2052,3469.57323870816,3469.57324526593,0,6.55501315977873e-16,7556.50933663011,-5.32220753099215e-13,8.67465766722038e-20,-991785.255078139,2502.52931494031,2502.52931495301,0,5.62049122164035e-16,5450.34931276188,-5.36191841461024e-13,1.03121669807349e-19,-849551.727653152,4816.84574517758,4816.84579547059,0,5.00673228461589e-15,10490.7830114004,-3.39450178173595e-12,4.77250583029851e-19,-1134202.56430056,"MPA"
"294","Callinectes","MT_20",2053,3469.57324171916,3469.57324668049,0,2.11828097087337e-16,7556.50934159144,-1.7196585742234e-13,2.80325329659656e-20,-991785.255078139,2502.52931494614,2502.52931495579,0,1.83568327308397e-16,5450.34931277154,-1.75110425184711e-13,3.36801031960603e-20,-849551.727653152,4816.84576826963,4816.84580625418,0,1.59619470033202e-15,10490.7830493849,-1.08195444925309e-12,1.52152103289109e-19,-1134202.56430056,"MPA"
"295","Callinectes","MT_20",2054,3469.57324399716,3469.57324775271,0,6.84624415928795e-17,7556.50934534699,-5.55715136221057e-14,9.06006179545141e-21,-991785.255078139,2502.52931495057,2502.52931495791,0,5.99587655241316e-17,5450.34931277887,-5.71920257104557e-14,1.10009032602063e-20,-849551.727653152,4816.84578571024,4816.8458144152,0,5.08995334845486e-16,10490.7830780899,-3.44937546375332e-13,4.85183358048502e-20,-1134202.56430056,"MPA"
"296","Callinectes","MT_20",2055,3469.57324572152,3469.57324856582,0,2.21298909142567e-17,7556.50934819129,-1.79606084150219e-14,2.92858645478219e-21,-991785.255078139,2502.52931495394,2502.52931495951,0,1.958568872852e-17,5450.34931278445,-1.86805823733209e-14,3.59347403341644e-21,-849551.727653152,4816.84579889013,4816.84582059455,0,1.62343945101839e-16,10490.7830997943,-1.0999385052806e-13,1.54749120150021e-20,-1134202.56430056,"MPA"
"297","Callinectes","MT_20",2056,3469.57324702748,3469.57324918268,0,7.15423965038076e-18,7556.50935034649,-5.80561101142552e-15,9.46765142569917e-22,-991785.255078139,2502.5293149565,2502.52931496074,0,6.39817365500224e-18,5450.34931278869,-6.10206144894021e-15,1.17390157727956e-21,-849551.727653152,4816.84580885572,4816.84582527565,0,5.17905695677315e-17,10490.7831162142,-3.50825132576119e-14,4.93676869258322e-21,-1134202.56430056,"MPA"
"298","Callinectes","MT_20",2057,3469.57324801704,3469.57324965087,0,2.31315250506125e-18,7556.50935198032,-1.87686114847705e-15,3.06113894367487e-22,-991785.255078139,2502.52931495845,2502.52931496167,0,2.09027768075242e-18,5450.34931279191,-1.99339677786885e-15,3.83512608237384e-22,-849551.727653152,4816.84581639493,4816.84582882336,0,1.65255357481465e-17,10490.7831286426,-1.11919378242184e-14,1.57524329357338e-21,-1134202.56430056,"MPA"
"299","Callinectes","MT_20",2058,3469.57324876721,3469.57325000634,0,7.47998751955774e-19,7556.50935321944,-6.06838221554868e-16,9.89873388774623e-23,-991785.255078139,2502.52931495993,2502.52931496238,0,6.8293992450747e-19,5450.34931279436,-6.51240966303275e-16,1.25302046770584e-22,-849551.727653152,4816.84582210145,4816.84583151327,0,5.27410387326669e-18,10490.7831380545,-3.57116691048627e-15,5.02736908064329e-22,-1134202.56430056,"MPA"
"300","Callinectes","MT_20",2059,3469.57324933616,3469.57325027633,0,2.41909296212843e-19,7556.50935415961,-1.96231865936571e-16,3.20133655508059e-23,-991785.255078139,2502.52931496105,2502.52931496291,0,2.23147154139397e-19,5450.34931279622,-2.12774819565107e-16,4.09418078242385e-23,-849551.727653152,4816.84582642289,4816.84583355361,0,1.68355811516905e-18,10490.7831451852,-1.1397334101235e-15,1.60479736642558e-22,-1134202.56430056,"MPA"
"301","Callinectes","MT_20",2060,3469.57324976784,3469.57325048147,0,7.82453570963573e-20,7556.50935487324,-6.34630906152589e-17,1.03546959884659e-23,-991785.255078139,2502.52931496191,2502.52931496332,0,7.29172541185111e-20,5450.34931279764,-6.95230923755091e-17,1.33784552023698e-23,-849551.727653152,4816.84582969696,4816.84583510185,0,5.3751663934434e-19,10490.7831505901,-3.63816768901051e-16,5.12370365401234e-23,-1134202.56430056,"MPA"
"302","Callinectes","MT_20",2061,3469.5732500955,3469.57325063738,0,2.53115178334504e-20,7556.50935541512,-2.05270829387349e-17,3.3496309796954e-24,-991785.255078139,2502.52931496256,2502.52931496364,0,2.38286332331485e-20,5450.34931279872,-2.27178922061501e-17,4.37194606540134e-24,-849551.727653152,4816.84583217862,4816.84583627712,0,1.71647774352737e-19,10490.7831546886,-1.16157301052946e-16,1.63617693635282e-23,-1134202.56430056,"MPA"
"303","Callinectes","MT_20",2062,3469.5732503443,3469.57325075592,0,8.18899593735682e-21,7556.50935582674,-6.64028697809673e-18,1.08370089312286e-24,-991785.255078139,2502.52931496305,2502.52931496387,0,7.78749180752315e-21,5450.34931279954,-7.42398116542607e-18,1.42880600133945e-24,-849551.727653152,4816.84583406045,4816.84583716958,0,5.48232823328205e-20,10490.7831577977,-3.70930697412501e-17,5.22585220992962e-24,-1134202.56430056,"MPA"
"304","Callinectes","MT_20",2063,3469.5732505333,3469.57325084607,0,2.64969107160813e-21,7556.50935613951,-2.14832170241322e-18,3.50650141068697e-25,-991785.255078139,2502.52931496343,2502.52931496405,0,2.5452209237828e-21,5450.34931280017,-2.42624878813962e-18,4.66983082681624e-25,-849551.727653152,4816.84583548801,4816.84583784752,0,1.75134072841143e-20,10490.7831601572,-1.18473067413139e-17,1.66940894885402e-24,-1134202.56430056,"MPA"
"305","Callinectes","MT_20",2064,3469.57325067691,3469.57325091465,0,8.57454764350112e-22,7556.50935637725,-6.9512659147243e-19,1.13472335431347e-25,-991785.255078139,2502.52931496372,2502.52931496419,0,8.31921880508176e-22,5450.34931280064,-7.92981788553407e-19,1.52636433513427e-25,-849551.727653152,4816.84583657138,4816.84583836266,0,5.59568444487256e-21,10490.7831619485,-3.78464585282096e-18,5.33390535239008e-25,-1134202.56430056,"MPA"
"306","Callinectes","MT_20",2065,3469.57325078607,3469.57325096683,0,2.77509499961606e-22,7556.50935655802,-2.24946830234852e-19,3.67245624763728e-26,-991785.255078139,2502.52931496394,2502.5293149643,0,2.71937159187258e-22,5450.34931280101,-2.591912138462e-19,4.98935285759738e-26,-849551.727653152,4816.84583739384,4816.84583875422,0,1.78817891294045e-21,10490.7831633089,-1.20922694137455e-18,1.70452375703125e-25,-1134202.56430056,"MPA"
"307","Callinectes","MT_40",2015,1199.46185454018,1199.46185454018,2213.7455512481,410.097094307326,4415.99991094077,-969913.672488342,0.156983890387103,-2157833.20321202,87.1064874664477,87.1064874664477,176.255511035078,22.4033282195791,343.564559515499,-615751.678645036,0.11809102078251,-1602452.88104639,1640.98186083707,1640.98186083707,3817.27659378698,8149.87268812527,0,-16468058.8735749,2.28035194618821,-17869044.0674173,"MPA"
"308","Callinectes","MT_40",2016,2027.60751610043,2019.03621051666,2692.84950158663,265.455533407026,6834.8225735366,-372860.945904622,0.0603699701006048,-1560780.4766283,157.747757515456,157.747587880002,311.291210282656,15.3561319038737,639.499468258827,-233033.68579123,0.0446970678376028,-1219734.88819258,0,0,0,0,0,-6389478.62671861,0.885054895468844,-7790463.82056098,"MPA"
"309","Callinectes","MT_40",2017,3138.21057536284,3128.0989497494,1992.08298165005,158.196916193902,8658.5970133793,-143365.276020685,0.0232214007956463,-1331284.80674437,293.626348399901,293.621764130303,551.130464628047,10.8196233526456,1179.80572526463,-88200.0746578674,0.0169193669791631,-1074901.27705922,0,0,0,0,0,-2479897.6085791,0.343684046298138,-3880882.80242147,"MPA"
"310","Callinectes","MT_40",2018,3975.59708724552,3973.25589442857,446.918229241143,77.3146278922347,9025.85942191126,-55139.0125078054,0.00893420963977727,-1243058.54323149,541.708107864355,541.687359920673,921.462976567836,7.5566066165841,2093.6913472722,-33385.0695714528,0.00640519383949325,-1020086.27197281,0,0,0,0,0,-962992.520447051,0.13352652755962,-2363977.71428942,"MPA"
"311","Callinectes","MT_40",2019,4144.22571834572,4143.65398049797,29.6435154751093,31.0281390728079,9023.90306046581,-21213.6863504335,0.00343812470112864,-1209133.21707411,961.318930647163,961.261775000745,1349.14628439245,5.0771582533453,3437.70331776488,-12637.5728600987,0.00242506764292098,-999338.775261453,0,0,0,0,0,-374137.376192424,0.0519030384604615,-1775122.57003479,"MPA"
"312","Callinectes","MT_40",2020,4143.32745447548,4143.04337624866,31.962047296155,11.9408614658064,9043.64016806935,-8163.59925930742,0.00132337773050803,-1196083.12998299,1578.42237903002,1578.31478069153,1524.38628521266,3.1565723077027,4958.82543233136,-4784.10997702788,0.000918246389720944,-991485.312378383,0,0,0,0,0,-145430.776797075,0.0201851943486058,-1546415.97063944,"MPA"
"313","Callinectes","MT_40",2021,4152.38975260276,4152.26435659693,8.54076649157571,4.60767580365603,9047.44786275143,-3142.26849055669,0.000509497641901132,-1191061.79921424,2276.84599646721,2276.72240965041,1071.08421183794,1.7242953699037,6028.0617619826,-1811.23703997064,0.000347727029007088,-988512.439441325,0,0,0,0,0,-56558.3168344545,0.00785390696156286,-1457543.51067682,"MPA"
"314","Callinectes","MT_40",2022,4154.13805661366,4154.12663182425,4.02600471795451,1.77505396881584,9049.68738871116,-1209.766466706,0.000196198670616621,-1189129.29719039,2767.78613736649,2767.73010748436,338.32373613379,0.79384870980731,6365.53561952445,-685.822075941928,0.000131692423948577,-987387.024477297,0,0,0,0,0,-22006.4147339301,0.00305737591782349,-1422991.60857629,"MPA"
"315","Callinectes","MT_40",2023,4155.16633554483,4155.1172836411,1.34365698276473,0.683879270328484,9050.29811451987,-465.859926494705,7.55692004798558e-05,-1188385.39065018,2922.73734747498,2922.74351198231,36.0681167463734,0.31751189864744,6401.2923888795,-259.728862577091,4.98798554112016e-05,-986960.931263932,0,0,0,0,0,-8566.67678576185,0.00119074750994194,-1409551.87062813,"MPA"
"316","Callinectes","MT_40",2024,4155.44675045991,4155.46338554342,0.633573528107547,0.263480102486479,9050.68484302901,-179.433738468718,2.91130570195693e-05,-1188098.96446215,2939.15507749263,2939.153854273,2.04746215982791,0.120947984709919,6403.21767983499,-98.3746427835995,1.88943126220839e-05,-986799.577044138,0,0,0,0,0,-3336.43926206664,0.000463976134884662,-1404321.63310443,"MPA"
"317","Callinectes","MT_40",2025,4155.6243169562,4155.60106577986,0.171315818156255,0.101532708709611,9050.73137496212,-69.1268992199364,1.12182294501377e-05,-1187988.6576229,2940.03907533927,2940.03793398003,0.204803444941854,0.0458328169818959,6403.37550910371,-37.2639597190919,7.15777946458985e-06,-986738.466361074,0,0,0,0,0,-1300.04739053924,0.00018087309921822,-1402285.2412329,"MPA"
"318","Callinectes","MT_40",2026,4155.64568210548,4155.64734290341,0.120635501133718,0.0391324370833727,9050.8145388241,-26.6368940345275,4.32368088087719e-06,-1187946.16761772,2940.11154268935,2940.11254639881,0.0536989438003367,0.0173650326286898,6403.41284672434,-14.1167983761937,2.71185621332492e-06,-986715.319199731,0,0,0,0,0,-506.801067938214,7.05426633041205e-05,-1401491.9949103,"MPA"
"319","Callinectes","MT_40",2027,4155.68386681449,4155.68689991586,0.03557990666617,0.0150856011517989,9050.83806623098,-10.2662750208922,1.6667674520436e-06,-1187929.7969987,2940.12868626764,2940.12777461916,0.0179511135684163,0.00657972057572763,6403.42330646885,-5.34840832197181,1.02753341388858e-06,-986706.550809677,0,0,0,0,0,-197.65845364656,2.7524936477211e-05,-1401182.85229601,"MPA"
"320","Callinectes","MT_40",2028,4155.69466942953,4155.68156236377,0.00083532824638734,0.00581669693289438,9050.81997779654,-3.95762164309558,6.42669501361793e-07,-1187923.48834532,2940.13348886208,2940.13409712953,0.00793665640046691,0.00249332114136614,6403.42935807156,-2.02653379246592,3.89373160421035e-07,-986703.228935147,0,0,0,0,0,-77.1240569320486,1.07447022059851e-05,-1401062.3178993,"MPA"
"321","Callinectes","MT_40",2029,4155.68636412012,4155.68701927023,0.00228083955603553,0.00224325559427174,9050.82067053062,-1.52597336110465,2.47851118987384e-07,-1187921.05669704,2940.13626745705,2940.13584396624,0.00214266473967266,0.00094490743715226,6403.43013233805,-0.767934021765401,1.47562717832081e-07,-986701.970335376,0,0,0,0,0,-30.106337405661,4.19616865616783e-06,-1401015.30017977,"MPA"
"322","Callinectes","MT_40",2030,4155.68668218915,4155.68646525627,0.000126615802422892,0.000865309992689109,9050.81971490355,-0.588504984698356,9.56056997975482e-08,-1187920.11922867,2940.13662296171,2940.13689277946,0.00140135725894535,0.000358129695280306,6403.43144538337,-0.291027843924156,5.59277900532115e-08,-986701.493429199,0,0,0,0,0,-11.7575403163131,1.63945244918887e-06,-1400996.95138268,"MPA"
"323","Callinectes","MT_40",2031,4155.68624341273,4155.68624856429,0,0.000333851601063534,9050.81938620351,-0.227008984785584,3.68863400675597e-08,-1187919.75773267,2940.13722584681,2940.13705083138,0.000160859088721399,0.000135747430260837,6403.4312954796,-0.110302550615487,2.11991697702929e-08,-986701.312703905,0,0,0,0,0,-4.59369721464441,6.40809345909217e-07,-1400989.78753958,"MPA"
"324","Callinectes","MT_40",2032,4155.68609249002,4155.68627443275,0,0.000128831857719422,9050.81943931438,-0.0875840104621717,1.42342759832219e-08,-1187919.61830769,2940.13715701846,2940.13725929682,0.000287766575256838,5.14591700648943e-05,6403.43163406537,-0.0418096709060418,8.03618680840511e-09,-986701.244211026,0,0,0,0,0,-1.79552881138925,2.50576135918105e-07,-1400986.98937118,"MPA"
"325","Callinectes","MT_40",2033,4155.68611687589,4155.68636099563,0,4.97256265605563e-05,9050.81963370849,-0.0337982834388374,5.49404699625496e-09,-1187919.56452196,2940.1373124802,2940.13724707179,5.58055741157706e-06,1.95089430287484e-05,6403.43155472857,-0.01584922095671,3.04663876213602e-09,-986701.218250576,0,0,0,0,0,-0.702106912702995,9.80230317665924e-08,-1400985.89594928,"MPA"
"326","Callinectes","MT_40",2034,4155.686206132,4155.68645044304,0,1.91965664664988e-05,9050.81985882297,-0.0130452267345065,2.12097549471343e-09,-1187919.54376891,2940.13727605269,2940.13729841244,3.97008619519206e-05,7.39680603679696e-06,6403.43160939238,-0.00600867700912924,1.15513158441405e-09,-986701.208410032,0,0,0,0,0,-0.274657632321071,3.83610746976355e-08,-1400985.4685,"MPA"
"327","Callinectes","MT_40",2035,4155.68630949337,4155.68652678903,0,7.41228736588451e-06,9050.82006870635,-0.00503610657958649,8.18963090961572e-10,-1187919.53575979,2940.13730115159,2940.13729227368,2.12611364691784e-07,2.80474943378613e-06,6403.43159792233,-0.00227818692521523,4.38007244377547e-10,-986701.204679542,0,0,0,0,0,-0.107486595342536,1.50184199887066e-08,-1400985.30132896,"MPA"
"328","Callinectes","MT_40",2036,4155.68640586138,4155.68658770627,0,2.86263137342438e-06,9050.82024768861,-0.00194457004385375,3.16284199760194e-10,-1187919.53266825,2940.13729588512,2940.13729495461,1.02834137966245e-07,1.06361149253857e-06,6403.43159603105,-0.000863851695127637,1.66100234896871e-10,-986701.203265206,0,0,0,0,0,-0.0420811680781683,5.88200220290549e-09,-1400985.23592353,"MPA"
"329","Callinectes","MT_40",2037,4155.68648804113,4155.68663492714,0,1.10576329593831e-06,9050.82039346886,-0.000750994503876945,1.22172716691252e-10,-1187919.53147468,2940.13729501673,2940.13729489537,4.06630900897346e-07,4.0337675493426e-07,6403.43159591293,-0.000327588119417279,6.29938414882918e-11,-986701.202728943,0,0,0,0,0,-0.0164811959928375,2.30457145930803e-09,-1400985.21032356,"MPA"
"330","Callinectes","MT_40",2038,4155.68655497617,4155.68667103624,0,4.27210132063409e-07,9050.82050910172,-0.000290090490854401,4.72012606509117e-11,-1187919.53101377,2940.1372949625,2940.13729489437,1.59744999243331e-07,1.52995049868057e-07,6403.43159585155,-0.00012423844000481,2.38926656085336e-11,-986701.202525593,0,0,0,0,0,-0.00645734098528448,9.03266343820751e-10,-1400985.20029971,"MPA"
"331","Callinectes","MT_40",2039,4155.68660806903,4155.68669846309,0,1.65083095562135e-07,9050.8205993307,-0.000112076061185291,1.82395723668041e-11,-1187919.53083576,2940.13729493432,2940.13729494772,1.65986983412091e-07,5.80339757473405e-08,6403.4315959729,-4.71218683069601e-05,9.06294927630483e-12,-986701.202448476,0,0,0,0,0,-0.002530925547578,3.54159361124667e-10,-1400985.19637329,"MPA"
"332","Callinectes","MT_40",2040,4155.68664949769,4155.68671922482,0,6.38034840476727e-08,9050.82066899404,-4.33085769399594e-05,7.04946953339729e-12,-1187919.53076699,2940.13729499004,2940.13729498309,3.978830617574e-08,2.20153434604873e-08,6403.43159598373,-1.78742342636796e-05,3.43805397629802e-12,-986701.202419229,0,0,0,0,0,-0.00099234404239266,1.38910626776853e-10,-1400985.19483471,"MPA"
"333","Callinectes","MT_40",2041,4155.68668148363,4155.68673491509,0,2.46641385659637e-08,9050.82072240083,-1.67384677410126e-05,2.72507206495987e-12,-1187919.53074042,2940.13729499501,2940.13729499561,2.55809558379482e-08,8.35230921889724e-09,6403.43159600156,-6.78063843347267e-06,1.30434894067425e-12,-986701.202408135,0,0,0,0,0,-0.000389223462763468,5.4503284770242e-11,-1400985.19423159,"MPA"
"334","Callinectes","MT_40",2042,4155.68670600537,4155.68674676415,0,9.53600134737307e-09,9050.82076315008,-6.47049123838423e-06,1.05360625745295e-12,-1187919.53073015,2940.1372950032,2940.13729500174,5.90610254805927e-09,3.1690229099069e-09,6403.43159600285,-2.57247809917121e-06,4.94894473751521e-13,-986701.202403927,0,0,0,0,0,-0.000152716589957766,2.1392274990002e-11,-1400985.19399508,"MPA"
"335","Callinectes","MT_40",2043,4155.6867247154,4155.68675571071,0,3.68760565163047e-09,9050.82079414171,-2.50171367766676e-06,4.07433286803162e-13,-1187919.53072618,2940.13729500378,2940.13729500375,2.415092937483e-09,1.20249052511262e-09,6403.43159600402,-9.76046482215528e-07,1.87788454844008e-13,-986701.202402331,0,0,0,0,0,-5.99405210471942e-05,8.3991436559639e-12,-1400985.1939023,"MPA"
"336","Callinectes","MT_40",2044,4155.68673894521,4155.68676246656,0,1.4262625247878e-09,9050.82081766162,-9.67421576248209e-07,1.5758377690372e-13,-1187919.53072465,2940.13729500433,2940.13729500391,2.48379661825156e-11,4.56325951986539e-10,6403.43159600318,-3.70362310497754e-07,7.12627198627873e-14,-986701.202401725,0,0,0,0,0,-2.35341518059209e-05,3.29878084734858e-12,-1400985.1938659,"MPA"
"337","Callinectes","MT_40",2045,4155.68674974439,4155.68676756964,0,5.51734716647827e-10,9050.82083548633,-3.74171553432152e-07,6.09596331392226e-14,-1187919.53072405,2940.13729500394,2940.13729500462,3.39240340824462e-15,1.73183153574e-10,6403.43159600368,-1.40546582603602e-07,2.70453663754448e-14,-986701.202401495,0,0,0,0,0,-9.24308624973226e-06,1.29601206913089e-12,-1400985.19385161,"MPA"
"338","Callinectes","MT_40",2046,4155.6867579286,4155.68677142585,0,2.13469581993515e-10,9050.82084898336,-1.44744345366632e-07,2.35856598947821e-14,-1187919.53072383,2940.13729500417,2940.13729500556,0,6.57313927430403e-11,6403.431596005,-5.33397241453878e-08,1.02650261438045e-14,-986701.202401408,0,0,0,0,0,-3.63138743978677e-06,5.09329107911151e-13,-1400985.193846,"MPA"
"339","Callinectes","MT_40",2047,4155.68676412577,4155.68677434117,0,8.26067503040607e-11,9050.82085919867,-5.60024843606001e-08,9.12698988108084e-15,-1187919.53072374,2940.13729500478,2940.13729500646,0,2.49503409050614e-11,6403.43159600667,-2.02450081561049e-08,3.89640156703286e-15,-986701.202401375,0,0,0,0,0,-1.42712507795293e-06,2.00225135943979e-13,-1400985.19384379,"MPA"
"340","Callinectes","MT_40",2048,4155.68676881614,4155.68677654624,0,3.1971861738934e-11,9050.82086692875,-2.16713931411909e-08,3.53248199652833e-15,-1187919.5307237,2940.13729500554,2940.13729500725,0,9.4714469914807e-12,6403.43159600837,-7.68460600089658e-09,1.47912050741471e-15,-986701.202401362,0,0,0,0,0,-5.61024901785179e-07,7.87346986955864e-14,-1400985.19384293,"MPA"
"341","Callinectes","MT_40",2049,4155.6867723654,4155.6867782149,0,1.23763380844524e-11,9050.82087277824,-8.38762912070192e-09,1.36742713908565e-15,-1187919.53072369,2940.13729500632,2940.1372950079,0,3.5957717831214e-12,6403.43159600995,-2.91716809260600e-09,5.61538251671629e-16,-986701.202401357,0,0,0,0,0,-2.20612294228312e-07,3.0969777198816e-14,-1400985.19384258,"MPA"
"342","Callinectes","MT_40",2050,4155.6867750512,4155.68677947827,0,4.79167386304214e-12,9050.8208772053,-3.24685920650141e-09,5.29418704710949e-16,-1187919.53072368,2940.13729500704,2940.13729500842,0,1.36522295315305e-12,6403.43159601132,-1.10748344191198e-09,2.13201770438797e-16,-986701.202401356,0,0,0,0,0,-8.67763986242761e-08,1.21851602183733e-14,-1400985.19384245,"MPA"
"343","Callinectes","MT_40",2051,4155.68677708388,4155.68678043523,0,1.85546251140548e-12,9050.82088055664,-1.25706733934921e-09,2.05004887023743e-16,-1187919.53072368,2940.13729500768,2940.13729500883,0,5.18382642198246e-13,6403.43159601247,-4.20483252644666e-10,8.09538814346272e-17,-986701.202401355,0,0,0,0,0,-3.41424581010761e-08,4.79559635364327e-15,-1400985.1938424,"MPA"
"344","Callinectes","MT_40",2052,4155.68677862265,4155.68678116042,0,7.18597933086253e-13,9050.82088309441,-4.86769631656983e-10,7.93958849223658e-17,-1187919.53072368,2940.13729500821,2940.13729500915,0,1.96848659228882e-13,6403.43159601342,-1.59659796960337e-10,3.07411200193757e-17,-986701.202401355,0,0,0,0,0,-1.34371189741973e-08,1.88785757544163e-15,-1400985.19384238,"MPA"
"345","Callinectes","MT_40",2053,4155.68677978787,4155.68678171023,0,2.78347670496607e-13,9050.82088501677,-1.88519923694588e-10,3.07538591351768e-17,-1187919.53072368,2940.13729500864,2940.1372950094,0,7.47565657530927e-14,6403.43159601417,-6.06286059871056e-11,1.16744537100441e-17,-986701.202401355,0,0,0,0,0,-5.28972102255374e-09,7.43375301917569e-16,-1400985.19384237,"MPA"
"346","Callinectes","MT_40",2054,4155.68678067052,4155.68678212725,0,1.07834088034947e-13,9050.8208864735,-7.3022867408632e-11,1.19142881518511e-17,-1187919.53072368,2940.13729500899,2940.13729500959,0,2.83923161740066e-14,6403.43159601477,-2.3024725633121e-11,4.43392199140215e-18,-986701.202401354,0,0,0,0,0,-2.08291558290922e-09,2.92790138868955e-16,-1400985.19384237,"MPA"
"347","Callinectes","MT_40",2055,4155.68678133938,4155.68678244367,0,4.1782113729113e-14,9050.82088757779,-2.8289636112225e-11,4.61638941408472e-18,-1187919.53072368,2940.13729500926,2940.13729500973,0,1.07841676262912e-14,6403.43159601525,-8.74472072666347e-12,1.68412318685543e-18,-986701.202401354,0,0,0,0,0,-8.20389298916913e-10,1.15348342342616e-16,-1400985.19384237,"MPA"
"348","Callinectes","MT_40",2056,4155.68678184641,4155.68678268386,0,1.61915942733697e-14,9050.82088841523,-1.09612907638535e-11,1.78896416960217e-18,-1187919.53072368,2940.13729500948,2940.13729500984,0,4.09643897245432e-15,6403.43159601561,-3.32148083951563e-12,6.39725576986482e-19,-986701.202401354,0,0,0,0,0,-3.2320263951253e-10,4.54537897168803e-17,-1400985.19384236,"MPA"
"349","Callinectes","MT_40",2057,4155.68678223093,4155.68678286624,0,6.27556312738804e-15,9050.82088905055,-4.24776912651593e-12,6.93369497060618e-19,-1187919.53072368,2940.13729500965,2940.13729500993,0,1.55618105995343e-15,6403.43159601589,-1.26168694967982e-12,2.43022984882314e-19,-986701.202401354,0,0,0,0,0,-1.27360172794747e-10,1.7915542353271e-17,-1400985.19384236,"MPA"
"350","Callinectes","MT_40",2058,4155.68678252263,4155.68678300479,0,2.43264477590902e-15,9050.8208895327,-1.64635692146747e-12,2.68776148122809e-19,-1187919.53072368,2940.13729500978,2940.13729500999,0,5.91217473202634e-16,6403.43159601611,-4.79297591855905e-13,9.23282250052423e-20,-986701.202401354,0,0,0,0,0,-5.01988191531769e-11,7.06298514682927e-18,-1400985.19384236,"MPA"
"351","Callinectes","MT_40",2059,4155.68678274401,4155.68678311006,0,9.4311927133716e-16,9050.82088989875,-6.38189989123005e-13,1.04202622375139e-19,-1187919.53072368,2940.13729500988,2940.13729501004,0,2.24629928237045e-16,6403.43159601628,-1.82092635915786e-13,3.50796170567042e-20,-986701.202401354,0,0,0,0,0,-1.97902752300727e-11,2.78511098776477e-18,-1400985.19384236,"MPA"
"352","Callinectes","MT_40",2060,4155.68678291208,4155.68678319009,0,3.65692036471384e-16,9050.82089017675,-2.47421770512877e-13,4.04042949164387e-20,-1187919.53072368,2940.13729500995,2940.13729501008,0,8.53534182403552e-17,6403.43159601641,-6.9185126611163e-14,1.33293245911232e-20,-986701.202401354,0,0,0,0,0,-7.80379851413226e-12,1.09847472753928e-18,-1400985.19384236,"MPA"
"353","Callinectes","MT_40",2061,4155.68678303973,4155.68678325093,0,1.41815723811226e-16,9050.82089038795,-9.59371458864038e-14,1.56688244670856e-20,-1187919.53072368,2940.13729501001,2940.13729501011,0,3.2434475657493e-17,6403.43159601651,-2.62885141530331e-14,5.06517094329087e-21,-986701.202401354,0,0,0,0,0,-3.0778936581851e-12,4.33339731095605e-19,-1400985.19384236,"MPA"
"354","Callinectes","MT_40",2062,4155.6867831367,4155.68678329721,0,5.50037517295478e-17,9050.82089054846,-3.72045175364669e-14,6.07721138178281e-21,-1187919.53072368,2940.13729501006,2940.13729501013,0,1.23260869417112e-17,6403.43159601658,-9.98968980910784e-15,1.92491896835114e-21,-986701.202401354,0,0,0,0,0,-1.21420509433715e-12,1.70983976516997e-19,-1400985.19384236,"MPA"
"355","Callinectes","MT_40",2063,4155.6867832104,4155.68678333242,0,2.13362620877413e-17,9050.82089067048,-1.44299093975623e-14,2.35738419152907e-21,-1187919.53072368,2940.13729501009,2940.13729501015,0,4.6846340747568e-18,6403.43159601664,-3.79638587064197e-15,7.31581809614551e-22,-986701.202401354,0,0,0,0,0,-4.79092038969206e-13,6.74789670983789e-20,-1400985.19384236,"MPA"
"356","Callinectes","MT_40",2064,4155.68678326642,4155.68678335921,0,8.27754441171404e-18,9050.82089076326,-5.59744234024498e-15,9.14562834874577e-22,-1187919.53072368,2940.13729501012,2940.13729501016,0,1.78056543595411e-18,6403.43159601668,-1.44284870735023e-15,2.78064254963188e-22,-986701.202401354,0,0,0,0,0,-1.8907406760121e-13,2.66357698234319e-20,-1400985.19384236,"MPA"
"357","Callinectes","MT_40",2065,4155.68678330903,4155.6867833796,0,3.2117440521129e-18,9050.82089083384,-2.171564886681e-15,3.54856657851942e-22,-1187919.53072368,2940.13729501014,2940.13729501017,0,6.76817752507047e-19,6403.43159601672,-5.48407089352485e-16,1.05696100966873e-22,-986701.202401354,0,0,0,0,0,-7.46326382984426e-14,1.05158324231784e-20,-1400985.19384236,"MPA"
"358","Callinectes","MT_60",2015,1316.26920918651,1316.26920918651,2459.5426601925,530.519983304249,4795.77310288825,-1143533.19458451,0.1850597033117,-2488361.28273533,146.128457129318,146.128457129318,291.261500358669,42.6952554747963,566.824708883873,-699325.292161356,0.13415277299521,-1804667.28145202,1849.81956346134,1849.81956346134,4319.07693681047,7153.49972697675,1194.36629383372,-12835099.4253565,1.77559548981759,-14437909.3827241,"MPA"
"359","Callinectes","MT_60",2016,2201.98047668369,2190.89197882241,3037.51146887182,384.369841773709,7437.82623212508,-497609.445777969,0.0805575862209092,-1842437.53392878,260.257713592104,260.257378247702,500.034110214966,32.2494224138171,1034.60906134062,-296555.553233794,0.0568957481768296,-1401897.54252446,548.393596737723,548.26242540021,1622.14311046443,934.589686339054,1881.78854662159,-5691608.15866248,0.787710664000178,-7294418.11603006,"MPA"
"360","Callinectes","MT_60",2017,3415.0798631907,3400.69121457988,2426.09427371636,259.774220271969,9589.75763695865,-216579.283775524,0.0350758481671795,-1561407.37192634,475.04102158212,475.031933222668,848.433798254036,24.9669533881565,1858.06681784705,-125767.810951747,0.0241326229678102,-1231109.80024241,864.023704209901,860.655290612071,2423.89097472315,652.771318399439,3649.53978934747,-2524908.38357608,0.349646472653765,-4127718.34094366,"MPA"
"361","Callinectes","MT_60",2018,4403.13973152607,4398.29630815609,731.746953377376,146.337674254024,10170.323492712,-94289.6378424198,0.0152762208165821,-1439117.72599323,853.131866227978,853.091037023462,1320.5469207977,19.0201860811948,3159.55272335904,-53341.4462932201,0.0102370316448866,-1158683.43558388,1675.68715045831,1664.58939638601,4041.92377348795,562.11181587645,7118.25399288667,-1120668.02940542,0.155285377457127,-2723477.986773,"MPA"
"362","Callinectes","MT_60",2019,4669.70669630348,4668.71720403802,89.838105398555,67.6674513748274,10191.5046544703,-41063.5883016445,0.0066546803609978,-1385891.67645246,1450.70946073312,1450.60186741793,1699.50200860603,13.7212621824818,4845.2258764674,-22624.9582130204,0.00434298905664446,-1127966.94750368,3268.34818581646,3244.61190731797,5372.04574640106,487.917595182558,11978.6458656067,-497642.279243004,0.0690034368140931,-2100452.23661058,"MPA"
"363","Callinectes","MT_60",2020,4679.43203227425,4678.57442365134,64.9249400848352,29.5447315181573,10226.0272544141,-17888.2413930087,0.00289961752103665,-1362716.32954382,2224.68673062918,2224.50687887882,1521.70377752697,8.92788999415462,6357.82191224985,-9597.14849194902,0.00184267544269359,-1114939.13778261,5499.99838759852,5473.21046268074,3138.28389755018,366.404278360718,14723.7375598784,-221091.087791665,0.0306795313926885,-1823901.04515924,"MPA"
"364","Callinectes","MT_60",2021,4695.28309308335,4695.12723396293,24.1129319225072,12.9228262250167,10237.0615009911,-7794.35601932498,0.00126373450394096,-1352622.44417014,2919.19559675886,2919.03877791384,719.792709483685,4.9711541000448,7072.48664878847,-4071.44192445338,0.00078190505376984,-1109413.43121512,6760.40795823739,6760.52647891851,0,201.090275883573,14522.7658046759,-98287.8732064194,0.0136476916901995,-1701097.830574,"MPA"
"365","Callinectes","MT_60",2022,4700.34947029018,4700.14828570978,11.1577798864615,5.63921245693407,10242.3788838402,-3396.9965284648,0.000550898862189148,-1348225.08467928,3247.33409778273,3247.30215480161,129.550432323899,2.34679231423503,7199.65834581701,-1727.53899896737,0.000331820495401129,-1107069.52828963,6668.13172418158,6671.45782081925,56.3956496927221,88.2183566308144,14494.2691943755,-43723.4208216691,0.00607429481664787,-1646533.37818925,"MPA"
"366","Callinectes","MT_60",2023,4702.79094801851,4702.72692689308,4.68020887057953,2.46029107357405,10244.5347805118,-1480.84971513458,0.00024020834766418,-1346308.93786595,3305.72501579237,3305.73338666034,10.3035785305569,1.01392717653111,7208.95636803901,-733.115666087807,0.000140830135970232,-1106075.10495675,6655.04749809603,6653.48160814313,99.17652391198,39.195235349993,14552.6845929846,-19460.3824574146,0.0027049298975286,-1622270.33982499,"MPA"
"367","Callinectes","MT_60",2024,4703.78082854011,4703.74792569284,2.11593402310986,1.07322457400331,10245.5445871136,-645.694599410648,0.000104761995099147,-1345473.78275022,3309.99420513168,3309.98670788808,1.41648509875393,0.430926374958238,7209.9344295192,-311.14624100469,5.97765560460665e-05,-1105653.13553167,6681.86894367223,6680.30168805415,23.0594283959007,17.540142259377,14556.636623503,-8665.83454360879,0.00120513780495622,-1611475.79191119,"MPA"
"368","Callinectes","MT_60",2025,4704.24448150591,4704.25666678733,0.910821561637535,0.468223718049181,10245.9993702387,-281.606574692488,4.57001998787257e-05,-1345109.69472551,3310.44328231656,3310.4450278452,0.480314672588738,0.182953204964182,7210.23353651546,-132.068673281039,2.53751659700685e-05,-1105474.05796394,6683.6835195202,6682.0325926669,12.0239491128232,7.81882761652312,14559.190818146,-3860.92243808077,0.000537198440305695,-1606670.87980566,"MPA"
"369","Callinectes","MT_60",2026,4704.45329529691,4704.41504917096,0.405245333687204,0.204306850646878,10246.1620625957,-122.844896496369,1.99402369928977e-05,-1344950.93304731,3310.58061737226,3310.57941514166,0.193967956420425,0.0776745396569882,7210.34862770162,-56.0631900291049,1.07728202914705e-05,-1105398.05248069,6684.85627865973,6682.60686852847,4.94145070139334,3.4880009676327,14558.3948577485,-1721.03237190998,0.000239577949153508,-1604530.98973949,"MPA"
"370","Callinectes","MT_60",2027,4704.5279955353,4704.54971907159,0.212265945496563,0.0891662746396349,10246.3068858029,-53.6005603478233,8.70241090768836e-06,-1344881.68871116,3310.63346152054,3310.63343049957,0.0837803564307602,0.0329798356605599,7210.39939720142,-23.8011710397915,4.57395901033725e-06,-1105365.7904617,6684.49081323468,6686.26231091019,4.32276800903211,1.55623092987533,14562.9328925032,-767.540240934671,0.000106898015035558,-1603577.49760851,"MPA"
"371","Callinectes","MT_60",2028,4704.5944911488,4704.55227907313,0.0570315218256682,0.0389235308706581,10246.2827817182,-23.3926054780605,3.79878804023751e-06,-1344851.48075629,3310.65677234967,3310.65684151914,0.0351728260679904,0.0140041437437946,7210.42063505321,-10.1055784213759,1.94221477284743e-06,-1105352.09486908,6686.57445308125,6685.05045776671,0.0184279428839496,0.694945688897519,14560.7323794426,-342.471050156232,4.77199177492976e-05,-1603152.42841773,"MPA"
"372","Callinectes","MT_60",2029,4704.58342375199,4704.60641218094,0.0406985221352004,0.0169946457834805,10246.3294740235,-10.2113714205669,1.65861608299734e-06,-1344838.29952223,3310.66652371489,3310.66628850836,0.0148391639533019,0.00594709336616783,7210.42929191727,-4.29107554732669,8.24791480435756e-07,-1105346.28036621,6685.56408693296,6685.69982635706,0.460000132880302,0.310324363771371,14561.0177946358,-152.881153788351,2.13124527758581e-05,-1602962.83852137,"MPA"
"373","Callinectes","MT_60",2030,4704.6048625362,4704.59709933968,0.00348538039880826,0.00742180324383778,10246.3177744041,-4.45846007739441,7.24337753863822e-07,-1344832.54661089,3310.67049851629,3310.67067034099,0.00655082639539204,0.00252577068515566,7210.43348879768,-1.82227146053402,3.50294081522917e-07,-1105343.81156212,6685.6951353937,6685.68196251012,0,0.13866217944364,14560.8659595728,-68.2790852764911,9.52285734291405e-06,-1602878.23645285,"MPA"
"374","Callinectes","MT_60",2031,4704.5994906529,4704.59719229332,0.00105277167247315,0.00324188567875061,10246.3132869305,-1.94706357518177,3.16395206696688e-07,-1344830.03521439,3310.67242551503,3310.67227325126,0.00253260185328501,0.00107281370432934,7210.43479632206,-0.773930044711864,1.48786298618416e-07,-1105342.76322071,6685.62542028473,6685.69875550653,0,0.061984578298243,14560.8773102163,-30.5085481975399,4.25694020923971e-06,-1602840.46591578,"MPA"
"375","Callinectes","MT_60",2032,4704.59743022823,4704.59698009956,8.76789967730638e-05,0.00141637699263758,10246.3115081039,-0.850489401107803,1.38232848178669e-07,-1344828.93864022,3310.67302586519,3310.67312897247,0.00128073615746274,0.000455717621468827,7210.43572444787,-0.328724328509968,6.32025162446802e-08,-1105342.31801499,6685.63063193567,6685.72368536733,0,0.0277208905765183,14560.9426427574,-13.6380353896392,1.90379652688943e-06,-1602823.59540297,"MPA"
"376","Callinectes","MT_60",2033,4704.5966134795,4704.59690504385,5.48697775467899e-05,0.000618944611357704,10246.3112355934,-0.37157823438523,6.04065802609871e-08,-1344828.45972905,3310.6734520144,3310.67337744513,0.000392118514586459,0.00019360134639607,7210.43584839577,-0.139637889402441,2.6850159134851e-08,-1105342.12892855,6685.66062938903,6685.74784875706,0,0.012402844815868,14561.0174592806,-6.09922692226897,8.51789842367888e-07,-1602816.0565945,"MPA"
"377","Callinectes","MT_60",2034,4704.59648835624,4704.59697686439,0,0.000270530000995565,10246.3114535715,-0.162376531588257,2.64026734399423e-08,-1344828.25052735,3310.67350892511,3310.67355768297,0.000273446775610704,8.22548879000041e-05,7210.43608834552,-0.0593219981488618,1.14077553236385e-08,-1105342.04861266,6685.69498141526,6685.76858929733,0,0.00555163409404156,14561.0855155286,-2.72889431618681,3.81267280315318e-07,-1602812.68626189,"MPA"
"378","Callinectes","MT_60",2035,4704.59658844097,4704.59708676787,0,0.000118268414205144,10246.31183363,-0.0709719788677299,1.15425357910086e-08,-1344828.15912279,3310.6736190981,3310.67358640997,4.69343373140977e-05,3.49506832355135e-05,7210.43606764104,-0.025203978746619,4.8472357034518e-09,-1105342.01449464,6685.72622945935,6685.78548180994,0,0.00248600177098931,14561.1422818774,-1.22147278513301,1.70729257691403e-07,-1602811.17884036,"MPA"
"379","Callinectes","MT_60",2036,4704.59676294492,4704.59719409356,0,5.17143162156762e-05,10246.3122130643,-0.0310270324738573,5.04711526801366e-09,-1344828.11917785,3310.67360959163,3310.67362906859,6.35403922014159e-05,1.48521723496943e-05,7210.43613580621,-0.0107093483497759,2.05981610727011e-09,-1105342.00000001,6685.75229374328,6685.79886802758,0,0.00111367674007893,14561.187742485,-0.546968366162344,7.64828162561501e-08,-1602810.50433594,"MPA"
"380","Callinectes","MT_60",2037,4704.59693716229,4704.59728570722,0,2.26172838679441e-05,10246.312538992,-0.0135669502916364,2.20735846990951e-09,-1344828.10171776,3310.67364088969,3310.67362806725,3.62377605382001e-06,6.31196274172744e-06,7210.43612029559,-0.00455090067384179,8.75392642405363e-10,-1105341.99384156,6685.77316699316,6685.80930638765,0,0.000499102970239548,14561.2233827765,-0.245029361291861,3.42762620430007e-08,-1602810.20239694,"MPA"
"381","Callinectes","MT_60",2038,4704.59708681205,4704.59735934633,0,9.89365422758905e-06,10246.3128016326,-0.00593351271888998,9.65581933680593e-10,-1344828.09408433,3310.67363376798,3310.67363957517,1.31502226884213e-05,2.6827410483486e-06,7210.43613657026,-0.00193406826567819,3.72063631621627e-10,-1105341.99122473,6685.78953124235,6685.81736394118,0,0.000223764231823335,14561.2509917111,-0.109811471312506,1.53671334486307e-08,-1602810.06717905,"MPA"
"382","Callinectes","MT_60",2039,4704.59720740357,4704.59741671014,0,4.32871091281259e-06,10246.3130066105,-0.0025955424833037,4.22465232962637e-10,-1344828.09074636,3310.6736412405,3310.67363771403,1.59651485449742e-07,1.14033570480912e-06,7210.4361320631,-0.000822027085759034,1.5815072531087e-10,-1105341.99011269,6685.8022078919,6685.82354251279,0,0.000100359136872938,14561.2722259728,-0.0492319591260532,6.8922062476791e-09,-1602810.00659954,"MPA"
"383","Callinectes","MT_60",2040,4704.59730151921,4704.59746061587,0,1.89428343805353e-06,10246.3131638128,-0.00113561203002196,1.84874641231793e-10,-1344828.08928643,3310.67363917104,3310.6736401853,1.86140408777879e-06,4.84759218223549e-07,7210.43613445401,-0.000349413833519288,6.72302214940821e-11,-1105341.98964008,6685.81195760875,6685.82825933511,0,4.50282579869053e-05,14561.2884826709,-0.0220806838899344,3.09233008098963e-09,-1602809.97944826,"MPA"
"384","Callinectes","MT_60",2041,4704.59737369872,4704.59749388047,0,8.29115063844618e-07,10246.3132831655,-0.000496954187577818,8.09183802338849e-11,-1344828.08864777,3310.67364026882,3310.67363991063,1.2143630038694e-08,2.06090779646228e-07,7210.43613390186,-0.000148536589853874,2.85822904195247e-11,-1105341.9894392,6685.81942187594,6685.83184962341,0,2.02102460684992e-05,14561.3008902082,-0.00990695294102876,1.38794356315824e-09,-1602809.96727453,"MPA"
"385","Callinectes","MT_60",2042,4704.59742849951,4704.5975189356,0,3.62966919620039e-07,10246.3133732386,-0.000217513487198809,3.54241481565143e-11,-1344828.08836833,3310.67364001531,3310.67363998785,1.06442485898938e-07,8.76253812850605e-08,7210.43613389322,-6.31489210474066e-05,1.21525771337569e-11,-1105341.98935381,6685.82511879991,6685.8345771428,0,9.07428785329545e-06,14561.3103394768,-0.00444657950407525,6.23178386578568e-10,-1602809.96181416,"MPA"
"386","Callinectes","MT_60",2043,4704.59746985661,4704.59753774629,0,1.58928069337785e-07,10246.3134409694,-9.52222470872307e-05,1.55107562683481e-11,-1344828.08824604,3310.67364001134,3310.67364000666,1.02263063080414e-07,3.72597460311232e-08,7210.43613395354,-2.68495674306738e-05,5.16747466300909e-12,-1105341.98931751,6685.82945743406,6685.83664667136,0,4.07571951669957e-06,14561.3175246383,-0.00199648769130006,2.79900603583556e-10,-1602809.95936407,"MPA"
"387","Callinectes","MT_60",2044,4704.5975009552,4704.59755184623,0,6.96008287689223e-08,10246.3134917908,-4.16938484833245e-05,6.79276787502923e-12,-1344828.08819251,3310.67364003903,3310.67364004573,4.44828011916946e-08,1.58448526937834e-08,7210.43613398887,-1.14168754399725e-05,2.19748880642249e-12,-1105341.98930208,6685.83275650288,6685.83821578416,0,1.83123101768155e-06,14561.3229820884,-0.000896722546404639,1.2575998180241e-10,-1602809.9582643,"MPA"
"388","Callinectes","MT_60",2045,4704.59752428988,4704.59756240907,0,3.0486486165417e-08,10246.3135298795,-1.82593697988126e-05,2.97536144997562e-12,-1344828.08816907,3310.67364005526,3310.67364004961,1.09287248567771e-08,6.73867637273293e-09,7210.43613398742,-4.85507092337633e-06,9.34572645469867e-13,-1105341.98929552,6685.8352622925,6685.83940501322,0,8.23048546232716e-07,14561.3271239861,-0.00040289949235053,5.65229237472286e-11,-1602809.95777048,"MPA"
"389","Callinectes","MT_60",2046,4704.59754177832,4704.59757032265,0,1.33560611650712e-08,10246.3135584105,-7.99795105612691e-06,1.30349916842532e-12,-1344828.08815881,3310.67364005459,3310.67364005837,1.20463107210593e-08,2.86614924288388e-09,7210.43613400038,-2.06481892583133e-06,3.97500121993179e-13,-1105341.98929273,6685.8371640459,6685.84030618842,0,3.700391205392e-07,14561.3302657585,-0.000181083496941372,2.54124584923468e-11,-1602809.95754866,"MPA"
"390","Callinectes","MT_60",2047,4704.59755487832,4704.59757625416,0,5.8522976298481e-09,10246.3135797805,-3.50388439388966e-06,5.71161286115975e-13,-1344828.08815432,3310.67364006054,3310.67364005801,5.10630956222971e-10,1.21915952369336e-09,7210.43613399714,-8.78225763283631e-07,1.6908263259479e-13,-1105341.98929154,6685.83860659156,6685.84098908781,0,1.66420241977856e-07,14561.3326480884,-8.14143456141702e-05,1.14289174883152e-11,-1602809.95744899,"MPA"
"391","Callinectes","MT_60",2048,4704.59756469036,4704.5975807031,0,2.5647810458562e-09,10246.3135957906,-1.53531599044351e-06,2.50312566164523e-13,-1344828.08815235,3310.67364005905,3310.67364006028,2.73736075946511e-09,5.18632261165975e-10,7210.43613400058,-3.73566486782395e-07,7.19280015144489e-14,-1105341.98929104,6685.83970043893,6685.84150664287,0,7.48682151804338e-08,14561.3344542174,-3.66150263886963e-05,5.14157715008241e-12,-1602809.95740419,"MPA"
"392","Callinectes","MT_60",2049,4704.59757204143,4704.59758404275,0,1.12421397131528e-09,10246.3136077908,-6.72855277104602e-07,1.09718872139706e-13,-1344828.08815149,3310.67364006064,3310.67364005993,2.44018968108838e-11,2.20645716355964e-10,7210.43613399968,-1.58915734955616e-07,3.06008835326225e-14,-1105341.98929082,6685.84052972357,6685.84189896354,0,3.369133250564e-08,14561.3358234237,-1.64721622330699e-05,2.31375308499923e-12,-1602809.95738405,"MPA"
"393","Callinectes","MT_60",2050,4704.59757755132,4704.59758655187,0,4.928574895835e-10,10246.3136167909,-2.94930946729186e-07,4.81009569343439e-14,-1344828.08815111,3310.67364006022,3310.67364006039,3.0747215361056e-10,9.38789387336409e-11,7210.43613400006,-6.76087447793338e-08,1.30198696707082e-14,-1105341.98929073,6685.84115839499,6685.84219642572,0,1.51657847046629e-08,14561.3368614393,-7.4126119415775e-06,1.04151053797322e-12,-1602809.95737499,"MPA"
"394","Callinectes","MT_60",2051,4704.5975816837,4704.59758843869,0,2.16105764379655e-10,10246.3136235457,-1.29298273766018e-07,2.10910745524621e-14,-1344828.08815094,3310.6736400604,3310.67364006033,2.25171669618808e-12,3.99463643192104e-11,7210.43613399996,-2.87657395476406e-08,5.54007601992998e-15,-1105341.98929069,6685.84163500011,6685.84242202694,0,6.82864050092948e-09,14561.3376484593,-3.33670584851304e-06,4.68956976032854e-13,-1602809.95737091,"MPA"
"395","Callinectes","MT_60",2052,4704.59758478516,4704.59758985876,0,9.47726144571463e-11,10246.3136286192,-5.66940806442787e-08,9.24943525438315e-15,-1344828.08815087,3310.67364006035,3310.67364006035,4.13373166108262e-11,1.69989648985042e-11,7210.43613399999,-1.2240090561119e-08,2.35755016514848e-15,-1105341.98929068,6685.84199636055,6685.8425931774,0,3.07555157384637e-09,14561.3382452731,-1.50240581110645e-06,2.11213533279054e-13,-1602809.95736908,"MPA"
"396","Callinectes","MT_60",2053,4704.59758711466,4704.59759092846,0,4.15690218135518e-11,10246.3136324329,-2.48630399044634e-08,4.05697339747758e-15,-1344828.08815084,3310.67364006036,3310.67364006036,1.13090612257202e-11,7.2344170370577e-12,7210.43613399999,-5.20870605746004e-09,1.00332586026865e-15,-1105341.98929067,6685.84227038775,6685.84272305835,0,1.38556843648749e-09,14561.3386979423,-6.76668555950467e-07,9.5153921513815e-14,-1602809.95736825,"MPA"
"397","Callinectes","MT_60",2054,4704.59758886575,4704.59759173487,0,1.82358537029782e-11,10246.313635302,-1.0905389215521e-08,1.77974775681685e-15,-1344828.08815082,3310.67364006036,3310.67364006036,1.22471969337686e-11,3.0790742430813e-12,7210.436134,-2.21672037492296e-09,4.2703023587745e-16,-1105341.98929066,6685.84247823094,6685.8428216511,0,6.24375738592226e-10,14561.3390413618,-3.04846311990434e-07,4.28790066321713e-14,-1602809.95736788,"MPA"
"398","Callinectes","MT_60",2055,4704.5975901831,4704.59759234327,0,8.00111784559172e-12,10246.3136374622,-4.78406932754411e-09,7.80877702007854e-16,-1344828.08815082,3310.67364006037,3310.67364006036,1.06849107328356e-12,1.31060568649123e-12,7210.436134,-9.43468779250079e-10,1.81765105762634e-16,-1105341.98929066,6685.84263591211,6685.84289651563,0,2.8143237945806e-10,14561.3393019651,-1.37372236745387e-07,1.93273694583505e-14,-1602809.95736772,"MPA"
"399","Callinectes","MT_60",2056,4704.59759117494,4704.5975928026,0,3.511093826178e-12,10246.3136390899,-2.09904636678403e-09,3.42668978366903e-16,-1344828.08815082,3310.67364006037,3310.67364006037,2.36501876926803e-12,5.5790327507206e-13,7210.436134,-4.01586791838666e-10,7.73744146267838e-17,-1105341.98929066,6685.84275556815,6685.84295337958,0,1.26884658315986e-10,14561.3394997764,-6.19194375384115e-08,8.71380411412871e-15,-1602809.95736764,"MPA"
"400","Callinectes","MT_60",2057,4704.59759192228,4704.59759314963,0,1.54099183339117e-12,10246.3136403172,-9.21114884188792e-10,1.50394755389056e-16,-1344828.08815082,3310.67364006037,3310.67364006037,3.33425968220765e-13,2.37509211062403e-13,7210.436134,-1.70948889282095e-10,3.29396456259359e-17,-1105341.98929066,6685.84284639326,6685.84299658372,0,5.72200518866086e-11,14561.3396499668,-2.79165693357859e-08,3.92958710204355e-15,-1602809.95736761,"MPA"
"401","Callinectes","MT_60",2058,4704.59759248582,4704.59759341198,0,6.76430704344439e-13,10246.3136412434,-4.04270174536939e-10,6.60169821156532e-17,-1344828.08815081,3310.67364006037,3310.67364006037,1.82811291905002e-14,1.011198444529e-13,7210.436134,-7.27759409910982e-11,1.40240954324636e-17,-1105341.98929066,6685.84291535322,6685.84302941879,0,2.58100355258592e-11,14561.3397640323,-1.25892881407176e-08,1.77250418892406e-15,-1602809.95736759,"MPA"
"402","Callinectes","MT_60",2059,4704.59759291107,4704.59759361044,0,2.9696844773011e-13,10246.3136419427,-1.77457630176363e-10,2.89829550536762e-17,-1344828.08815081,3310.67364006037,3310.67364006037,0,4.30552805708157e-14,7210.436134,-3.09844481399911e-11,5.97124498028536e-18,-1105341.98929066,6685.84296772645,6685.84305438035,0,1.16446754979269e-11,14561.3398506862,-5.6786032184617e-09,7.99698083187739e-16,-1602809.95736758,"MPA"
"403","Callinectes","MT_60",2060,4704.59759323218,4704.59759376064,0,1.30394802312547e-13,10246.3136424712,-7.79079314822798e-11,1.27260209738997e-17,-1344828.08815081,3310.67364006037,3310.67364006037,0,1.83337056242021e-14,7210.436134,-1.31927033236348e-11,2.54266250799332e-18,-1105341.98929066,6685.8430075136,6685.84307336151,0,5.25486898184912e-12,14561.3399165341,-2.56200698274687e-09,3.60878122187771e-16,-1602809.95736758,"MPA"
"404","Callinectes","MT_60",2061,4704.59759347483,4704.59759387439,0,5.72627485329498e-14,10246.3136428708,-3.42083120316902e-11,5.58861953001171e-18,-1344828.08815081,3310.67364006037,3310.67364006037,0,7.80742079213807e-15,7210.436134,-5.6176881422276e-12,1.08279452824262e-18,-1105341.98929066,6685.84303774769,6685.84308779887,0,2.37186221886119e-12,14561.3399665853,-1.15615166323477e-09,1.62887634823314e-16,-1602809.95736758,"MPA"
"405","Callinectes","MT_60",2062,4704.59759365829,4704.59759396057,0,2.5150406504218e-14,10246.313643173,-1.50225464110994e-11,2.45458097232013e-18,-1344828.08815081,3310.67364006037,3310.67364006037,0,3.32504958369572e-15,7210.436134,-2.39229624956324e-12,4.61144030943819e-19,-1105341.98929066,6685.8430607287,6685.84309878293,0,1.07079788296955e-12,14561.3400046395,-5.21846014879729e-10,7.35370429800551e-17,-1602809.95736758,"MPA"
"406","Callinectes","MT_60",2063,4704.59759379708,4704.5975940259,0,1.10478487191546e-14,10246.3136434019,-6.59806171782869e-12,1.07822667779787e-18,-1344828.08815081,3310.67364006037,3310.67364006037,0,1.41619016273443e-15,7210.436134,-1.01883885350424e-12,1.96408391450352e-19,-1105341.98929066,6685.84307820131,6685.84310714175,0,4.83518971461458e-13,14561.3400335799,-2.35591933462275e-10,3.32056645410065e-17,-1602809.95736758,"MPA"
"407","Callinectes","MT_60",2064,4704.59759390214,4704.59759407544,0,4.85365954165812e-15,10246.3136435752,-2.8983383502705e-12,4.73698123108233e-19,-1344828.08815081,3310.67364006037,3310.67364006037,0,6.03222637207562e-16,7210.436134,-4.33939261784063e-13,8.36596602476144e-20,-1105341.98929066,6685.84309148932,6685.84311350427,0,2.18376075331922e-13,14561.3400555949,-1.06381578509051e-10,1.49969765714124e-17,-1602809.95736758,"MPA"
"408","Callinectes","MT_60",2065,4704.59759398171,4704.59759411302,0,2.13264604796581e-15,10246.3136437065,-1.27332912913986e-12,2.08137884721393e-19,-1344828.08815081,3310.67364006037,3310.67364006037,0,2.56960282224959e-16,7210.436134,-1.84835336926692e-13,3.56372731759307e-20,-1105341.98929066,6685.84310159749,6685.84311834839,0,9.86460587434895e-14,14561.3400723458,-4.80460807690952e-11,6.77451789236954e-18,-1602809.95736758,"MPA"
"409","Caranx","MT",2015,52.2519454870104,52.2519454870104,23.0221051827988,0.0814076107674503,75.1926561220313,-10297.8030175987,0.00155798199773796,-107776.227618571,18.7366790958291,18.7366790958291,8.26302779955496,0.020791847069178,26.9789197324858,-6775.96982648753,0.00110968660800967,-85845.8081085898,67.3463156934169,67.3463156934169,30.7587996725148,0.347401639916574,97.7577305625982,-36850.1887420831,0.0051584344219757,-156488.879927125,"MPA"
"410","Caranx","MT",2016,75.1926373238673,75.1889327662787,31.9439185078882,0.0114597603139107,107.121410312017,-1007.29432034344,0.000152412851952743,-98485.7189213158,26.9789129877559,26.978912834315,11.7300656502127,0.0025715365671003,38.7064136926905,-581.986708827103,9.5316521144335e-05,-79651.8249909294,97.7577061231655,97.7577017705944,42.7872744152164,0.056024207535072,140.488976417708,-4093.2790466432,0.00057309295990368,-123731.970231685,"MPA"
"411","Caranx","MT",2017,107.121383531664,107.119436470022,43.1569255261812,0.00159730610152958,150.274791470454,-98.5379831554543,1.49114421402122e-05,-97576.9625841278,38.7064040160871,38.7063957834293,16.4863695477949,0.000316914175657176,55.192458093652,-49.9891661821678,8.18764031198497e-06,-79119.8274482845,140.488941295464,140.488707646538,57.7318795035547,0.00894622691498023,198.211676045422,-454.741608146286,6.36792581556885e-05,-120093.432793188,"MPA"
"412","Caranx","MT",2018,150.274753901756,150.273884863658,56.0845601395318,0.000219250609648602,206.358263321278,-9.64019198804353,1.45900480335174e-06,-97488.0647929604,55.1924442955374,55.1924118310704,22.821487422517,3.88196689183106e-05,78.0138742320329,-4.29397408999154,7.0335098640772e-07,-79074.1322561923,198.211626492503,198.210716436796,74.2894292817196,0.00140270351261509,272.498792567922,-50.5264688600318,7.07679779333714e-06,-119689.217653902,"MPA"
"413","Caranx","MT",2019,206.358211731712,206.357888837095,69.0597486172339,2.94614681630037e-05,275.417659582426,-0.943195902647929,1.42768680761145e-07,-97479.367796875,78.0138547285644,78.0138258905972,30.9139653411263,4.71389735060648e-06,108.927806021295,-0.368861231060211,6.04238340442808e-08,-79070.2071433333,272.498724443224,272.498049223047,89.4590591842712,0.000214341424161223,361.956962190592,-5.61479253126754,7.86577586594499e-07,-119644.305977573,"MPA"
"414","Caranx","MT",2020,275.417590728012,275.417496334686,79.0959460811961,3.84804525144385e-06,354.513507422251,-0.0922895339801327,1.39716742348882e-08,-97478.5168905064,108.927778789343,108.927761043854,40.6221094114746,5.65465520492446e-07,149.549897121814,-0.0316873540948388,5.19119536637913e-09,-79069.8699694564,361.956871701352,361.95659361008,98.556171273347,3.16496812943915e-05,460.512823722986,-0.624035879084766,8.74404558255384e-08,-119639.315220921,"MPA"
"415","Caranx","MT",2021,354.513418793874,354.513397211586,82.5349987301363,4.84770395501977e-07,437.048484085329,-0.00903105623930871,1.36742434661813e-09,-97478.4336320286,149.54985973434,149.549850533971,51.1854206383112,6.67015012230982e-08,200.735308493055,-0.00272224813745248,4.46015026074482e-10,-79069.8410043504,460.51270859478,460.512633584193,96.9779486342539,4.47704021968328e-06,557.490692869613,-0.0693662996383552,9.72185788041443e-09,-119638.760551341,"MPA"
"416","Caranx","MT",2022,437.048374823208,437.048369984472,76.9530313473034,5.84961242005546e-08,514.001510535401,-0.00088381773538119,1.33843558163916e-10,-97478.4254847901,200.735258309228,200.735253960524,60.9483899494918,7.69269500627048e-09,261.68369408615,-0.000233877233464108,3.83225804416429e-11,-79069.8385159795,557.49055349694,557.490536315263,83.5537042085327,6.02683747723519e-07,641.044379293785,-0.00771176900297542,1.08106512884537e-09,-119638.698896811,"MPA"
"417","Caranx","MT",2023,514.001382035023,514.001380769607,63.3116007237671,6.73434159799238e-09,577.313109987017,-8.65024204548165e-05,1.31017933996419e-11,-97478.4246874748,261.683628665227,261.683626733977,67.4145695854077,8.61707552791943e-10,329.098261739446,-2.00940347862371e-05,3.29293560233089e-12,-79069.8383021963,641.04421903269,641.04421535151,62.5444446606945,7.7073977471133e-08,703.588820196225,-0.000857491005696081,1.20231890274065e-10,-119638.692042533,"MPA"
"418","Caranx","MT",2024,577.31296565874,577.312965398775,45.9836749862157,7.40481492302473e-10,623.296784712527,-8.46716429397982e-06,1.28263411915141e-12,-97478.4246094395,329.098179464881,329.098178669641,68.0346113514072,9.31237824418466e-11,397.13287229552,-1.72650096156376e-06,2.82966497451924e-13,-79069.8382838288,703.58864429902,703.588643778866,41.097341216253,9.40959612842531e-09,744.686160882914,-9.53623962290858e-05,1.33737146729818e-11,-119638.691280404,"MPA"
"419","Caranx","MT",2025,623.296628888331,623.296628855775,29.9433541324968,7.82722973697646e-11,653.24013881239,-8.2888241428602e-07,1.25577893693014e-13,-97478.4246018013,397.132773012302,397.132772725892,61.7042025325792,9.65708128659001e-12,458.83707454168,-1.48350672992064e-07,2.43170030996668e-14,-79069.8382822506,744.685974711374,744.685974683548,24.3380939567382,1.10795365991626e-09,769.024254810719,-1.06070895957964e-05,1.48781287758035e-12,-119638.691195649,"MPA"
"420","Caranx","MT",2026,653.239975502355,653.239975496531,17.9354248999841,8.03219869008172e-12,671.175563706542,-8.11506858427618e-08,1.22959356182294e-14,-97478.4246010535,458.836959832411,458.836959749632,49.9198889180253,9.58885362907273e-13,508.756963376925,-1.27478860022514e-08,2.08981666066345e-15,-79069.838282115,769.024062554655,769.024062533544,13.4161478680429,1.27305712628389e-10,782.440402657523,-1.18000710690438e-06,1.65541869234882e-13,-119638.691186222,"MPA"
"421","Caranx","MT",2027,671.175395912651,671.175395914838,10.1526129693489,8.08134715113476e-13,681.328176678077,-7.94573194433572e-09,1.20405860822859e-15,-97478.4246009803,508.756836187684,508.756836169964,36.1799085134424,9.13775630954805e-14,544.936871872647,-1.0955065146913e-09,1.79609459276887e-16,-79069.8382821034,782.440207047422,782.440207067436,7.07842599046819,1.44138980277522e-11,789.51882866799,-1.31292471478133e-07,1.84217200170129e-14,-119638.691185173,"MPA"
"422","Caranx","MT",2028,681.328006346032,681.328006343762,5.55100248748183,8.03391867352047e-14,686.879179163288,-7.78065537705377e-10,1.17915550075895e-16,-97478.4246009732,544.936735638429,544.936735635726,23.8702963827949,8.4123831537836e-15,568.807168252739,-9.41500409165726e-11,1.5437353550467e-17,-79069.8382821024,789.518631288283,789.518631267869,3.6437930352339,1.61874093140806e-12,793.162621682808,-1.46103243049743e-08,2.05028793821025e-15,-119638.691185056,"MPA"
"423","Caranx","MT",2029,686.879007443493,686.87900744567,2.97511966645876,7.93253674889211e-15,689.854298831923,-7.61969467842492e-11,1.15486638546172e-17,-97478.4246009725,568.807026050947,568.807026050657,14.6668053200274,7.54751439744541e-16,583.473973572477,-8.09196417948501e-12,1.32690212407657e-18,-79069.8382821023,793.162423392153,793.162423412638,1.8512724819558,1.81018829230347e-13,795.013894185249,-1.62608542259098e-09,2.28224104719284e-16,-119638.691185043,"MPA"
"424","Caranx","MT",2030,689.854126368349,689.854126366241,1.57710977728023,7.80345277610368e-16,691.431408607096,-7.46271956805377e-12,1.13117404491305e-18,-97478.4246009724,583.473827703983,583.473827703959,8.58517964728631,6.65500861268992e-17,592.059153219739,-6.95526559736878e-13,1.14058362739692e-19,-79069.8382821023,795.013695431775,795.013695411342,0.934192392411501,2.01996805413532e-14,795.948086557227,-1.81004516983559e-10,2.54079591427187e-17,-119638.691185042,"MPA"
"425","Caranx","MT",2031,691.431235749244,691.431235751289,0.83108991521592,7.66148755305688e-17,692.262498524357,-7.30961034429816e-13,1.10806183486676e-19,-97478.4246009724,592.059005204951,592.05900520495,4.87462872097143,5.80500420503933e-18,596.93378194071,-5.97858339638943e-14,9.80477064406577e-21,-79069.8382821023,795.947887570205,795.947887590528,0.469784769654723,2.25177013672351e-15,796.417871347204,-2.01510360927011e-11,2.82904145980587e-18,-119638.691185042,"MPA"
"426","Caranx","MT",2032,692.262325458733,692.262325456747,0.436583790746012,7.51460384821986e-18,692.699082313117,-7.16025488870418e-14,1.08551364030814e-20,-97478.4246009724,596.933632707264,596.933632707263,2.71826644170318,5.03148120325656e-19,599.652048382412,-5.13933009629274e-15,8.42887662832308e-22,-79069.8382821023,796.417672242736,796.417672222554,0.235831477098855,2.50905823019326e-16,796.65370280412,-2.24371018120169e-12,3.1504293417587e-19,-119638.691185042,"MPA"
"427","Caranx","MT",2033,692.698909138347,692.698909140275,0.228963446772575,7.3669506408154e-19,692.928045761818,-7.01454666057526e-15,1.06351384445538e-21,-97478.4246009724,599.6518984694,599.651898469401,1.5002222840803,4.34533377711005e-20,601.152270666493,-4.41812103189666e-16,7.24642530419396e-23,-79069.8382821023,796.653503640695,796.653503660723,0.118282999547258,2.79531202178412e-17,796.771985823696,-2.49860217595555e-13,3.50881695766302e-20,-119638.691185042,"MPA"
"428","Caranx","MT",2034,692.927872529807,692.927872527935,0.119973589823406,7.22063802968917e-20,693.04801934977,-6.87238349310159e-16,1.04204730546743e-22,-97478.4246009724,601.152120378425,601.152120378425,0.823201547297567,3.74527941236237e-21,601.97547221379,-3.79831597535513e-17,6.23016762160775e-24,-79069.8382821023,796.771786630699,796.771786610833,0.0592994649453952,3.1141957330741e-18,796.831285268775,-2.78283876952008e-14,3.908515596033e-21,-119638.691185042,"MPA"
"429","Caranx","MT",2035,693.047846087765,693.047846089582,0.0628356778374799,7.07670873458926e-21,693.110855029424,-6.73366689358224e-17,1.0210993375652e-23,-97478.4246009724,601.975321719922,601.975321719923,0.450263151882752,3.22460229632866e-22,602.425735365674,-3.26562753806158e-18,5.35670047231334e-25,-79069.8382821023,796.831086060954,796.831086080655,0.0297223483685048,3.46967780923377e-19,796.861007636844,-3.09983917161765e-15,4.35434435542202e-22,-119638.691185042,"MPA"
"430","Caranx","MT",2036,693.11068175171,693.110681749948,0.0329020318303252,6.93565324142419e-22,693.143757059492,-6.5983016301829e-18,1.00065569469833e-24,-97478.4246009724,602.42558475924,602.425584759239,0.24584574851289,2.77472638921188e-23,602.671581114186,-2.80778654488968e-19,4.60592273257983e-26,-79069.8382821023,796.860808421593,796.860808402058,0.0148958997924198,3.8661230006886e-20,796.875903517102,-3.45342536549327e-16,4.85169052524468e-23,-119638.691185042,"MPA"
"431","Caranx","MT",2037,693.143583773553,693.143583775262,0.0172260052315111,6.79767854047643e-23,693.160983066433,-6.46619547444393e-19,9.8070255574602e-26,-97478.4246009724,602.671430446291,602.671430446291,0.134103725373878,2.38692204297856e-24,602.80568483956,-2.41425571800129e-20,3.96056843856109e-27,-79069.8382821023,796.875704298126,796.875704317495,0.00746495185585393,4.30837109703552e-21,796.883368488327,-3.8478699826768e-17,5.40657720734185e-24,-119638.691185042,"MPA"
"432","Caranx","MT",2038,693.160809776187,693.16080977453,0.00901815686196645,6.66284713116041e-24,693.170001221637,-6.33725902703684e-20,9.61226510714014e-27,-97478.4246009724,602.805534138139,602.805534138138,0.0731123218469445,2.05303928523746e-25,602.878797161407,-2.07598439920888e-21,3.4058061111084e-28,-79069.8382821023,796.883169267485,796.883169248281,0.00374087726668012,4.80181123358028e-22,796.88710934639,-4.28794992615648e-18,6.02573905223952e-25,-119638.691185042,"MPA"
"433","Caranx","MT",2039,693.169827929137,693.169827930744,0.00472102326649941,6.53114859140206e-25,693.17472224651,-6.21140558807489e-21,9.42214547642224e-28,-97478.4246009724,602.878646441707,602.878646441708,0.0398488406739886,1.76576858975693e-26,602.918646002081,-1.78519824972026e-22,2.92889482607594e-29,-79069.8382821023,796.886910124612,796.886910143653,0.00187463693701674,5.35245729764611e-23,796.888984002367,-4.77900643257121e-19,6.7167070904638e-26,-119638.691185042,"MPA"
"434","Caranx","MT",2040,693.17454895283,693.174548951272,0.00247141941298198,6.40253632677038e-26,693.177193664366,-6.08855105169669e-22,9.23654040069495e-29,-97478.4246009724,602.91849527242,602.918495272419,0.0217156511544092,1.51868512844097e-27,602.940361653235,-1.53521884141424e-23,2.51888897202183e-30,-79069.8382821023,796.888784780121,796.888784761242,0.000939401441667248,5.96702801849471e-24,796.88992338493,-5.32701234950805e-20,7.48790375859557e-27,-119638.691185042,"MPA"
"435","Caranx","MT",2041,693.177020370068,693.177020371577,0.00129375800054084,6.27694639997992e-27,693.178487423876,-5.96861381437814e-23,9.05532734970386e-30,-97478.4246009724,602.940210918145,602.940210918145,0.0118329487806496,1.30620082686578e-28,602.952194602016,-1.3203088387359e-24,2.16638478685394e-31,-79069.8382821023,796.889724162449,796.889724181169,0.000470757045477722,6.65303423275104e-25,796.890394160695,-5.93864749926094e-21,8.34874935360092e-28,-119638.691185042,"MPA"
"436","Caranx","MT",2042,693.178314129254,693.178314127791,0.000677262119532218,6.15430715641891e-28,693.179164684532,-5.85151469149684e-24,8.87838741114247e-31,-97478.4246009724,602.952043863968,602.952043863967,0.00644752342485379,1.12348248150373e-29,602.958642125441,-1.13553911293109e-25,1.86330274864543e-32,-79069.8382821023,796.890194938097,796.890194919534,0.00023589339833151,7.41887528904223e-26,796.89063003553,-6.62138310690956e-22,9.30978129916599e-29,-119638.691185042,"MPA"
"437","Caranx","MT",2043,693.178991389741,693.17899139116,0.000354536304745213,6.03454412546527e-29,693.179519222256,-5.73717683929615e-25,8.70560517815274e-32,-97478.4246009724,602.95849138578,602.95849138578,0.00351303012557032,9.663622609528e-31,602.962155155567,-9.76674665427094e-27,1.60270073838954e-33,-79069.8382821023,796.890430812873,796.890430831281,0.000118218536342769,8.27394629259414e-27,796.890748272475,-7.38357638990564e-23,1.03827877763166e-29,-119638.691185042,"MPA"
"438","Caranx","MT",2044,693.179345927376,693.179345926001,0.000185593011041571,5.9175824998978e-30,693.179704813892,-5.6255256807454e-26,8.53686864051799e-33,-97478.4246009724,602.962004415028,602.962004415028,0.00191410089514135,8.3125183617474e-32,602.964069256461,-8.40076688111989e-28,1.37861361458129e-34,-79069.8382821023,796.890549049788,796.890549031532,5.9231648906211e-05,9.22875785583454e-28,796.890807485868,-8.23457654013063e-24,1.15809574597785e-30,-119638.691185042,"MPA"
"439","Caranx","MT",2045,693.179531518965,693.179531520298,9.71553508631093e-05,5.80334837312743e-31,693.179801970575,-5.51648883448914e-27,8.37206907938184e-34,-97478.4246009724,602.963918515444,602.963918515444,0.00104290443272208,7.15064410741927e-33,602.965112160894,-7.22618471184224e-29,1.1859154586503e-35,-79069.8382821023,796.890608263166,796.890608281273,2.96908443549125e-05,1.02950700458998e-28,796.890837194819,-9.1848434795002e-25,1.29190473138723e-31,-119638.691185042,"MPA"
"440","Caranx","MT",2046,693.179628675625,693.179628674333,5.08584730183408e-05,5.69176934112504e-32,693.179852827756,-5.40999604643517e-28,8.21110096535481e-35,-97478.4246009724,602.964961419616,602.964961419616,0.000568227726314416,6.15145779966644e-34,602.965680388621,-6.21613195851051e-30,1.02020128123516e-36,-79069.8382821023,796.89063797211,796.890637954149,1.48694264374476e-05,1.14860423743472e-29,796.890852046285,-1.02460809386151e-25,1.44135706400891e-32,-119638.691185042,"MPA"
"441","Caranx","MT",2047,693.179679532793,693.179679534046,2.66241219574818e-05,5.58277477873108e-33,693.179879453131,-5.30597912371675e-29,8.05386185988631e-36,-97478.4246009724,602.9655296472,602.965529647201,0.000309598864793795,5.29214195307068e-35,602.965989987486,-5.34751928444268e-31,8.77685434709952e-38,-79069.8382821023,796.890652823572,796.890652841388,7.46021868221815e-06,1.28164018179461e-30,796.89085952432,-1.14313855970312e-26,1.60830078360614e-33,-119638.691185042,"MPA"
"442","Caranx","MT",2048,693.179706158161,693.179706156946,1.39366558867294e-05,5.47629595068113e-34,693.179893388572,-5.20437187085962e-30,7.90025231978969e-37,-97478.4246009724,602.965839245988,602.965839245988,0.000168684729651307,4.5530828247835e-36,602.966158672215,-4.60050371694582e-32,7.551143680389e-39,-79069.8382821023,796.890660301605,796.890660283931,3.72952187069544e-06,1.43026311150326e-31,796.890863236167,-1.27554142359226e-27,1.79480426260255e-34,-119638.691185042,"MPA"
"443","Caranx","MT",2049,693.179720093599,693.179720094777,7.29616928786462e-06,5.37226603812404e-35,693.179900685919,-5.10511002803525e-31,7.75017580481453e-38,-97478.4246009724,602.966007930675,602.966007930676,9.19076988333756e-05,3.91742105763665e-37,602.966250579914,-3.95803133893089e-33,6.4969169517957e-40,-79069.8382821023,796.890664013452,796.890664030987,1.87772837883833e-06,1.59631797987486e-32,796.890865131431,-1.42345710921685e-28,2.00318268601075e-35,-119638.691185042,"MPA"
"444","Caranx","MT",2050,693.179727390944,693.179727389802,3.81885283790435e-06,5.27062012340618e-36,693.17990450363,-5.00813121130804e-32,7.60353858816561e-39,-97478.4246009724,602.966099838352,602.966099838351,5.00757954831683e-05,3.37066476588496e-38,602.966300655709,-3.40544452439647e-34,5.59013835789841e-41,-79069.8382821023,796.890665908715,796.890665891316,9.32205185400786e-07,1.78187007687101e-33,796.890866046238,-1.58872178703395e-29,2.2360277358395e-36,-119638.691185042,"MPA"
"445","Caranx","MT",2051,693.179731208654,693.179731209762,1.99964548635107e-06,5.17129515373511e-37,693.179906504383,-4.9133748547997e-33,7.46024966987199e-40,-97478.4246009724,602.966149914134,602.966149914134,2.72837297526114e-05,2.90035674537791e-39,602.966327939439,-2.93014459040046e-35,4.8101473369637e-42,-79069.8382821023,796.890666823521,796.890666840786,4.75819971326171e-07,1.98923154882473e-34,796.890866539322,-1.77339091693753e-30,2.49624087008835e-37,-119638.691185042,"MPA"
"446","Caranx","MT",2052,693.179733209407,693.179733208332,1.04625072262541e-06,5.07422989550504e-38,693.17990754956,-4.82078215470163e-34,7.32022069291323e-41,-97478.4246009724,602.966177197857,602.966177197857,1.48655016115937e-05,2.49578839784686e-40,602.966342804941,-2.52130203148558e-36,4.13918370263875e-43,-79069.8382821023,796.890667316606,796.890667299473,2.29826206242676e-07,2.22099113277317e-35,796.890866752015,-1.97976564178855e-31,2.78707063417395e-38,-119638.691185042,"MPA"
"447","Caranx","MT",2053,693.179734254583,693.179734255625,5.4820553242417e-07,4.97936488412481e-39,693.179908098807,-4.7302960150726e-35,7.18336586201296e-42,-97478.4246009724,602.966192063355,602.966192063355,8.09944726324205e-06,2.14775388157477e-41,602.966350904388,-2.16960761218386e-37,3.56197971446238e-44,-79069.8382821023,796.890667529299,796.890667546302,1.23716316524721e-07,2.48004749397059e-36,796.890866892735,-2.21042237906282e-32,3.1121544962346e-39,-119638.691185042,"MPA"
"448","Caranx","MT",2054,693.17973480383,693.179734802819,2.86479165514378e-07,4.88664237292303e-40,693.179908384275,-4.64186099536155e-36,7.04960186501321e-43,-97478.4246009724,602.966200162801,602.9662001628,4.41297195228595e-06,1.84833885967523e-42,602.96635531736,-1.86705854537302e-38,3.06540963173636e-45,-79069.8382821023,796.890667670019,796.890667653142,5.35128907756052e-08,2.76964660979781e-37,796.890866929372,-2.46824600038029e-33,3.47556575795293e-40,-119638.691185042,"MPA"
"449","Caranx","MT",2055,693.179735089298,693.179735090279,1.50448468635818e-07,4.79600628187296e-41,693.179908535705,-4.55542325959922e-37,6.91884779674573e-44,-97478.4246009724,602.966204575771,602.966204575771,2.40440137592179e-06,1.59073898587036e-43,602.966357721761,-1.60677480131048e-39,2.63818863497468e-46,-79069.8382821023,796.890667706655,796.890667723407,3.52354308732926e-08,3.09342368965237e-38,796.890866981359,-2.75646703642283e-34,3.88186616013323e-41,-119638.691185042,"MPA"
"450","Caranx","MT",2056,693.179735240727,693.179735239776,7.82897369795477e-08,4.70740214750529e-42,693.179908613043,-4.4709305272035e-38,6.79102508531928e-45,-97478.4246009724,602.966206980172,602.966206980172,1.31003450365177e-06,1.36910394211447e-44,602.966359031796,-1.38284129334123e-40,2.27061414717642e-47,-79069.8382821023,796.890667758642,796.890667742013,9.32384142136048e-09,3.45545018915191e-39,796.890866974054,-3.07870339835389e-35,4.33616487818621e-42,-119638.691185042,"MPA"
"451","Caranx","MT",2057,693.179735318066,693.179735318989,4.14366484478921e-08,4.62077707372108e-43,693.179908655403,-4.38833202534641e-39,6.66605742074465e-46,-97478.4246009724,602.966208290206,602.966208290206,7.13770443295343e-07,1.17840342820036e-45,602.966359745566,-1.19017228803521e-41,1.95434357248813e-48,-79069.8382821023,796.890667751337,796.890667767821,1.29488179158126e-08,3.86028653575051e-40,796.890867003487,-3.43900716706744e-36,4.84418468793441e-43,-119638.691185042,"MPA"
"452","Caranx","MT",2058,693.179735360425,693.17973535953,2.12514731123226e-08,4.53607968425052e-44,693.179908675758,-4.30757844283171e-40,6.54387068582151e-47,-97478.4246009724,602.966209003976,602.966209003976,3.88896698752372e-07,1.01431200952213e-46,602.966360134463,-1.02439490398046e-42,1.68220331553843e-49,-79069.8382821023,796.89066778077,796.890667764525,7.14239513001148e-10,4.31304126933163e-41,796.890866987956,-3.84191706920814e-37,5.41233617791327e-44,-119638.691185042,"MPA"
"453","Caranx","MT",2059,693.179735380781,693.17973538165,1.15515474093702e-08,4.45326007624267e-45,693.179908688179,-4.22862188543431e-41,6.42439288921416e-48,-97478.4246009724,602.966209392873,602.966209392873,2.11889892631853e-07,8.73110165051487e-48,602.966360346353,-8.81749006753217e-44,1.44802467065788e-50,-79069.8382821023,796.890667765239,796.890667778962,6.07191273962254e-09,4.81943737580729e-42,796.890867007751,-4.29251733485921e-38,6.04780099190184e-45,-119638.691185042,"MPA"
"454","Caranx","MT",2060,693.179735393202,693.179735392359,5.63288310327502e-09,4.37226977553083e-46,693.179908692969,-4.15141583265392e-42,6.30755410064497e-49,-97478.4246009724,602.966209604763,602.966209604763,1.1544779075128e-07,7.51599252462491e-49,602.966360461801,-7.590011880923e-45,1.24650279334118e-51,-79069.8382821023,796.890667785034,796.890667772981,2.24138444031394e-10,5.38588670037562e-43,796.890866995922,-4.79650371709282e-39,6.75862520623322e-46,-119638.691185042,"MPA"
"455","Caranx","MT",2061,693.179735397991,693.17973539881,3.35060881490394e-09,4.29306169303842e-47,693.179908697138,-4.07591509583742e-43,6.1932863881373e-50,-97478.4246009724,602.96620972021,602.966209720211,6.29016597779538e-08,6.47028429487386e-50,602.966360524703,-6.53370843934845e-46,1.0730755012466e-52,-79069.8382821023,796.890667773205,796.890667781472,2.21487333730959e-09,6.01957342195633e-44,796.890867006404,-5.36025754940406e-40,7.5538240821464e-47,-119638.691185042,"MPA"
"456","Caranx","MT",2062,693.179735402161,693.179735401366,1.3639252762312e-09,4.21559008278407e-48,693.179908697707,-4.00207577762542e-44,6.08152375724141e-51,-97478.4246009724,602.966209783112,602.966209783112,3.42717734896691e-08,5.57031847306009e-51,602.966360558974,-5.62466646365032e-47,9.23819111270617e-54,-79069.8382821023,796.890667783687,796.890667778631,4.20611372649677e-12,6.72854770556946e-45,796.890867001352,-5.99092882467463e-41,8.44349958589172e-48,-119638.691185042,"MPA"
"457","Caranx","MT",2063,693.17973540273,693.179735403501,1.09256868358099e-09,4.13981050098126e-49,693.179908699571,-3.92985523268036e-45,5.97220209217952e-52,-97478.4246009724,602.966209817384,602.966209817384,1.86730319978665e-08,4.79574669419467e-52,602.966360577647,-4.84231945245834e-48,7.95358913513653e-55,-79069.8382821023,796.890667778635,796.890667781359,1.3356495905496e-11,7.52183077238405e-46,796.890867004089,-6.69652940022846e-42,9.43897224056313e-49,-119638.691185042,"MPA"
"458","Caranx","MT",2064,693.179735404594,693.179735403845,2.17322946074273e-10,4.06567976663857e-50,693.17990869904,-3.85921202965459e-46,5.86525909884769e-53,-97478.4246009724,602.966209836057,602.966209836057,1.01738655915596e-08,4.12906673534803e-53,602.966360587821,-4.16897841969956e-49,6.84792221475233e-56,-79069.8382821023,796.890667781372,796.890667780598,0,8.40953279286115e-47,796.890867003315,-7.48603756936121e-43,1.05529290660298e-49,-119638.691185042,"MPA"
"459","Caranx","MT",2065,693.179735404063,693.179735404776,4.58144254649555e-10,3.99315592319662e-51,693.179908700212,-3.79010591435854e-47,5.7606342496149e-54,-97478.4246009724,602.966209846231,602.966209846231,5.54327904276421e-09,3.55522369229265e-54,602.966360593364,-3.58942855206881e-50,5.89622228481657e-57,-79069.8382821023,796.890667780598,796.890667781439,0,9.40298517028755e-48,796.890867004156,-8.36951539232306e-44,1.17995895794956e-50,-119638.691185042,"MPA"
"460","Caranx","MT_20",2015,68.0521267969641,68.0521267969641,28.9345374901382,0.108308742817838,96.8783725573204,-10517.7694453027,0.00159155519215138,-127642.189968948,20.0994573251344,20.0994573251344,8.5205096083368,0.025780696335285,28.5941912620015,-7838.00490642722,0.00128265601767627,-106552.279543858,80.4693496726575,80.4693496726575,36.3043397457182,0.49623090061315,116.277478635105,-43978.3054785129,0.0061667054421845,-182328.71568604,"MPA"
"461","Caranx","MT_20",2016,96.8783483377272,96.8734197550363,39.6384577229906,0.0167222771887719,136.495179420431,-1140.6497238684,0.000172619855608764,-118265.070247513,28.5941841134537,28.5941839525964,11.9710044674359,0.00362574880385842,40.5615698197763,-774.805699574848,0.000126800197283784,-99489.0803370057,116.277449565735,116.277444576978,50.3836088055252,0.0851306751458396,166.575951776727,-5220.55119658272,0.000732134542247223,-143570.961404109,"MPA"
"462","Caranx","MT_20",2017,136.495145296636,136.492585867446,52.8418375474935,0.00255564567978754,189.331901893055,-123.711219037417,1.87236870236421e-05,-117248.131742682,40.5615596793838,40.5615510457152,16.6802697989699,0.00050846814486672,57.2413225169327,-76.5945999824752,1.25357124038093e-05,-98790.8692374133,166.575910132739,166.575642238247,68.0010416900501,0.0144807533197669,234.562244818965,-619.784767022964,8.69318995179978e-05,-138970.19497455,"MPA"
"463","Caranx","MT_20",2018,189.331854560079,189.330758718044,67.7355022173692,0.000384543456412263,257.065923724932,-13.4181722080491,2.03106447268444e-06,-117137.838695853,57.241308206602,57.241271894859,22.9477013713233,7.0942609871882e-05,80.188916633903,-7.57218363177347,1.23936010826167e-06,-98721.8468210626,234.562186178404,234.561069110066,87.8045260763082,0.00242145360098536,322.363232373335,-73.5887438221439,1.03232911465096e-05,-138423.998951349,"MPA"
"464","Caranx","MT_20",2019,257.065859458452,257.065474626649,82.2884180667903,5.66411423224393e-05,339.353900318778,-1.45547496091177,2.20337243147339e-07,-117125.875998606,80.1888965866738,80.1888641348794,31.0065949820115,9.82606897515171e-06,111.195469338051,-0.748619664093954,1.22536498510467e-07,-98715.0232570949,322.363151782526,322.362293559013,106.560398054102,0.000395233326274814,428.922376970597,-8.73830969182428,1.22604975248543e-06,-138359.148517218,"MPA"
"465","Caranx","MT_20",2020,339.353815480303,339.353709645262,93.1055338276076,8.1121674476832e-06,432.459320199177,-0.157885946952878,2.39047453384407e-08,-117124.578409592,111.195441539184,111.19542137132,40.858680046982,1.34722473705578e-06,152.054127869945,-0.0740146744221942,1.21158240417556e-08,-98714.3486521052,428.922269740003,428.921898333808,118.997866943845,6.24637093680989e-05,547.919810044537,-1.03774220329567,1.45629404665875e-07,-138351.44794973,"MPA"
"466","Caranx","MT_20",2021,432.459212084347,432.459189277048,96.2665172192447,1.12165083367764e-06,528.725813489472,-0.0171281663910442,2.59365631135022e-09,-117124.437651811,152.054089856413,152.054079208278,52.0210440089318,1.82162216356739e-07,204.07516104858,-0.00731796565569231,1.19800901848684e-09,-98714.2819553965,547.919673064585,547.919566571258,119.505595937841,9.47890484614253e-06,667.425290010147,-0.123253520385024,1.72998031584161e-08,-138350.533461047,"MPA"
"467","Caranx","MT_20",2022,528.725681308018,528.725676288118,89.4003974184909,1.48800131989808e-07,618.126205739262,-0.00185827243622171,2.8143156281061e-10,-117124.422381917,204.075110029789,204.075104834558,63.237859250382,2.41755920954293e-08,267.313015079555,-0.000723566501581404,1.18464157886189e-10,-98714.2753609973,667.425123153825,667.425098057074,105.805495772283,1.37178760139221e-06,773.230759313892,-0.0146406432456388,2.05534255585039e-09,-138350.42484817,"MPA"
"468","Caranx","MT_20",2023,618.12605120771,618.126049898999,73.7965352738553,1.88774025449332e-08,691.922739685528,-0.000201623936893469,3.05397220990723e-11,-117124.420725269,267.312948251301,267.312945824717,72.3551551575945,3.13151018572828e-09,339.668167807434,-7.15454771902314e-05,1.17147688632828e-11,-98714.2747089763,773.230566006202,773.230560348199,81.7908625778696,1.88836956709963e-07,855.021616044921,-0.00173930414102397,2.44218112688453e-10,-138350.411946831,"MPA"
"469","Caranx","MT_20",2024,691.922566704843,691.922566425571,54.2210685209399,2.29322450479123e-09,746.143807924902,-2.18781969151349e-05,3.31427827597228e-12,-117124.420545523,339.668082890392,339.668081811108,76.7054312467813,3.93509552215013e-10,416.373597974538,-7.07460906025366e-06,1.15851171676174e-12,-98714.2746445054,855.021402289517,855.021401381887,55.5771683394112,2.48141100488828e-08,910.598783451888,-0.000206655890369984,2.90216172120127e-11,-138350.410414183,"MPA"
"470","Caranx","MT_20",2025,746.14362138895,746.143621354812,35.9794972989678,2.6839020438666e-10,782.123305189463,-2.37420728145853e-06,3.59703051256752e-13,-117124.420526019,416.373493881138,416.373493444117,74.2297624734702,4.77057024278993e-11,490.603360010939,-6.99585929715837e-07,1.14574273344821e-13,-98714.2746381304,910.598555802192,910.598555726443,33.9586476168278,3.14081197786731e-09,944.557430989826,-2.45570947800217e-05,3.44917216555426e-12,-138350.410232084,"MPA"
"471","Caranx","MT_20",2026,782.123109658637,782.123109649042,22.0707799849335,3.05355278128663e-11,804.194085164772,-2.57669281666644e-07,3.90418334426987e-14,-117124.420523903,490.603237360099,490.60323720979,64.8889876667762,5.5593525640759e-12,555.492347527401,-6.91831872787322e-08,1.13316642673461e-14,-98714.2746375,944.557194850468,944.55719482796,19.2334812101232,3.87244746454423e-10,963.790912177054,-2.9185112014407e-06,4.09974802748101e-13,-138350.410210445,"MPA"
"472","Caranx","MT_20",2027,804.19388411625,804.193884120849,12.8265566085556,3.40806461092771e-12,817.020641777923,-2.79667433605261e-08,4.23786331409008e-15,-117124.420523673,555.492208654314,555.492208613364,51.1278355698442,6.22584227659914e-13,606.620183056294,-6.84200506331018e-09,1.12077912581722e-15,-98714.2746374377,963.790671229326,963.790671246725,10.3833932347824,4.69711201781661e-11,974.174305429189,-3.46895467110577e-07,4.87357990044466e-14,-138350.410207874,"MPA"
"473","Caranx","MT_20",2028,817.020437522762,817.020437518193,7.20539018904719,3.75860911867337e-13,824.2260319624,-3.0356707581065e-09,4.60038452699813e-16,-117124.420523648,606.620031401248,606.620031392814,36.6081353276618,6.7248523847475e-14,643.228318375521,-6.76691937903052e-10,1.10857709198961e-16,-98714.2746374315,974.174061885612,974.174061867707,5.45226469162537,5.64448081977126e-12,979.626570102903,-4.12369781925531e-08,5.79411793999645e-15,-138350.410207568,"MPA"
"474","Caranx","MT_20",2029,824.225825905892,824.22582591017,3.96742875263401,4.11640347620991e-14,828.193460719312,-3.29533541421905e-10,4.99426530658007e-17,-117124.420523645,643.228157568442,643.228157567148,24.2209121221168,7.05336286832456e-15,667.449230496344,-6.69304063268136e-11,1.09655664510199e-17,-98714.2746374309,979.62632519626,979.626325214285,2.81990999398035,6.74893395255971e-13,982.446480114907,-4.90257952390442e-09,6.88929246973267e-16,-138350.410207532,"MPA"
"475","Caranx","MT_20",2030,828.193253670947,828.193253666896,2.15990161595474,4.49066891009023e-15,830.353362331216,-3.57746894719914e-11,5.42224627829098e-18,-117124.420523645,667.449063634037,667.449063633886,15.1119134202643,7.23991695587e-16,682.561143916458,-6.62033189053559e-12,1.08471425616688e-18,-98714.2746374308,982.446234503287,982.446234485248,1.44682709024852,8.04856817495364e-14,983.893307187117,-5.82923011995234e-10,8.19237316012585e-17,-138350.410207527,"MPA"
"476","Caranx","MT_20",2031,830.353154742876,830.353154746726,1.16851141002703,4.8885477125804e-16,831.521873745093,-3.884032310907e-12,5.88731007104711e-19,-117124.420523645,682.560973276172,682.560973276159,9.06017603143059,7.32419899525973e-17,691.621319947875,-6.5487514009552e-13,1.07304657766399e-19,-98714.2746374308,983.89306121379,983.893061231765,0.739254040031571,9.58606618728878e-15,984.632561245124,-6.93179843377911e-11,9.74299359215561e-18,-138350.410207527,"MPA"
"477","Caranx","MT_20",2032,831.521665864625,831.521665860959,0.63000506446448,5.31567221374637e-17,832.151878805892,-4.21716062324832e-13,6.3927028038422e-20,-117124.420523645,691.621147042545,691.621147042543,5.29617087924404,7.34190908535489e-18,696.917490827118,-6.47826056269246e-14,1.06155042847844e-20,-98714.2746374308,984.632315086983,984.632315069128,0.376914984492639,1.14102895559157e-15,985.009476211761,-8.24381852763067e-12,1.15883731708879e-18,-138350.410207527,"MPA"
"478","Caranx","MT_20",2033,832.151670767922,832.151670771416,0.339038492714836,5.77676299216874e-18,832.490917302101,-4.57917828493295e-14,6.94195751917087e-21,-117124.420523645,696.917316597745,696.917316597745,3.04877160479264,7.31918612538794e-19,699.966262431911,-6.408826703343e-15,1.05022276262594e-21,-98714.2746374308,985.009229959392,985.009229977085,0.191963594205833,1.3578133541451e-16,985.20143982366,-9.80524341454516e-13,1.37847745319883e-19,-138350.410207527,"MPA"
"479","Caranx","MT_20",2034,832.490709179371,832.490709176039,0.182271602320845,6.27608220502046e-19,832.673188901089,-4.97261556181898e-15,7.53891973423533e-22,-117124.420523645,699.966087440345,699.966087440344,1.73927237365883,7.27307392580516e-20,701.705534805569,-6.3404226494374e-16,1.03906063994229e-22,-98714.2746374308,985.2011935233,985.2011935058,0.0977130049415561,1.61565568064526e-17,985.299152811101,-1.16636780741723e-13,1.6399241975676e-20,-138350.410207527,"MPA"
"480","Caranx","MT_20",2035,832.672980732792,832.672980735971,0.0979388166714582,6.81774096614437e-20,832.77112772094,-5.4002267538562e-16,8.18777529650256e-23,-117124.420523645,701.705359379185,701.705359379186,0.987063181196333,7.21396237334111e-21,702.692597986766,-6.27302529219019e-17,1.02806120452505e-23,-98714.2746374308,985.298906486313,985.298906503599,0.0497236204968828,1.92248371392371e-18,985.348876448884,-1.38758502984926e-14,1.95116752961654e-21,-138350.410207527,"MPA"
"481","Caranx","MT_20",2036,832.770919528158,832.770919525124,0.0526095699532465,7.40590088383226e-21,832.82373728786,-5.86501006545906e-17,8.89308074848867e-24,-117124.420523645,702.692422313616,702.692422313616,0.55850504821915,7.14794138382858e-22,703.251103034984,-6.20661424529652e-18,1.01722167051533e-24,-98714.2746374308,985.348630111665,985.348630094608,0.0252993963731048,2.28771443396436e-19,985.3741758282,-1.65093653580603e-15,2.32173039280168e-22,-138350.410207527,"MPA"
"482","Caranx","MT_20",2037,832.823529081925,832.82352908482,0.0282557614494145,8.04490776138935e-22,832.851993052204,-6.37022930626414e-18,9.65979642653805e-25,-117124.420523645,703.250927222209,703.250927222209,0.315481051402682,7.07849882215485e-23,703.566584086388,-6.14117088493647e-19,1.00653931314242e-25,-98714.2746374308,985.373929484656,985.373929501475,0.0128714085922007,2.72255326975115e-20,985.387047253611,-1.96447994093901e-16,2.76296389385571e-23,-138350.410207527,"MPA"
"483","Caranx","MT_20",2038,832.851784839205,832.851784836443,0.0151744467798254,8.7393845909375e-23,832.867167496221,-6.91943757060442e-19,1.04933225397105e-25,-117124.420523645,703.566408194742,703.566408194741,0.178033908238731,7.007603828182e-24,703.744617994626,-6.07667773801145e-20,9.96011463119967e-27,-98714.2746374308,985.386800906849,985.386800890275,0.00654824497972585,3.24034631867351e-21,985.393595482017,-2.33781972349392e-17,3.28839954584824e-24,-138350.410207527,"MPA"
"484","Caranx","MT_20",2039,832.866959279429,832.866959282066,0.00814890584559464,9.49430133948458e-24,832.875316404703,-7.51650306386521e-20,1.13995384978693e-26,-117124.420523645,703.744442058471,703.744442058472,0.100414557619357,6.93635680579359e-25,703.845032552246,-6.01311811371591e-21,9.85635503054967e-28,-98714.2746374308,985.393349133618,985.393349149944,0.00333132577405692,3.85699766930756e-22,985.396926824117,-2.78240526551185e-18,3.91416961404225e-25,-138350.410207527,"MPA"
"485","Caranx","MT_20",2040,832.875108185874,832.875108183357,0.00437597727350107,1.03150323500781e-24,832.87969237946,-8.16563726349943e-21,1.23848457829262e-27,-117124.420523645,703.844856590987,703.844856590987,0.0566184151046581,6.86536684359211e-26,703.90165096735,-5.95047588758063e-22,9.75408865030599e-29,-98714.2746374308,985.396680474886,985.396680458807,0.00169473566641602,4.5914656265157e-23,985.398621543705,-3.31188651820283e-19,4.65950877410767e-26,-138350.410207527,"MPA"
"486","Caranx","MT_20",2041,832.879484159537,832.879484161939,0.00234987911377567,1.12074079467698e-25,832.882042260976,-8.87142562229265e-22,1.34562146842016e-28,-117124.420523645,703.901474991937,703.901474991937,0.0319185941947734,6.79496697144605e-27,703.933569561545,-5.88873537608029e-23,9.65329028864749e-30,-98714.2746374308,985.39837519405,985.398375209881,0.000862165676395296,5.46635386365476e-24,985.399483725213,-3.94253846826068e-20,5.54735286222673e-27,-138350.410207527,"MPA"
"487","Caranx","MT_20",2042,832.881834040466,832.881834038172,0.00126186345370963,1.21777642739402e-26,832.883304122136,-9.63886104202558e-23,1.46212352482495e-29,-117124.420523645,703.933393578153,703.933393578152,0.0179923346850363,6.72533571402401e-28,703.95156189623,-5.82788126355409e-24,9.55393520756935e-31,-98714.2746374308,985.399237375342,985.399237359757,0.000438598074608492,6.50861637588415e-25,985.399922307702,-4.69376775648902e-21,6.60505356799958e-28,-138350.410207527,"MPA"
"488","Caranx","MT_20",2043,832.88309590131,832.8830959035,0.000677608184880797,1.32329938793907e-27,832.883981732511,-1.04733803674627e-23,1.58881728255297e-30,-117124.420523645,703.951385908339,703.951385908339,0.0101416227091175,6.65656535094178e-29,703.961703518939,-5.76789855890236e-25,9.45599912160296e-32,-98714.2746374308,985.399675957721,985.399675973064,0.000223133492186752,7.75039859960579e-26,985.400145456537,-5.58871739893658e-22,7.86523159191566e-29,-138350.410207527,"MPA"
"489","Caranx","MT_20",2044,832.883773511516,832.883773509425,0.000363866573709069,1.43805986751071e-28,832.884345596994,-1.13809041739689e-24,1.72660286312549e-31,-117124.420523645,703.961527528513,703.961527528513,0.00571628589356781,6.58870012994431e-30,703.967419804832,-5.70877256910715e-26,9.35945818786583e-33,-98714.2746374308,985.3998991065,985.399899091398,0.000113505990240441,9.2300413296934e-27,985.400258947424,-6.65498866677744e-23,9.36679517681331e-30,-138350.410207527,"MPA"
"490","Caranx","MT_20",2045,832.884137375907,832.884137377904,0.000195392807622932,1.56287464020216e-29,832.884540991798,-1.23678801473384e-25,1.87646057758706e-32,-117124.420523645,703.967243812977,703.967243812977,0.00322190595051083,6.52175762149106e-31,703.970641710783,-5.65048888223251e-27,9.26428899692425e-34,-98714.2746374308,985.400012597359,985.400012612226,5.77507056114987e-05,1.09932791763446e-27,985.400316712996,-7.92550289371368e-24,1.11561561675327e-30,-138350.410207527,"MPA"
"491","Caranx","MT_20",2046,832.884332770663,832.884332768756,0.000104922530095684,1.69863314533223e-30,832.884645912421,-1.34413303818801e-26,2.0394581262242e-33,-117124.420523645,703.970465718122,703.970465718122,0.00181596513963096,6.45574063991326e-32,703.972457675922,-5.59303335577059e-28,9.17046856417844e-35,-98714.2746374308,985.400070362917,985.400070348283,2.93718945932627e-05,1.30946714739089e-28,985.400346070257,-9.4395304174363e-25,1.32886820227427e-31,-138350.410207527,"MPA"
"492","Caranx","MT_20",2047,832.88443769126,832.884437693082,5.63429310178529e-05,1.84630407604054e-31,832.884702257174,-1.46089029527014e-27,2.21675844920627e-34,-117124.420523645,703.972281682808,703.972281682808,0.00102352805074731,6.39064389390039e-33,703.973481203973,-5.53639210801547e-29,9.0779743216067e-36,-98714.2746374308,985.40009972017,985.400099734576,1.49493899442369e-05,1.55993109033474e-29,985.400361034052,-1.12439191667251e-25,1.58304296985047e-32,-138350.410207527,"MPA"
"493","Caranx","MT_20",2048,832.884494035999,832.884494034258,3.02545798889333e-05,2.00694253866797e-32,832.884732510013,-1.58789281507291e-28,2.4096282873596e-35,-117124.420523645,703.973305210603,703.973305210603,0.000576886844413282,6.32645769458776e-34,703.974058090818,-5.48055151116815e-30,8.98678410977628e-37,-98714.2746374308,985.400114683962,985.400114669781,7.59804261932249e-06,1.85848639362038e-30,985.400368617914,-1.33945617479806e-26,1.88602162847813e-33,-138350.410207527,"MPA"
"494","Caranx","MT_20",2049,832.88452428883,832.884524290493,1.62471216430404e-05,2.18169784510555e-33,832.884748758798,-1.72604798045644e-29,2.61944751770236e-36,-117124.420523645,703.973882097303,703.973882097303,0.000325147752730111,6.26317002177428e-35,703.97438323857,-5.42549818544733e-31,8.89687617006803e-38,-98714.2746374308,985.400122267821,985.400122281783,3.87227672153913e-06,2.21440077317927e-31,985.400372504152,-1.59581474676889e-27,2.24720919912493e-34,-138350.410207527,"MPA"
"495","Caranx","MT_20",2050,832.884540537611,832.884540536022,8.72372248528787e-06,2.37182200226778e-34,832.884757480932,-1.87634421520828e-30,2.84771933428049e-37,-117124.420523645,703.974207244975,703.974207244975,0.000183261166751337,6.20076767420292e-36,703.974566499737,-5.37121899380082e-32,8.80822913708429e-39,-98714.2746374308,985.400126154059,985.400126140313,1.96306268289741e-06,2.63873407755839e-32,985.400374453469,-1.90142547936928e-28,2.67782938913723e-35,-138350.410207527,"MPA"
"496","Caranx","MT_20",2051,832.884549259742,832.884549261261,4.68526088867934e-06,2.57867896542081e-35,832.884762167711,-2.03985827670547e-31,3.09608135130248e-38,-117124.420523645,703.974390506096,703.974390506096,0.000103290384747911,6.13923690895059e-37,703.974669790122,-5.3177010369903e-33,8.72082203122161e-40,-98714.2746374308,985.400128103375,985.400128116909,1.00541094186369e-06,3.14468596024601e-33,985.400375472414,-2.26578505992507e-29,3.19127741552782e-36,-138350.410207527,"MPA"
"497","Caranx","MT_20",2052,832.88455394652,832.884553945069,2.51522081027616e-06,2.80375472745709e-36,832.884764681481,-2.21776320923229e-32,3.36631771262077e-39,-117124.420523645,703.974493796455,703.974493796455,5.82169174206007e-05,6.07856379588558e-38,703.97472800704,-5.26493164892238e-34,8.63463425139686e-41,-98714.2746374308,985.40012912232,985.400129108993,5.04827912896241e-07,3.74801120498333e-34,985.400375963915,-2.70022754978592e-30,3.80354148250298e-37,-138350.410207527,"MPA"
"498","Caranx","MT_20",2053,832.884556460289,832.884556461677,1.35131265165492e-06,3.04866832115524e-37,832.88476603418,-2.41133701815788e-33,3.66037229930738e-40,-117124.420523645,703.974552013358,703.974552013358,3.28124334185186e-05,6.01873441323248e-39,703.974760819473,-5.21289839215404e-35,8.54964556791916e-42,-98714.2746374308,985.400129613821,985.400129626945,2.63365589309725e-07,4.46751590235954e-35,985.400376240404,-3.21828100804782e-31,4.53370630997519e-38,-138350.410207527,"MPA"
"499","Caranx","MT_20",2054,832.884557812989,832.884557811663,7.24994997278744e-07,3.31518381882436e-38,832.884766757849,-2.62197213069335e-34,3.98036313547883e-41,-117124.420523645,703.974584825783,703.974584825783,1.84938627065006e-05,5.95973495454754e-40,703.974779313335,-5.16158905353164e-36,8.46583611550224e-43,-98714.2746374308,985.40012989031,985.400129877386,1.27533023990897e-07,5.32565026514919e-36,985.400376355013,-3.83609354086908e-32,5.40455473080713e-39,-138350.410207527,"MPA"
"500","Caranx","MT_20",2055,832.884558536658,832.884558537925,3.89926749262837e-07,3.60522342032876e-39,832.884767149044,-2.85118571497061e-35,4.32859810170706e-42,-117124.420523645,703.974603319641,703.974603319641,1.0423577412293e-05,5.90155178631769e-41,703.974789736913,-5.11099163994032e-37,8.38318638641306e-44,-98714.2746374308,985.400130004919,985.400130017648,7.12287401526805e-08,6.34921695148653e-37,985.400376438971,-4.57294232943701e-33,6.44328650956296e-40,-138350.410207527,"MPA"
"501","Caranx","MT_20",2056,832.884558927852,832.88455892664,2.08798657565378e-07,3.92088172953588e-40,832.88476735663,-3.10063093576208e-36,4.7075920753804e-43,-117124.420523645,703.974613743216,703.974613743215,5.87497397077897e-06,5.84417147805542e-42,703.974795611887,-5.06109437414973e-38,8.30167722375326e-45,-98714.2746374308,985.400130088877,985.400130076339,2.9982172989038e-08,7.57021746921549e-38,985.400376456415,-5.45184184227311e-34,7.68237728563965e-41,-138350.410207527,"MPA"
"502","Caranx","MT_20",2057,832.884559135438,832.884559136597,1.12683312138964e-07,4.26444132739728e-41,832.884767470473,-3.37210923234346e-37,5.12008562832954e-44,-117124.420523645,703.974619618188,703.974619618188,3.31127383146112e-06,5.78758081708946e-43,703.974798923161,-5.01188569074792e-39,8.22128981487037e-46,-98714.2746374308,985.400130106321,985.400130118671,2.14122469221782e-08,9.02686364488847e-39,985.400376490177,-6.50027061062961e-35,9.16060502975434e-42,-138350.410207527,"MPA"
"503","Caranx","MT_20",2058,832.884559249281,832.884559248173,5.99728739893798e-08,4.63838976069047e-42,832.884767529337,-3.66758371184541e-38,5.56906542399326e-45,-117124.420523645,703.974622929461,703.974622929461,1.86631192402695e-06,5.73176681485595e-44,703.974800789473,-4.963354232158e-40,8.14200568489608e-47,-98714.2746374308,985.400130140083,985.400130127917,4.9060119589883e-09,1.07647864416874e-39,985.400376482917,-7.75103974153994e-36,1.09242767696413e-42,-138350.410207527,"MPA"
"504","Caranx","MT_20",2059,832.884559308145,832.884559309205,3.27177559609475e-08,5.04543807535965e-43,832.884767563115,-3.98919376000789e-39,6.0577864694613e-46,-117124.420523645,703.974624795772,703.974624795772,1.05189738157119e-06,5.67671670848537e-45,703.97480184137,-4.91548884473391e-41,8.06380669040882e-48,-98714.2746374308,985.400130132823,985.400130144728,8.39866247669843e-09,1.28384807233225e-40,985.400376503221,-9.24333088415474e-37,1.30286947617632e-43,-138350.410207527,"MPA"
"505","Caranx","MT_20",2060,832.884559341923,832.884559340909,1.70782899539766e-08,5.48854103623773e-44,832.88476757918,-4.3392709806068e-40,6.58979639199827e-47,-117124.420523645,703.974625847669,703.974625847669,5.92874183752562e-07,5.62241795980182e-46,703.974802434244,-4.86827857493273e-42,7.98667501321836e-49,-98714.2746374308,985.400130153127,985.400130141509,4.42930238542705e-10,1.53130321482228e-41,985.400376492046,-1.10239367979308e-37,1.55399089683347e-44,-138350.410207527,"MPA"
"506","Caranx","MT_20",2061,832.884559357988,832.884559358957,9.64017687743453e-09,5.97091918688387e-45,832.884767589789,-4.72035658504286e-41,7.16896192523563e-48,-117124.420523645,703.974626440543,703.974626440543,3.34157832282937e-07,5.56885825291475e-47,703.974802768402,-4.82171266556129e-43,7.91059315426978e-50,-98714.2746374308,985.400130141952,985.400130151438,3.96015376950817e-09,1.8266181416719e-42,985.400376505492,-1.31487441716178e-38,1.85368118913708e-45,-138350.410207527,"MPA"
"507","Caranx","MT_20",2062,832.884559368597,832.88455936767,4.72770796390827e-09,6.49608291849927e-46,832.884767593589,-5.13522036474419e-42,7.79949780723894e-49,-117124.420523645,703.974626774702,703.974626774701,1.88339194753572e-07,5.51602549106086e-48,703.974802956741,-4.77578055209537e-44,7.83554392766463e-51,-98714.2746374308,985.400130155398,985.400130147491,1.26267567952086e-10,2.1790791955997e-43,985.400376497712,-1.56845061199322e-39,2.21136428151909e-46,-138350.410207527,"MPA"
"508","Caranx","MT_20",2063,832.884559372398,832.884559373285,2.96817583815072e-09,7.06785873126433e-47,832.884767597445,-5.5868813912266e-43,8.48599831124913e-50,-117124.420523645,703.97462696304,703.97462696304,1.06152424174338e-07,5.46390779306235e-49,703.974803062894,-4.73047185906985e-45,7.76151045479692e-52,-98714.2746374308,985.400130147618,985.400130152841,1.25246967554374e-09,2.5997800072618e-44,985.400376504187,-1.87109610919836e-40,2.63829816718955e-47,-138350.410207527,"MPA"
"509","Caranx","MT_20",2064,832.884559376253,832.884559375404,1.18297234032522e-09,7.6904178894979e-48,832.884767597779,-6.07863060197223e-44,9.23347165020418e-51,-117124.420523645,703.974627069193,703.974627069193,5.98299788873872e-08,5.41249348960538e-50,703.974803122724,-4.68577639653831e-46,7.68847615860169e-53,-98714.2746374308,985.400130154093,985.40013015107,1.22539149214694e-12,3.10197421531639e-45,985.400376501165,-2.23233660631545e-41,3.1479328497123e-48,-138350.410207527,"MPA"
"510","Caranx","MT_20",2065,832.884559376587,832.884559377399,1.02837090911309e-09,8.36830768932224e-49,832.88476759962,-6.61405544483455e-45,1.0047377518331e-51,-117124.420523645,703.974627129023,703.974627129023,3.37216178091347e-08,5.36177111945153e-51,703.974803156445,-4.64168415660069e-47,7.61642475791397e-54,-98714.2746374308,985.400130151071,985.400130152725,2.09625195397311e-12,3.70149720429561e-46,985.400376502821,-2.66355252110168e-42,3.75633832964263e-49,-138350.410207527,"MPA"
"511","Caranx","MT_40",2015,77.1833391941604,77.1833391941604,33.1538253903349,0.152488442628695,110.184695437706,-13055.6884722323,0.00197566477556755,-150078.749758396,24.2335909616007,24.2335909616007,10.322678486728,0.0365968374265719,34.5196786693014,-9229.82894037395,0.00151016943115661,-125638.038334915,96.9744061363924,96.9744061363924,43.9736565117873,0.693001598469069,140.255085293318,-50945.262193327,0.0071462301531806,-211517.042694267,"MPA"
"512","Caranx","MT_40",2016,110.184667891532,110.177728955137,45.5885335445813,0.0284905779096917,155.737799467982,-1708.65841405065,0.000258587434359997,-138731.719700214,34.5196700393817,34.5196698198041,14.5196056887402,0.00626753394901107,49.0330166045149,-1109.62492571455,0.000181564103626517,-117517.834320256,140.255050229547,140.255043606366,60.9230795632354,0.142508365313351,201.035649868059,-7242.55113005039,0.00101606666996834,-167814.33163099,"MPA"
"513","Caranx","MT_40",2017,155.737760533533,155.733895504798,61.0394742742816,0.00527126700041802,216.768137446529,-223.633757785669,3.38478936972734e-05,-137246.695043949,49.0330043462608,49.0329925475324,20.2542270084512,0.00107038874554192,69.2861614254922,-133.406222039922,2.18299606098785e-05,-116541.615616581,201.035599609147,201.035243537761,81.937058713154,0.0290460967934905,282.943306413034,-1029.72879790907,0.000144482443927523,-161601.509298849,"MPA"
"514","Caranx","MT_40",2018,216.768083254495,216.766362166578,78.6258042145259,0.000960458505692274,295.391260114633,-29.2715318311827,4.43084021363429e-06,-137052.332817995,69.2861441039519,69.286093072284,27.8907519083442,0.00018186163430067,97.1766804405343,-16.0395751640888,2.62479024157236e-06,-116424.248969705,282.943235677207,282.941710912388,105.102410800402,0.00581373258774997,388.038378716029,-146.418844863433,2.05473490075174e-05,-160718.199345803,"MPA"
"515","Caranx","MT_40",2019,295.391186266818,295.3905534889,96.0248228389529,0.000171343610848182,391.415278832057,-3.83159056331177,5.80057301153098e-07,-137026.892876727,97.1766561463642,97.1766078066293,37.708927908309,3.06702316816336e-05,134.885529338877,-1.92852819279045,3.15613086643646e-07,-116410.137922734,388.038281706434,388.037051475672,126.16049805387,0.00113401600865042,514.196512523127,-20.8215774112106,2.92243295085476e-06,-160592.602078351,"MPA"
"516","Caranx","MT_40",2020,391.415180978237,391.414997713403,109.245612378506,2.97251398558665e-05,500.660678220589,-0.501578029101265,7.59427340462323e-08,-137023.562864193,134.885495617494,134.885464373841,49.6974290498492,5.11917048676937e-06,184.582922025902,-0.231886183532644,3.79519621702316e-08,-116408.441280725,514.196383973999,514.195843180284,138.575768897569,0.000213752216978795,652.771526874764,-2.96123922869561,4.1570142313184e-07,-160574.741740169,"MPA"
"517","Caranx","MT_40",2021,500.660553055419,500.660512232175,113.55064488417,4.97823799116488e-06,614.211277303277,-0.0656636374730659,9.94333747736025e-09,-137023.126949801,184.582875880172,184.582859079463,63.2391387849589,8.42410787744667e-07,247.822043167742,-0.0278829630344451,4.56386094323126e-09,-116408.237277504,652.771363681883,652.771215258708,136.038102085919,3.86036083509763e-05,788.8094419339,-0.421190639914692,5.91380090177768e-08,-160572.20169158,"MPA"
"518","Caranx","MT_40",2022,614.211123750458,614.211115215045,105.913324512202,7.99698950871029e-07,720.124592480367,-0.00859687969528785,1.30199327271291e-09,-137023.069883043,247.821981212231,247.821973036211,76.7578640458313,1.36015863403612e-07,324.579898901538,-0.00335287816546136,5.48844895699261e-10,-116408.212747419,788.80924473154,788.809213029484,117.075554856358,6.63700359395306e-06,905.884958451199,-0.0599146104533583,8.41395049534458e-09,-160571.84041555,"MPA"
"519","Caranx","MT_40",2023,720.124412449219,720.124410306913,87.661274368957,1.22778803238853e-07,807.78586458424,-0.00112561374923446,1.70496612012457e-10,-137023.062411778,324.579817756563,324.579814005687,87.5801089407234,2.14243498622096e-08,412.160004069961,-0.000403191667711092,6.60063976096323e-11,-116408.209797733,905.88473197996,905.884725349452,87.6906093496468,1.0845608737757e-06,993.575560085777,-0.00852391628176442,1.19723907952612e-09,-160571.789024856,"MPA"
"520","Caranx","MT_40",2024,807.785662637773,807.785662189902,64.4304969638335,1.80363719559519e-08,872.216361082166,-0.000147391761531629,2.23281599081928e-11,-137023.061433556,412.15990102996,412.159899400901,92.4459239707847,3.27195664654612e-09,504.605926408415,-4.84865397638165e-05,7.93855933192858e-12,-116408.209443028,993.575311691887,993.57531079749,57.7640511887575,1.69281644179813e-07,1051.33961021086,-0.00121283024804841,1.70376215941935e-10,-160571.78171377,"MPA"
"521","Caranx","MT_40",2025,872.216143028075,872.216142968958,42.6644664819025,2.5506106248958e-09,914.8808275024,-1.93016013703784e-05,2.9242866090407e-12,-137023.061305465,504.605800256933,504.605799612148,88.930132359757,4.81802432344464e-10,593.536058122905,-5.83107475313103e-06,9.54809301931458e-13,-116408.209400372,1051.33934737595,1051.33934730452,34.3461278809503,2.549333741822e-08,1085.68573799488,-0.000172589698819614,2.4248432353039e-11,-160571.78067353,"MPA"
"522","Caranx","MT_40",2026,914.880598782193,914.880598771231,26.0639434829805,3.50413601842203e-10,940.944770974068,-2.52783693312995e-06,3.83015570234197e-13,-137023.061288692,593.53590973889,593.535909522012,77.1627313440782,6.8164445464073e-11,670.698789250037,-7.0128795740269e-07,1.14844657761228e-13,-116408.209395242,1085.68546657344,1085.68546655168,19.027114294575,3.74721537966473e-09,1104.71285226394,-2.45630165674236e-05,3.45147333940607e-12,-160571.780525503,"MPA"
"523","Caranx","MT_40",2027,940.944535737875,940.944535741396,15.0649763435228,4.72069865583753e-11,956.009747321064,-3.31084349415714e-07,5.01697740553998e-14,-137023.061286495,670.698621575339,670.698621517777,60.2897310013671,9.26513014540843e-12,730.988520193833,-8.43464790131762e-08,1.38141447307047e-14,-116408.209394626,1104.71257608573,1104.71257610781,10.0929072432411,5.42775937290863e-10,1114.80575952872,-3.49621553556433e-06,4.91327620728499e-13,-160571.780504436,"MPA"
"524","Caranx","MT_40",2028,956.009508318627,956.009508314882,8.41092248469777,6.28288628082365e-12,964.420669802011,-4.33671000122972e-08,6.571989771474e-15,-137023.061286207,730.988337446703,730.988337435219,42.7982042975426,1.21469317395178e-12,773.78672447989,-1.01452262641546e-08,1.66171306442635e-15,-116408.209394551,1114.80548082728,1114.80548080267,5.22418371047435,7.7979879406897e-11,1120.02994321451,-4.9769415726323e-07,6.9949297211965e-14,-160571.780501438,"MPA"
"525","Caranx","MT_40",2029,964.420428696843,964.420428700375,4.60136626608415,8.30322840560877e-13,969.022036071625,-5.68084434312394e-09,8.60955044370156e-16,-137023.061286169,773.786531033209,773.786531031509,28.0877641173926,1.54677784984979e-13,801.874488595583,-1.22033956039573e-09,1.99897181085585e-16,-116408.209394542,1120.02966320702,1120.02966323297,2.66880548686871,1.115502250931e-11,1122.69874872732,-7.08554925858762e-08,9.95957525679695e-15,-160571.780501011,"MPA"
"526","Caranx","MT_40",2030,969.021793816116,969.021793812736,2.4886055085111,1.09301585749441e-13,971.510641576756,-7.44209600372787e-10,1.12795769013205e-16,-137023.061286165,801.874288126961,801.874288126771,17.3984758248013,1.92833333704012e-14,819.272964420194,-1.46798879819244e-10,2.40478200075606e-17,-116408.209394541,1122.69846805263,1122.6984680259,1.35408755935894,1.59223290337443e-12,1124.05283625995,-1.00885876685129e-08,1.41821918406813e-15,-160571.78050095,"MPA"
"527","Caranx","MT_40",2031,971.510398699096,971.51039870234,1.3374914611137,1.43575830919458e-14,972.848133041114,-9.75005227603439e-11,1.47786163913177e-17,-137023.061286164,819.272759601953,819.272759601937,10.3657658747745,2.37023623984204e-15,829.638730294953,-1.76598279053672e-11,2.89309710289229e-18,-116408.209394541,1124.05255524674,1124.0525552739,0.68462962022568,2.27026992277181e-13,1124.73746590733,-1.43658921014622e-09,2.01971815695578e-16,-160571.780500941,"MPA"
"528","Caranx","MT_40",2032,972.847889829081,972.847889825965,0.716379639055105,1.88385871120029e-15,973.564512677053,-1.27746072587658e-11,1.93643657958347e-18,-137023.061286164,829.63852288527,829.638522885268,6.02616079762025,2.88773587195312e-16,835.664891092571,-2.12456780853261e-12,3.48071487806081e-19,-116408.209394541,1124.73718472297,1124.73718469559,0.345534802962755,3.23544501709426e-14,1125.08300068292,-2.04587858952219e-10,2.8766224253801e-17,-160571.78050094,"MPA"
"529","Caranx","MT_40",2033,973.564269285925,973.564269288918,0.382998800819841,2.47039247574126e-16,973.947511480866,-1.67385128169824e-12,2.53747177878157e-19,-137023.061286164,835.664682176348,835.664682176349,3.45196936606686,3.49964588223996e-17,839.116860458638,-2.55607854031034e-13,4.18785797936829e-20,-116408.209394541,1125.08271941217,1125.08271943961,0.17423561814431,4.61003258533895e-15,1125.2572363285,-2.91388139341613e-11,4.0975044352645e-18,-160571.78050094,"MPA"
"530","Caranx","MT_40",2034,973.947267993988,973.947267991113,0.204561462367492,3.2386429012366e-17,974.152072940359,-2.1933842000399e-13,3.32527457902975e-20,-137023.061286164,839.116650679423,839.116650679423,1.96038466081617,4.22820346727696e-18,841.077245119454,-3.07536476894878e-14,5.03887320887097e-21,-116408.209394541,1125.2569550142,1125.25695498679,0.0878182058275118,6.56828657400831e-16,1125.34505450693,-4.15057629065967e-12,5.8371422657448e-19,-160571.78050094,"MPA"
"531","Caranx","MT_40",2035,974.15182940234,974.1518294051,0.109199698640137,4.2453042260267e-18,974.261272641759,-2.87435859361031e-14,4.357948151989e-21,-137023.061286164,841.077034850143,841.077034850143,1.10779292007004,5.09951334794177e-19,842.185038039524,-3.70030498630565e-15,6.06307372780905e-22,-116408.209394541,1125.34477317067,1125.34477319796,0.0442519905576074,9.35860028657874e-17,1125.38930652478,-5.91274605160872e-13,8.31620510446834e-20,-160571.78050094,"MPA"
"532","Caranx","MT_40",2036,974.261029076441,974.261029073792,0.0582769505314769,5.56468013715462e-19,974.319549589642,-3.76699866132702e-15,5.71169181554935e-22,-137023.061286164,842.184827493265,842.184827493264,0.624235249865773,6.14437443160868e-20,842.80927328939,-4.45242488289052e-16,7.29575349131329e-23,-116408.209394541,1125.38902517745,1125.38902515032,0.0222961806915498,1.33351143651086e-17,1125.41160267834,-8.42391799092073e-14,1.18493345261007e-20,-160571.78050094,"MPA"
"533","Caranx","MT_40",2037,974.319306009754,974.319306012295,0.0310961747610941,7.29418802759575e-20,974.350645766944,-4.93717086773721e-16,7.4864432625496e-23,-137023.061286164,842.809062587071,842.809062587072,0.351191073695305,7.39936746635453e-21,843.160464363085,-5.35764227392791e-17,8.77940917459965e-24,-116408.209394541,1125.41132132544,1125.41132135237,0.0112332036332075,1.90028068715277e-18,1125.42283590891,-1.20028089575632e-14,1.68852061115269e-21,-160571.78050094,"MPA"
"534","Caranx","MT_40",2038,974.350402179282,974.350402176845,0.0165913697903976,9.56157754496681e-21,974.367237134297,-6.47126106802597e-17,9.8132818883089e-24,-137023.061286164,843.160253572969,843.160253572969,0.197399943400379,8.9081691289361e-22,843.357864306485,-6.44716439020308e-18,1.05652120864861e-24,-116408.209394541,1125.4225545532,1125.42255452649,0.0056592971600875,2.70818238844615e-19,1125.42849517936,-1.71039058369356e-15,2.40636879049907e-22,-160571.78050094,"MPA"
"535","Caranx","MT_40",2039,974.366993542488,974.366993544825,0.00885195139008706,1.25343999459301e-21,974.376089088024,-8.48257392253168e-18,1.28641434853607e-24,-137023.061286164,843.357653467019,843.35765346702,0.110899648418603,1.07231107853894e-22,843.468763954904,-7.75856875124283e-19,1.27147812799579e-25,-116408.209394541,1125.42821382223,1125.4282138487,0.00285113636537436,3.85992707602263e-20,1125.43134634219,-2.43753643318973e-16,3.42973995465387e-23,-160571.78050094,"MPA"
"536","Caranx","MT_40",2040,974.375845494002,974.375845491761,0.00472264962030371,1.64324324806897e-22,974.380811735403,-1.11197302511094e-18,1.68645686862757e-25,-137023.061286164,843.468553087714,843.468553087713,0.062285850500437,1.29070285759182e-23,843.531049805405,-9.33710522903454e-20,1.53023195730438e-26,-116408.209394541,1125.43106498436,1125.43106495814,0.00143636315125937,5.50201993973989e-21,1125.43278267913,-3.47416244603455e-17,4.88880992840854e-24,-160571.78050094,"MPA"
"537","Caranx","MT_40",2041,974.3805681402,974.38056814235,0.00251957576023536,2.15439821758392e-23,974.383331313313,-1.45776867512782e-19,2.2110433535189e-26,-137023.061286164,843.530838922642,843.530838922642,0.0349767138688994,1.55354689614351e-24,843.566026519274,-1.12372646208394e-20,1.84171868540215e-27,-116408.209394541,1125.43250132093,1125.43250134689,0.000723636844395688,7.84345465317572e-22,1125.43350634193,-4.95213050282784e-18,6.9692786400838e-25,-160571.78050094,"MPA"
"538","Caranx","MT_40",2042,974.38308771748,974.383087715419,0.00134420587897843,2.8247282492124e-24,974.384675517131,-1.91121978576562e-20,2.89899073438082e-27,-137023.061286164,843.565815627767,843.565815627767,0.0196394582090828,1.86993283682951e-25,843.585665977483,-1.352466834639e-21,2.21670003063689e-28,-116408.209394541,1125.43322498355,1125.43322495786,0.000364546649805331,1.11823947342524e-22,1125.43387086288,-7.05954574395277e-19,9.93607767250445e-26,-160571.78050094,"MPA"
"539","Caranx","MT_40",2043,974.384431920962,974.384431922938,0.000717139360886328,3.70385760240919e-25,974.385392658468,-2.50587960518461e-21,3.8012272724255e-28,-137023.061286164,843.585455081066,843.585455081066,0.0110270168988338,2.25080209311339e-26,843.596692994382,-1.62783450920422e-22,2.66813695856879e-29,-116408.209394541,1125.43358950442,1125.43358952985,0.00018366679027187,1.59442588133199e-23,1125.4340545551,-1.00647711841496e-19,1.41672107318889e-26,-160571.78050094,"MPA"
"540","Caranx","MT_40",2044,974.38514906212,974.385149060225,0.000382594653648137,4.8568975106169e-26,974.385775251226,-3.28577038191706e-22,4.98457545362577e-29,-137023.061286164,843.596482095208,843.596482095208,0.00619119162166377,2.70932864333702e-27,843.602884186003,-1.95934737344186e-23,3.21163971579849e-30,-116408.209394541,1125.43377319659,1125.43377317143,9.25163664965645e-05,2.27360888602201e-24,1125.43414704631,-1.43507064880193e-20,2.02020622782807e-27,-160571.78050094,"MPA"
"541","Caranx","MT_40",2045,974.385531654783,974.3855316566,0.000204115851593828,6.36928471784584e-27,974.385979368896,-4.30865328862218e-23,6.53671767345293e-30,-137023.061286164,843.602673285282,843.602673285282,0.00347603009509906,3.26137724904921e-28,843.606360216098,-2.35846881621454e-24,3.86601007439197e-31,-116408.209394541,1125.43386568777,1125.43386571267,4.66210407205745e-05,3.24241698354332e-25,1125.43419369225,-2.04637223007901e-21,2.88103661333984e-28,-160571.78050094,"MPA"
"542","Caranx","MT_40",2046,974.385735772401,974.385735770657,0.000108895285549197,8.35313321040674e-28,974.386088262438,-5.65032074627905e-24,8.57271490689658e-31,-137023.061286164,843.606149314508,843.606149314508,0.00195159151969568,3.92605517248144e-29,843.608311807618,-2.83900592475189e-25,4.65389470448722e-32,-116408.209394541,1125.4339123337,1125.43391230906,2.347472185184e-05,4.6244854377243e-26,1125.43421714233,-2.91835221475034e-22,4.10906782790438e-29,-160571.78050094,"MPA"
"543","Caranx","MT_40",2047,974.385844665916,974.385844667588,5.80966060138833e-05,1.09555728691287e-28,974.386146360716,-7.41023114458187e-25,1.12435645388422e-31,-137023.061286164,843.60810090554,843.60810090554,0.00109570119198819,4.72637671037284e-30,843.60940750881,-3.41758928891113e-26,5.60257247850668e-33,-116408.209394541,1125.43393578378,1125.43393580815,1.18384844915131e-05,6.59628110859813e-27,1125.43422900519,-4.16228906652955e-23,5.8610987724784e-30,-160571.78050094,"MPA"
"544","Caranx","MT_40",2048,974.385902764179,974.385902762575,3.09938388725557e-05,1.43696972161098e-29,974.386177352951,-9.71890620693199e-26,1.47474358803026e-32,-137023.061286164,843.609196606458,843.609196606458,0.000615168544444589,5.69006378835565e-31,843.610022677354,-4.11425115821097e-27,6.74490319537626e-34,-116408.209394541,1125.43394764663,1125.43394762252,5.9519801854786e-06,9.40970092907563e-28,1125.43423493306,-5.93701256832883e-24,8.36095143240242e-31,-160571.78050094,"MPA"
"545","Caranx","MT_40",2049,974.385933756407,974.385933757945,1.65360024409566e-05,1.8848937438106e-30,974.386193890492,-1.27476429397057e-26,1.9344422033276e-33,-137023.061286164,843.609811774849,843.609811774849,0.000345378595356295,6.85051060787483e-32,843.61036805595,-4.95312213773996e-28,8.1204708618011e-35,-116408.209394541,1125.4339535745,1125.43395359836,3.01049655447066e-06,1.34243461702629e-28,1125.43423796741,-8.46924368009153e-25,1.19281480459508e-31,-160571.78050094,"MPA"
"546","Caranx","MT_40",2050,974.385950293944,974.385950292467,8.82126110327352e-06,2.47259360632832e-31,974.386202710277,-1.67212651035872e-27,2.53759096940388e-34,-137023.061286164,843.610157153358,843.610157153357,0.0001939082696384,8.24794607127985e-33,843.610561964219,-5.96327075713344e-29,9.77696147842131e-36,-116408.209394541,1125.43395660885,1125.43395658524,1.50480934668257e-06,1.91536192228233e-29,1125.43423944861,-1.20826431381597e-25,1.70188702073039e-32,-160571.78050094,"MPA"
"547","Caranx","MT_40",2051,974.385959113726,974.385959115143,4.7068428240904e-06,3.24373302505373e-32,974.386207418536,-2.19348664181606e-28,3.32900139188262e-35,-137023.061286164,843.610351061579,843.610351061579,0.00010886719323761,9.93083463052711e-34,843.610670831413,-7.17971524831043e-30,1.17718234909301e-36,-116408.209394541,1125.43395809005,1125.43395811341,7.69818260869781e-07,2.73305683653198e-30,1125.43424024179,-1.72393010664514e-26,2.42844649712362e-33,-160571.78050094,"MPA"
"548","Caranx","MT_40",2052,974.385963821984,974.385963820625,2.51044599674221e-06,4.25562968854422e-33,974.386209927623,-2.87757963032791e-29,4.36749787316752e-36,-137023.061286164,843.610459928745,843.610459928745,6.11220060582903e-05,1.19575645532299e-34,843.610731953419,-8.64464289833956e-31,1.41742689687e-37,-116408.209394541,1125.43395888323,1125.43395886012,3.76232524022864e-07,3.90019484987142e-31,1125.43424059491,-2.4599000860644e-27,3.46550221275789e-34,-160571.78050094,"MPA"
"549","Caranx","MT_40",2053,974.385966331071,974.385966332375,1.33996012208568e-06,5.58352927355523e-34,974.386211268887,-3.77525312724509e-30,5.73030407929312e-37,-137023.061286164,843.610521050736,843.610521050736,3.43161142724056e-05,1.43984826695497e-35,843.610766269533,-1.04088796156827e-31,1.70676855143952e-38,-116408.209394541,1125.43395923635,1125.43395925922,2.01011931331161e-07,5.56626001076136e-32,1125.4342408188,-3.51038789675422e-28,4.94587760882324e-35,-160571.78050094,"MPA"
"550","Caranx","MT_40",2054,974.385967672334,974.385967671083,7.14262088937245e-07,7.32621864464238e-35,974.386211981898,-4.95325905670319e-31,7.51880369397046e-38,-137023.061286164,843.610555366841,843.610555366841,1.92663112436448e-05,1.73383468084648e-36,843.610785535844,-1.25336611168932e-32,2.05525433075438e-39,-116408.209394541,1125.43395946024,1125.4339594376,8.99154440849872e-08,7.94474442932858e-33,1125.43424088607,-5.00993732825289e-29,7.05927022759544e-36,-160571.78050094,"MPA"
"551","Caranx","MT_40",2055,974.385968385345,974.385968386546,3.81643559849986e-07,9.61339824749436e-36,974.386212364743,-6.49923319554633e-32,9.86610661078705e-39,-137023.061286164,843.610574633148,843.610574633148,1.08168053786518e-05,2.08792817794041e-37,843.61079635265,-1.50927677151227e-33,2.47498990498823e-40,-116408.209394541,1125.43395952751,1125.43395954992,5.653285125722e-08,1.13405819476281e-33,1125.43424096501,-7.15070291273708e-30,1.0076627790087e-36,-160571.78050094,"MPA"
"552","Caranx","MT_40",2056,974.38596876819,974.385968767037,2.03046974420313e-07,1.26153655574988e-36,974.386212566637,-8.52823536901658e-33,1.29469869312729e-39,-137023.061286164,843.610585449951,843.610585449951,6.0729464196899e-06,2.51443424205676e-38,843.610802425596,-1.81750974436657e-34,2.98056195217974e-41,-116408.209394541,1125.43395960645,1125.43395958427,1.73669777920168e-08,1.61893505717666e-34,1125.4342409602,-1.02071417251417e-30,1.43849813542949e-37,-160571.78050094,"MPA"
"553","Caranx","MT_40",2057,974.385968970084,974.38596897119,1.08863645490136e-07,1.65557347227604e-37,974.386212676607,-1.11913398288989e-33,1.69909369706195e-40,-137023.061286164,843.610591522895,843.610591522895,3.40957206647534e-06,3.02818085404576e-39,843.610805835168,-2.18877676261775e-35,3.58954727148937e-42,-116408.209394541,1125.43395960164,1125.43395962359,1.97505145177923e-08,2.31132968052142e-35,1125.4342410019,-1.45712977054936e-31,2.05372255117227e-38,-160571.78050094,"MPA"
"554","Caranx","MT_40",2058,974.385969080054,974.385969078991,5.7562591341563e-08,2.17281452782366e-38,974.386212733107,-1.46869191000949e-34,2.22993151951013e-41,-137023.061286164,843.610594932466,843.610594932466,1.91425727865893e-06,3.64703622747034e-40,843.610807749425,-2.63598535517414e-36,4.32312649653629e-43,-116408.209394541,1125.43395964334,1125.43395962165,1.19696560708856e-09,3.30014065898519e-36,1125.43424098141,-2.08032266157103e-32,2.9323265089636e-39,-160571.78050094,"MPA"
"555","Caranx","MT_40",2059,974.385969136554,974.385969137574,3.12054581576182e-08,2.85182121269701e-39,974.386212765333,-1.92754666104807e-35,2.92678732049973e-42,-137023.061286164,843.610596846723,843.610596846723,1.0747333237735e-06,4.39253293716584e-41,843.610808824159,-3.17468952810066e-37,5.20682392498525e-44,-116408.209394541,1125.43395962285,1125.43395964219,9.2753758496945e-09,4.71238530234739e-37,1125.43424101003,-2.97030642441965e-33,4.1871707210881e-40,-160571.78050094,"MPA"
"556","Caranx","MT_40",2060,974.38596916878,974.3859691678,1.61721977654614e-08,3.74323624156293e-40,974.386212780525,-2.52990689528721e-36,3.84163506474454e-43,-137023.061286164,843.610597921456,843.610597921456,6.03394170818575e-07,5.2906203299991e-42,843.610809427553,-3.82363305874721e-38,6.27139941150501e-45,-116408.209394541,1125.43395965147,1125.43395963311,3.95543403923426e-10,6.72955925773053e-38,1125.43424099207,-4.24140355958704e-34,5.97952240345118e-41,-160571.78050094,"MPA"
"557","Caranx","MT_40",2061,974.385969183972,974.385969184913,9.08486739493009e-09,4.91357220764652e-41,974.386212790551,-3.32069876461499e-37,5.04273576862819e-44,-137023.061286164,843.610598524851,843.610598524851,3.38767364493483e-07,6.37257161577497e-43,843.61080976632,-4.60540445766967e-39,7.55392361567675e-46,-116408.209394541,1125.43395963351,1125.43395964685,4.13707128782673e-09,9.61102341352276e-39,1125.43424100954,-6.05697003919581e-35,8.53983561496284e-42,-160571.78050094,"MPA"
"558","Caranx","MT_40",2062,974.385969193998,974.385969193095,4.40798112593268e-09,6.45018946186948e-42,974.386212794056,-4.35892690350506e-38,6.61974623326899e-45,-137023.061286164,843.610598863618,843.610598863618,1.90196254543617e-07,7.67607747456344e-44,843.610809956516,-5.54722657732574e-40,9.09907434293037e-47,-116408.209394541,1125.43395965098,1125.43395964218,1.36159177227578e-11,1.37274392191898e-39,1125.43424100075,-8.65044479633233e-36,1.21974600727235e-42,-160571.78050094,"MPA"
"559","Caranx","MT_40",2063,974.385969197503,974.38596919837,2.77299833891671e-09,8.46783684157443e-43,974.386212797696,-5.72209040380119e-39,8.69043171012536e-46,-137023.061286164,843.610599053814,843.610599053814,1.06783059363861e-07,9.24656457665288e-45,843.610810063299,-6.68190858051685e-41,1.09606994926126e-47,-116408.209394541,1125.43395964219,1125.43395964686,1.35349793059071e-10,1.96085734275091e-40,1125.43424100556,-1.23554433330883e-36,1.74231178625531e-43,-160571.78050094,"MPA"
"560","Caranx","MT_40",2064,974.385969201143,974.38596920031,1.07474911409618e-09,1.11172463608188e-43,974.386212797938,-7.51198522437033e-40,1.14094865206462e-46,-137023.061286164,843.610599160597,843.610599160597,5.99518965458665e-08,1.11387853244397e-45,843.610810123251,-8.04899369187511e-42,1.32037015073383e-48,-116408.209394541,1125.433959647,1125.43395964555,0,2.80116529070035e-41,1125.43424100411,-1.76487845955643e-37,2.48896398264687e-44,-160571.78050094,"MPA"
"561","Caranx","MT_40",2065,974.385969201385,974.385969202185,9.62033093381611e-10,1.45964274351758e-44,974.3862127997,-9.8623287104238e-41,1.49801251736335e-47,-137023.061286164,843.610599220549,843.610599220549,3.36591255506388e-08,1.34187346712621e-46,843.61081015691,-9.69614304393557e-43,1.59063095330672e-49,-116408.209394541,1125.43395964555,1125.43395964713,0,4.00191107276926e-42,1125.43424100569,-2.52120140277898e-38,3.55588174498651e-45,-160571.78050094,"MPA"
"562","Caranx","MT_60",2015,67.6714881921237,67.6714881921237,29.5754032308927,0.259454141978088,96.9874541989146,-25330.1173244071,0.00383402351634334,-181859.619092031,25.982213534445,25.982213534445,11.1252994128053,0.0662856516468154,37.0412337911585,-15612.9345660388,0.00255119276067555,-153434.508353896,101.067767733052,101.067767733052,45.7969508498415,1.10855833543411,145.756185514407,-77988.5738072824,0.0109684628755484,-254975.302235268,"MPA"
"563","Caranx","MT_60",2016,96.9874299520511,96.9756240233108,41.1991114171956,0.0724491099410022,138.102310577429,-4935.44546974811,0.000747085778871871,-161464.947237372,37.0412245308501,37.0412242446541,15.6754340127894,0.0175028568640816,52.6991646608879,-2891.6685082012,0.000472523644208552,-140713.242296059,145.756149075361,145.75614208455,63.5288857505424,0.327290953161484,208.957773320978,-15964.4810747325,0.00224547092978913,-192951.209502718,"MPA"
"564","Caranx","MT_60",2017,138.102276051851,138.094369049775,56.2904852543131,0.0201039886987339,194.364784840967,-961.684321003917,0.000145581445428693,-157491.186088628,52.6991514860968,52.6991360553375,21.9286098132668,0.00461233572536464,74.6231467076701,-535.58034341618,8.7521998663224e-05,-138357.154131274,208.957721081534,208.957343998799,85.9709466785152,0.096063004807325,294.83227991195,-3268.16280443889,0.000459724943883203,-180254.891232424,"MPA"
"565","Caranx","MT_60",2018,194.364736249771,194.360699986362,74.6514717076486,0.0055140529820326,269.006706232224,-187.393734533823,2.83701467282115e-05,-156716.895502158,74.6231280518834,74.6230502042443,30.3116701947003,0.00120975632715045,104.933529298404,-99.2001902692684,1.62115436732315e-05,-137920.773978127,294.83220620388,294.830319156771,111.515462423025,0.0277518961500456,406.318103391716,-669.078283952726,9.41277927516682e-05,-177655.806711938,"MPA"
"566","Caranx","MT_60",2019,269.006638980548,269.004890001608,94.9257268139155,0.00148729867876045,363.929196768521,-36.5168526458303,5.52888176982646e-06,-156566.01862027,104.933503065022,104.933416051857,41.1855920071871,0.0003151079173763,146.118719184509,-18.3743346396499,3.00292888360436e-06,-137839.948122497,406.31800181219,406.31612998154,136.173444022366,0.00783128756501922,542.481844295867,-136.985366573398,1.92737887802346e-05,-177123.713794559,"MPA"
"567","Caranx","MT_60",2020,363.929105786222,363.928469499203,113.979836802379,0.000392147813000143,477.908005136069,-7.11618257274622,1.07753994071463e-06,-156536.617950197,146.11868265483,146.118618275524,54.6295352369988,8.12802823141631e-05,200.74810876192,-3.40346579661718,5.56261946345212e-07,-137824.977253654,542.481708675406,542.480669741623,153.255161946554,0.00214107132485865,695.733826237312,-28.047608443781,3.94680758922276e-06,-177014.776036429,"MPA"
"568","Caranx","MT_60",2021,477.907885659067,477.907698462143,126.905215865621,0.000100367753738729,604.812933437011,-1.38680935886704,2.10014835909277e-07,-156530.888576983,200.748058574893,200.748020412375,70.095410608601,2.06861115461719e-05,270.843460521892,-0.630436320313795,1.03045113294136e-07,-137822.204224178,695.733652303856,695.733289596271,155.336245280927,0.000562338352053279,851.069146472303,-5.74306423059373,8.08266520684193e-07,-176992.471492216,"MPA"
"569","Caranx","MT_60",2022,604.812782233778,604.812737649793,128.5168446257,2.47575842760364e-05,733.329708721141,-0.270273817223264,4.09342845265031e-08,-156529.772041441,270.843392811027,270.843373284476,85.9869264921098,5.17020411321413e-06,356.830362317247,-0.11678060202563,1.90892706342361e-08,-137821.69056846,851.068933705016,851.068849073672,138.917083098083,0.000140882748800303,989.986004056293,-1.17603666904081,1.65536196022892e-07,-176987.904464654,"MPA"
"570","Caranx","MT_60",2023,733.329525388714,733.329515396509,116.425955428989,5.85119171268753e-06,849.755648306734,-0.0526758366267663,7.97893723614908e-09,-156529.554443461,356.830273109657,356.830264143647,99.41312767986,1.26190626066438e-06,456.243479769191,-0.0216326571795924,3.53643185708638e-09,-137821.595420515,989.985756559792,989.985739657242,108.432997519995,3.35652522283959e-05,1098.41895110849,-0.240841387321623,3.39047745150032e-08,-176986.969269373,"MPA"
"571","Caranx","MT_60",2024,849.755435867821,849.75543348173,93.5506788686724,1.32165289685611e-06,943.306323467662,-0.0102669707128012,1.55533287689805e-09,-156529.512034595,456.243365708321,456.243361932912,106.60232069035,2.98917997820571e-07,562.845796385214,-0.00400737046686991,6.55172097975161e-10,-137821.577795228,1098.41867650375,1098.41867366423,74.2710384510199,7.6282669604467e-06,1172.68997909172,-0.0493261314512179,6.94476998356381e-09,-176986.777754117,"MPA"
"572","Caranx","MT_60",2025,943.306087641081,943.306087197596,66.9579167585419,2.86005634739917e-07,1010.26423949671,-0.00200123900761945,3.03194866431622e-10,-156529.503768863,562.845655673765,562.845654220633,104.381720823966,6.83201976104201e-08,667.227515687728,-0.000742371606318904,1.21383508679209e-10,-137821.574530229,1172.68968591923,1172.68968564303,45.6266636080021,1.66827164621571e-06,1218.31664075525,-0.0101032017127654,1.422602457588e-09,-176986.738531187,"MPA"
"573","Caranx","MT_60",2026,1010.26398693065,1010.26398686701,43.4314790862669,5.97138666918486e-08,1053.69571845962,-0.000390105382159509,5.91071764769363e-11,-156529.50215773,667.227348880849,667.227348391726,92.2500381859868,1.50055556373096e-08,759.477553369586,-0.000137530174115972,2.24894137074771e-11,-137821.573925388,1218.31633617609,1218.31633612768,25.9150933032261,3.55056713029924e-07,1244.23173365501,-0.00206954785866164,2.91432211589294e-10,-176986.730497533,"MPA"
"574","Caranx","MT_60",2027,1053.69545503569,1053.69545503023,26.1670256062953,1.21420886732977e-08,1079.86274404831,-7.6048429966701e-05,1.15233349254320e-11,-156529.501843673,759.477363500198,759.477363366924,73.3269225968923,3.1646489289403e-09,832.80447583004,-2.5479564381555e-05,4.16687618337082e-12,-137821.573813337,1244.23142259708,1244.23142260807,14.002642132417,7.42883743294634e-08,1258.23437572413,-0.000423959356310574,5.97062205697856e-11,-176986.728851945,"MPA"
"575","Caranx","MT_60",2028,1079.86247408262,1079.86247408125,15.0040157834212,2.42607432556589e-09,1094.86675982793,-1.48259374104579e-05,2.24665064049874e-12,-156529.50178245,832.804267628921,832.804267601428,52.7959800355623,6.42983634354429e-10,885.600455837466,-4.72068511489154e-06,7.72070339455831e-13,-137821.573792578,1258.23406116554,1258.23406115271,7.34995781930849,1.53918560819203e-08,1265.58433351522,-8.6856718572495e-05,1.22329006255814e-11,-176986.728514842,"MPA"
"576","Caranx","MT_60",2029,1094.86648611124,1094.86648611179,8.34496869108881,4.79593635754079e-10,1103.21172851909,-2.89052044783744e-06,4.38038356219186e-13,-156529.501770515,885.600234437352,885.600234433137,35.0028581580197,1.26693566700376e-10,920.603313991144,-8.74656073519699e-07,1.43059509359182e-13,-137821.573788732,1265.58401711914,1265.58401713057,3.79731397853563,3.1721820544891e-09,1269.38164750202,-1.77955656178588e-05,2.50649598804558e-12,-176986.728445781,"MPA"
"577","Caranx","MT_60",2030,1103.21145271615,1103.21145271562,4.55986813121628,9.42251290231381e-11,1107.77159664967,-5.63573689339766e-07,8.54098325709674e-14,-156529.501768188,920.603083840316,920.603083839834,21.816804205022,2.44040847341072e-11,942.42011819566,-1.62064503898554e-07,2.65087952250647e-14,-137821.57378802,1269.3813301566,1269.3813301452,1.94549863856864,6.51965158739463e-10,1271.32714612853,-3.64626806196231e-06,5.13608464422389e-13,-176986.728431632,"MPA"
"578","Caranx","MT_60",2031,1107.77131970677,1107.77131970724,2.46700875168436,1.8449002243311e-11,1110.2386054018,-1.09886763793179e-07,1.66541571377237e-14,-156529.501767734,942.419882590631,942.419882590587,13.0376379568567,4.62936097036674e-12,955.457756152469,-3.0030003460845e-08,4.91220516305406e-15,-137821.573787888,1271.32682829675,1271.32682830811,0.992429311548941,1.33808022795454e-10,1272.31957545131,-7.47159560757195e-07,1.05250661250275e-13,-176986.728428733,"MPA"
"579","Caranx","MT_60",2032,1110.23832784215,1110.23832784172,1.32746961037073,3.60556034498276e-12,1111.56607501174,-2.142691266881e-08,3.24755446931871e-15,-156529.501767646,955.45751728803,955.457517288026,7.58578255984253,8.69736380683238e-13,963.043538712307,-5.56465744163741e-09,9.10282401375418e-16,-137821.573787863,1272.31925737142,1272.31925736002,0.505126694345117,2.74436025857097e-11,1272.82470213423,-1.5311079721138e-07,2.15697401149983e-14,-176986.728428138,"MPA"
"580","Caranx","MT_60",2033,1111.56579712022,1111.56579712062,0.712190684944295,7.03954292449994e-13,1112.27826569708,-4.17823707067801e-09,6.33299547615785e-16,-156529.501767628,963.043297951422,963.043297951422,4.34295601814849,1.62455637497535e-13,967.386494730455,-1.03118378121053e-09,1.68689816158006e-16,-137821.573787859,1272.82438392805,1272.82438393947,0.256807005964687,5.62679283377207e-12,1273.0815091516,-3.1378038747069e-08,4.42071309924867e-15,-176986.728428017,"MPA"
"581","Caranx","MT_60",2034,1112.27798762751,1112.27798762715,0.381484765208354,1.37370748437493e-13,1112.65975046192,-8.14789918557953e-10,1.2350394022255e-16,-156529.501767625,967.386252883832,967.386252883832,2.46297363547914,3.02422862987223e-14,969.849468365934,-1.91094259624735e-10,3.12618446334097e-17,-137821.573787858,1273.08119088122,1273.08119086983,0.130485341668078,1.15351492226884e-12,1273.21199448187,-6.43092079782862e-09,9.06080964947454e-16,-176986.728427992,"MPA"
"582","Caranx","MT_60",2035,1112.65947229698,1112.65947229733,0.204167800742159,2.67999315302794e-14,1112.86391826301,-1.58897547454964e-10,2.40863673905283e-17,-156529.501767624,969.849225903567,969.849225903568,1.38922049709816,5.61898206348272e-15,971.238688863033,-3.54138158028824e-11,5.79366411671076e-18,-137821.573787858,1273.21167617888,1273.21167619021,0.0662809412229932,2.36466477359763e-13,1273.27827543444,-1.31809833316093e-09,1.85724355711863e-16,-176986.728427987,"MPA"
"583","Caranx","MT_60",2036,1112.86364004703,1112.8636400467,0.109219096614571,5.22784466241774e-15,1112.9731373593,-3.09890055474124e-11,4.69764952985224e-18,-156529.501767624,971.238446053361,971.23844605336,0.781159035441878,1.04287185551485e-15,972.019847898474,-6.56313094593665e-12,1.07375444107944e-18,-137821.573787858,1273.27795711487,1273.27795710361,0.0336628177039268,4.84753705947469e-14,1273.31193824089,-2.70177793813727e-10,3.80713089432139e-17,-176986.728427986,"MPA"
"584","Caranx","MT_60",2037,1112.97285911601,1112.97285911632,0.0584121963678207,1.0197491951975e-15,1113.03154955597,-6.04389514200475e-12,9.16238821016844e-19,-156529.501767624,972.019604893512,972.019604893512,0.438479365464775,1.93439287452034e-16,972.458327263939,-1.21636109718901e-12,1.99007548940748e-19,-137821.573787858,1273.3116199129,1273.31161992405,0.0170954068190147,9.93776168852852e-15,1273.32903365885,-5.53832697764113e-11,7.8046560234547e-18,-176986.728427985,"MPA"
"585","Caranx","MT_60",2038,1113.03127129809,1113.03127129779,0.0312357241771398,1.98912906956683e-16,1113.06278527986,-1.17881318126126e-12,1.78712730143217e-19,-156529.501767624,972.458084149358,972.458084149358,0.245884978496583,3.58688968934466e-17,972.704212242436,-2.25437927477991e-13,3.68847650205902e-20,-137821.573787858,1273.32871532659,1273.32871531557,0.00868142906656197,2.0374046386195e-15,1273.3377150769,-1.13536250423795e-11,1.60006140185551e-18,-176986.728427985,"MPA"
"586","Caranx","MT_60",2039,1113.06250701416,1113.06250701444,0.0167020272905618,3.88007956759163e-17,1113.07948730743,-2.29927955037404e-13,3.48594851872265e-20,-156529.501767624,972.703969066383,972.703969066383,0.137808222020096,6.64994656763231e-18,972.842020464456,-4.17834588613123e-14,6.83655574216315e-21,-137821.573787858,1273.33739674247,1273.33739675335,0.00440854511570096,4.17724519591522e-16,1273.3421236329,-2.32764865912429e-12,3.28054776549436e-19,-176986.728427985,"MPA"
"587","Caranx","MT_60",2040,1113.07920903756,1113.07920903729,0.00893039176913672,7.56887373655252e-18,1113.08841769893,-4.48494635213266e-14,6.79994000685597e-21,-156529.501767624,972.841777253951,972.841777253951,0.0772118238126477,1.23277228400084e-18,972.919232288269,-7.74452328563038e-15,1.26718650928779e-21,-137821.573787858,1273.34180529737,1273.34180528662,0.00223868741197507,8.56501114871106e-17,1273.34436230957,-4.7722934776102e-13,6.7264021112211e-20,-176986.728427985,"MPA"
"588","Caranx","MT_60",2041,1113.08813942682,1113.08813942708,0.00477488754596271,1.47651356674523e-18,1113.09319258673,-8.74865644727939e-15,1.32650159975395e-21,-156529.501767624,972.918989058461,972.918989058461,0.0432530890008273,2.28524795771732e-19,972.96248537727,-1.43548233002189e-15,2.3488568031927e-22,-137821.573787858,1273.34404397348,1273.34404398407,0.00113682204398647,1.75627212413522e-17,1273.34549914221,-9.78506249087386e-14,1.37925935522244e-20,-176986.728427985,"MPA"
"589","Caranx","MT_60",2042,1113.09291431343,1113.09291431319,0.00255300166947904,2.88045130741493e-19,1113.09574558816,-1.70664840156795e-15,2.58778988731483e-22,-156529.501767624,972.962242136648,972.962242136648,0.0242274785978122,4.23624852831743e-20,972.986712855867,-2.66080985161938e-16,4.35396902962277e-23,-137821.573787858,1273.34518080583,1273.34518079539,0.000577277269189796,3.60148710705863e-18,1273.34607640903,-2.0064424861407e-14,2.82836599295697e-21,-176986.728427985,"MPA"
"590","Caranx","MT_60",2043,1113.09546731422,1113.09546731445,0.00136501246742497,5.61954630652613e-20,1113.09711060086,-3.32939475503459e-16,5.04857405914958e-23,-156529.501767624,972.986469609189,972.986469609189,0.0135698688927409,7.85296765237771e-21,973.00028272476,-4.93222213489751e-17,8.07099166783895e-24,-137821.573787858,1273.34575807251,1273.34575808281,0.000293148313754452,7.38581098761167e-19,1273.34636956764,-4.11449352988568e-15,5.80031707361162e-22,-176986.728427985,"MPA"
"591","Caranx","MT_60",2044,1113.09683232658,1113.09683232636,0.000729828309691084,1.09637706779377e-20,1113.09784042894,-6.4953866861811e-17,9.84978810341121e-24,-156529.501767624,973.000039474689,973.000039474689,0.0076002842226279,1.45577471611286e-21,973.007883008983,-9.14290458987111e-18,1.49617090761387e-24,-137821.573787858,1273.34605123105,1273.3460512209,0.000148856449251318,1.51474936128386e-19,1273.34651841394,-8.43786381494707e-16,1.18958156043449e-22,-176986.728427985,"MPA"
"592","Caranx","MT_60",2045,1113.09756215448,1113.0975621547,0.000390215272460996,2.13912798175076e-21,1113.09823064443,-1.26725252980591e-17,1.92177893447931e-24,-156529.501767624,973.007639757012,973.007639757012,0.00425673479509017,2.69876201537304e-22,973.012139743778,-1.69487819564087e-18,2.7736281098024e-25,-137821.573787858,1273.34620007731,1273.34620008731,7.55946813922914e-05,3.10677339575995e-20,1273.34659401862,-1.73051353497334e-16,2.43984913048625e-23,-176986.728427985,"MPA"
"593","Caranx","MT_60",2046,1113.09795236987,1113.09795236967,0.000208634975467022,4.173801529555e-22,1113.0984392792,-2.47251939876383e-18,3.74971535723183e-25,-156529.501767624,973.011896490743,973.011896490743,0.00238407106152809,5.00318087839261e-23,973.01452381484,-3.14199518917824e-19,5.14195113712568e-26,-137821.573787858,1273.34627568197,1273.34627567212,3.83822452358232e-05,6.3724217204113e-21,1273.34663239101,-3.54930849962774e-17,5.00446755843611e-24,-176986.728427985,"MPA"
"594","Caranx","MT_60",2047,1113.09816100459,1113.09816100479,0.000111550198192052,8.14413617393851e-23,1113.0985508296,-4.8243030419514e-19,7.31663605530913e-26,-156529.501767624,973.014280561208,973.014280561208,0.00133524041995394,9.27554949918167e-24,973.01585905526,-5.82485649580774e-20,9.53279655355563e-27,-137821.573787858,1273.34631405436,1273.34631406407,1.94954475768607e-05,1.30715016186883e-21,1273.34665189617,-7.28012196287351e-18,1.02654699719459e-24,-176986.728427985,"MPA"
"595","Caranx","MT_60",2048,1113.09827255496,1113.09827255477,5.96420311953242e-05,1.58919227599995e-23,1113.09861047144,-9.41342641070149e-20,1.42771929297322e-26,-156529.501767624,973.015615801295,973.015615801295,0.000747822350894831,1.71967057078212e-24,973.01660687761,-1.07988524982355e-20,1.767361297124e-27,-137821.573787858,1273.34633355951,1273.34633354994,9.89505606668256e-06,2.68146660556517e-22,1273.34666178166,-1.49334314846985e-18,2.10584180008809e-25,-176986.728427985,"MPA"
"596","Caranx","MT_60",2049,1113.09833219678,1113.09833219697,3.18886634155644e-05,3.10117313269341e-24,1113.09864236028,-1.83687290136052e-20,2.78607223431889e-27,-156529.501767624,973.016363623458,973.016363623458,0.000418828938771417,3.18832964560319e-25,973.017025706549,-2.00208552052914e-21,3.27674740910587e-28,-137821.573787858,1273.34634344499,1273.34634345442,5.02944315763232e-06,5.50104426214636e-23,1273.34666682053,-3.06341982637193e-19,4.32014660834728e-26,-176986.728427985,"MPA"
"597","Caranx","MT_60",2050,1113.09836408562,1113.09836408545,1.70497031779092e-05,6.05192700661276e-25,1113.09865940981,-3.58450054821964e-21,5.43700870372089e-28,-156529.501767624,973.016782452293,973.016782452293,0.000234571104361659,5.9114443969945e-26,973.017260277653,-3.71193402910956e-22,6.07537611451552e-29,-137821.573787858,1273.34634848387,1273.34634847457,2.54932154831862e-06,1.12860926892324e-23,1273.34666936056,-6.28462345664323e-20,8.86333076711398e-27,-176986.728427985,"MPA"
"598","Caranx","MT_60",2051,1113.09838113515,1113.09838113531,9.11597921434894e-06,1.18108022703055e-25,1113.09866852596,-6.99513833091616e-22,1.06107416179693e-28,-156529.501767624,973.017017023338,973.017017023338,0.000131374814165342,1.09606540359343e-26,973.017391652468,-6.8822501463534e-23,1.12646039113495e-29,-137821.573787858,1273.34635102389,1273.34635103305,1.29912640526511e-06,2.3156221860135e-24,1273.34667066885,-1.28937051199371e-20,1.81853240891292e-27,-176986.728427985,"MPA"
"599","Caranx","MT_60",2052,1113.09839025129,1113.09839025113,4.87392720533038e-06,2.30506464723357e-26,1113.09867339972,-1.36515516997697e-22,2.07085383570362e-29,-156529.501767624,973.01714839812,973.01714839812,7.35782727567883e-05,2.03231866951578e-27,973.01746523074,-1.27606621302106e-23,2.08867661251595e-30,-137821.573787858,1273.34635233218,1273.34635232315,6.5519040338836e-07,4.75135296545221e-25,1273.34667131501,-2.64546379320024e-21,3.73138994658579e-28,-176986.728427985,"MPA"
"600","Caranx","MT_60",2053,1113.09839512506,1113.09839512521,2.60599803257483e-06,4.49888360301112e-27,1113.09867600588,-2.66431595627821e-23,4.04176530843419e-30,-156529.501767624,973.017221976374,973.017221976374,4.12085174361934e-05,3.76842269170156e-28,973.017506439258,-2.36607489798539e-24,3.87292399814008e-31,-137821.573787858,1273.34635297834,1273.34635298724,3.3715187433178e-07,9.74972295135183e-26,1273.34667166106,-5.42814466963607e-22,7.65677028179852e-29,-176986.728427985,"MPA"
"601","Caranx","MT_60",2054,1113.09839773121,1113.09839773106,1.393267255799e-06,8.78100614046097e-28,1113.098677399,-5.20004822026422e-24,7.88879398542615e-31,-156529.501767624,973.017263184881,973.017263184881,2.30793913839328e-05,6.98779026663474e-29,973.017529518649,-4.38728915652284e-25,7.18156684786325e-32,-137821.573787858,1273.34635332439,1273.34635331562,1.66825189030304e-07,2.00074862812845e-26,1273.34667181911,-1.11384919257219e-22,1.57125209705736e-29,-176986.728427985,"MPA"
"602","Caranx","MT_60",2055,1113.09839912433,1113.09839912447,7.45001309812976e-07,1.71396370472108e-28,1113.09867814414,-1.01495524834935e-24,1.53981290205657e-31,-156529.501767624,973.017286264267,973.017286264267,1.29259267678657e-05,1.29578377036094e-29,973.017542444576,-8.13535467599203e-26,1.33171677904093e-32,-137821.573787858,1273.34635348244,1273.34635349109,8.90335024809993e-08,4.10599044879109e-27,1273.3466719168,-2.28573904560642e-23,3.22456605075603e-30,-176986.728427985,"MPA"
"603","Caranx","MT_60",2056,1113.09839986947,1113.09839986933,3.98261211232686e-07,3.34562080351539e-29,1113.09867854226,-1.9810901251889e-25,3.00568212792555e-32,-156529.501767624,973.01729919019,973.01729919019,7.23934069974159e-06,2.40291056356117e-30,973.017549683917,-1.50858281415367e-26,2.46954495550428e-33,-137821.573787858,1273.34635358013,1273.3463535716,4.09530255109291e-08,8.42691040583508e-28,1273.34667194922,-4.69085549107819e-24,6.6179231404044e-31,-176986.728427985,"MPA"
"604","Caranx","MT_60",2057,1113.09840026759,1113.09840026773,2.12999840020648e-07,6.53084690978402e-30,1113.09867875539,-3.86704590871783e-26,5.86726678926341e-33,-156529.501767624,973.017306429529,973.017306429529,4.05449100523819e-06,4.45610118162865e-31,973.017553738408,-2.79752657417158e-27,4.57967195255236e-34,-137821.573787858,1273.34635361255,1273.34635362096,2.49947617235115e-08,1.72959225619666e-28,1273.34667198262,-9.6272554551706e-25,1.35830429709219e-31,-176986.728427985,"MPA"
"605","Caranx","MT_60",2058,1113.09840048072,1113.0984004806,1.13823232539877e-07,1.27491115315022e-30,1113.09867886909,-7.54869911956855e-27,1.14537118539729e-33,-156529.501767624,973.017310484019,973.017310484019,2.27077266169206e-06,8.26389548329039e-32,973.01755600918,-5.18790069387728e-28,8.49305899111467e-35,-137821.573787858,1273.34635364596,1273.34635363766,8.5522490838786e-09,3.55012691665486e-29,1273.34667198288,-1.97595864692426e-25,2.78802858229272e-32,-176986.728427985,"MPA"
"606","Caranx","MT_60",2059,1113.09840059442,1113.09840059454,6.09155031631894e-08,2.48890260692154e-31,1113.09867893013,-1.47360990548593e-27,2.23601254243717e-34,-156529.501767624,973.017312754791,973.017312754791,1.27177700370441e-06,1.53259319167799e-32,973.017557280957,-9.6210268092515e-29,1.57509305172653e-35,-137821.573787858,1273.34635364621,1273.34635365439,8.42546590264415e-09,7.28733432400998e-30,1273.34667199949,-4.05581370599123e-26,5.72297747687359e-33,-176986.728427985,"MPA"
"607","Caranx","MT_60",2060,1113.09840065546,1113.09840065534,3.25137115904543e-08,4.8590725693557e-32,1113.09867896253,-2.87680559222655e-28,4.36535651450604e-35,-156529.501767624,973.017314026568,973.017314026568,7.12275947585078e-07,2.84237411392423e-33,973.017557993233,-1.78428202295179e-29,2.92119509319759e-36,-137821.573787858,1273.34635366282,1273.34635365475,7.24753277456729e-10,1.49595335498764e-30,1273.34667199214,-8.32535600144212e-27,1.17482017103685e-33,-176986.728427985,"MPA"
"608","Caranx","MT_60",2061,1113.09840068786,1113.09840068797,1.74374837380206e-08,9.48672480815797e-33,1113.09867898007,-5.61637369855954e-29,8.52280663651506e-36,-156529.501767624,973.017314738844,973.017314738844,3.98919829735689e-07,5.27166525099579e-34,973.017558392153,-3.30916061410581e-30,5.41785213194729e-37,-137821.573787858,1273.34635365548,1273.34635366296,3.88104295339835e-09,3.07108492658581e-31,1273.34667200351,-1.70903977887051e-27,2.41182153622086e-34,-176986.728427985,"MPA"
"609","Caranx","MT_60",2062,1113.0984007054,1113.0984007053,9.27191323460359e-09,1.85223714227224e-33,1113.09867898924,-1.09652595090845e-29,1.66403678061089e-36,-156529.501767624,973.017315137763,973.017315137763,2.23420405078334e-07,9.77747277308529e-35,973.017558615573,-6.13740004213822e-31,1.00486087725302e-37,-137821.573787858,1273.34635366684,1273.34635365948,1.78728905778668e-10,6.30506966887087e-32,1273.34667199632,-3.50853606922681e-28,4.95157352471055e-35,-176986.728427985,"MPA"
"610","Caranx","MT_60",2063,1113.09840071457,1113.09840071467,5.00663867663232e-09,3.61654752192296e-34,1113.09867899435,-2.14091389260016e-30,3.24908077800164e-37,-156529.501767624,973.017315361184,973.017315361184,1.25129678627779e-07,1.81350006887274e-35,973.017558740703,-1.13831700094374e-31,1.86378966424102e-38,-137821.573787858,1273.34635365966,1273.3463536652,1.87110240830848e-09,1.29452998179602e-32,1273.34667200374,-7.20317571178894e-29,1.01663593290466e-35,-176986.728427985,"MPA"
"611","Caranx","MT_60",2064,1113.09840071968,1113.09840071958,2.62962441907129e-09,7.06169566904717e-35,1113.09867899688,-4.18019737114835e-31,6.34417756692264e-38,-156529.501767624,973.017315486313,973.017315486313,7.0080587108192e-08,3.3637264790175e-36,973.017558810784,-2.11132059075518e-32,3.4570049109606e-39,-137821.573787858,1273.34635366707,1273.34635366321,1.39644081914154e-11,2.65802075167234e-33,1273.34667199989,-1.4789252796279e-29,2.08742898545427e-36,-176986.728427985,"MPA"
"612","Caranx","MT_60",2065,1113.09840072221,1113.0984007223,1.45132195235832e-09,1.37892607351228e-35,1113.09867899843,-8.16228225746344e-32,1.23881745574881e-38,-156529.501767624,973.017315556394,973.017315556394,3.92495466944522e-08,6.23930007356758e-37,973.017558850033,-3.91613162734479e-33,6.41232012420539e-40,-137821.573787858,1273.34635366323,1273.34635366534,1.68290887563196e-10,5.45793702684756e-34,1273.34667200218,-3.03663425233847e-30,4.28629307859691e-37,-176986.728427985,"MPA"
"613","Cephalopholis","MT",2015,44.8983243757409,44.8983243757409,157.692011828478,10.566026086477,660.585824242001,-90961.6908798722,0.0205780964628979,-197259.826536467,39.9913181813184,39.9913181813184,64.6781803074831,8.26446612712278,513.75674558036,-62652.7347889025,0.0180706068742841,-151603.684490555,57.022707703838,57.022707703838,328.530471557852,14.6090384901432,966.036421667709,-122494.928424993,0.022402549773479,-244442.158230592,"MPA"
"614","Cephalopholis","MT",2016,57.7634206045767,57.7213489498343,154.76165821679,0.653378655203859,814.652032148845,-4373.31540714237,0.0009898226403885,-110671.451063737,44.924286738138,44.9242692513027,56.1828246980378,0.476246905029974,569.463305886533,-3213.40755997113,0.000926992992830181,-92164.3572616231,84.4728513636549,84.4727642262695,355.928216670855,0.966096884526986,1320.99845431665,-5462.13758670877,0.00100009379777572,-127409.367392309,"MPA"
"615","Cephalopholis","MT",2017,71.2353887299704,71.198319174952,128.724692172983,0.0387807363519916,943.300874030457,-210.342942583489,4.76293812763966e-05,-106508.478599178,49.7954198374471,49.7953240834037,44.2439256085795,0.0270832590637466,613.680052482005,-164.834907159798,4.75594972146516e-05,-89115.7846088117,115.511696640245,115.511206878472,284.538396196027,0.0590364336722251,1605.47732431723,-243.812327976171,4.46922775724125e-05,-122191.042133576,"MPA"
"616","Cephalopholis","MT",2018,82.4847932602997,82.459867091214,88.9787260686871,0.00216208164971308,1032.25251184841,-10.1208320834831,2.29274744665559e-06,-106308.256488678,53.6618523850892,53.661709829489,32.2562099613143,0.0014975972865993,645.934622290433,-8.45656221444589,2.44036492563263e-06,-88959.4062638664,140.387302531144,140.38657851916,148.893002611424,0.00320966750711744,1754.36639324917,-10.8944956610377,1.99924022775855e-06,-121958.124301261,"MPA"
"617","Cephalopholis","MT",2019,90.2629663306046,90.2494168269534,51.9150914376385,0.000113951147164315,1084.15393983125,-0.48716630453905,1.1040769364361e-07,-106298.622822899,56.4822796693134,56.4821302886468,22.1096400602629,8.08939266526871e-05,668.044032076102,-0.433909932714013,1.25235837252005e-07,-88951.3836115846,153.40656754793,153.406036297362,50.0795669941111,0.000157053021227475,1804.44527193969,-0.487324827361103,8.95218904906121e-08,-121947.717130427,"MPA"
"618","Cephalopholis","MT",2020,94.8013683134068,94.7951688379326,26.6700921353066,5.76586574825135e-06,1110.81782672522,-0.0234589484150324,5.31866183540762e-09,-106298.159115543,58.4155865764576,58.4154566282725,14.4713376820556,4.29400615713733e-06,682.515235515967,-0.0222671876193138,6.42774184642047e-09,-88950.9719688396,157.785600865101,157.785380624416,12.5475184246962,7.24034529780423e-06,1816.99256288335,-0.0218210531584736,4.01251120145253e-09,-121947.251626653,"MPA"
"619","Cephalopholis","MT",2021,97.1329310825237,97.1304015699654,12.6636046664002,2.84704929827105e-07,1123.47890159435,-0.00113007042206064,2.56308779937594e-10,-106298.136786665,59.6809879524415,59.6808876104657,9.17097964010169,2.25193388847296e-07,691.686114588899,-0.00114285172262783,3.29946726471744e-10,-88950.9508445036,158.882770101299,158.882708930031,2.80504151571415,3.27092266314225e-07,1819.79754290071,-0.000978049742229493,1.80018541504634e-10,-121947.23078365,"MPA"
"620","Cephalopholis","MT",2022,98.2400498945436,98.2390809962464,5.76627482947364,1.38816645728302e-08,1129.24420751165,-5.44582560841899e-05,1.23560839603551e-11,-106298.135711053,60.4829145541989,60.4828431602257,5.68873128466567,1.17163734600532e-08,697.374774467875,-5.86640357290031e-05,1.69388715342038e-11,-88950.949760316,159.128045180757,159.12803180375,0.608518099098815,1.4711140943207e-08,1820.40604760809,-4.38794854912816e-05,8.0839440425042e-12,-121947.229849479,"MPA"
"621","Cephalopholis","MT",2023,98.7441839198187,98.743823905812,2.57293694695938,6.72882183119418e-10,1131.81678444393,-2.62530511436348e-06,5.95871603619583e-13,-106298.13565922,60.9803464414828,60.9802985085807,3.48066034290226,6.06521342722583e-10,700.855386877269,-3.01169168411353e-06,8.69721176611403e-13,-88950.9497046636,159.181254486895,159.181251936619,0.131114733530062,6.61444687253169e-10,1820.53715979068,-1.9704594424943e-06,3.63350084299945e-13,-121947.22980757,"MPA"
"622","Cephalopholis","MT",2024,98.9691370416139,98.9690050288871,1.13739676722809,3.25351465296881e-11,1132.9540491984,-1.26605052560146e-07,2.8745984375889e-14,-106298.135656721,61.2847006543453,61.2846698019401,2.1115100215202,3.13010216551848e-11,702.966866046352,-1.5463393560921e-07,4.46611813875111e-14,-88950.9497018066,159.192719292635,159.192718844682,0.0282086449852418,2.97586496292374e-11,1820.56536798768,-8.85664930586295e-08,1.63460819747364e-14,-121947.229805688,"MPA"
"623","Cephalopholis","MT",2025,99.0685825639675,99.0685344071716,0.500695704152351,1.57168165065092e-12,1133.45469674575,-6.10766593306781e-09,1.38724280788035e-15,-106298.135656601,61.4693341340018,61.4693148890554,1.27421723214637,1.61238751213819e-12,704.241064033551,-7.94061611088204e-09,2.293689532522e-15,-88950.9497016599,159.195185894079,159.195185819354,0.00606692469475894,1.3399391479413e-12,1820.57143483765,-3.98435339632043e-09,7.36001668297426e-16,-121947.229805604,"MPA"
"624","Cephalopholis","MT",2026,99.1123605467689,99.1123430092275,0.220000735714873,7.59068157944144e-14,1133.67467994392,-2.94747722161418e-10,6.69694413930134e-17,-106298.135656595,61.5807534705468,61.5807417497825,0.766490607318831,8.29687029450198e-14,705.007542920105,-4.07810272319054e-10,1.17812939065727e-16,-88950.9497016523,159.195716395936,159.195716383881,0.00130472652699373,6.03835218683252e-14,1820.57273955213,-1.79400222359641e-10,3.31673455453238e-17,-121947.2298056,"MPA"
"625","Cephalopholis","MT",2027,99.1315964757515,99.1315900905612,0.0965856368463957,3.66636957167421e-15,1133.77125919558,-1.4229007292792e-11,3.23405809746068e-18,-106298.135656594,61.6477764684432,61.6477694622505,0.460184566546005,4.26676464959676e-15,705.467720480458,-2.09467302006994e-11,6.05208395419019e-18,-88950.949701652,159.195830483717,159.195830481814,0.000280581532303047,2.72337453323427e-15,1820.57302013175,-8.08453216844333e-12,1.49588888928968e-18,-121947.2298056,"MPA"
"626","Cephalopholis","MT",2028,99.1400416281153,99.1400393026705,0.0423875550617075,1.77128866185581e-16,1133.8136444252,-6.87140775984418e-13,1.56229811161029e-19,-106298.135656594,61.6880156455433,61.6880115195762,0.275964116810731,2.19354873133238e-16,705.743680471302,-1.07603903016692e-12,3.10935386683391e-19,-88950.9497016519,159.195855018362,159.195855018066,6.03383452858541e-05,1.2292566568561e-16,1820.5730804698,-3.64622542019432e-13,6.7520316035853e-20,-121947.2298056,"MPA"
"627","Cephalopholis","MT",2029,99.1437479078384,99.143747060541,0.0185990113593613,8.55981904831754e-18,1133.83224258926,-3.31941690763406e-14,7.54958202427252e-21,-106298.135656594,61.7121463374779,61.7121439370866,0.165375048347067,1.12754855833161e-17,705.909053119258,-5.52831944892824e-14,1.59767434621931e-20,-88950.9497016519,159.195860294485,159.19586029444,1.29755101896823e-05,5.55282468431981e-18,1820.57309344527,-1.64580601184585e-14,3.0500421784151e-21,-121947.2298056,"MPA"
"628","Cephalopholis","MT",2030,99.1453741818724,99.1453738730051,0.00816030333724303,4.13781949378081e-19,1133.84040258373,-1.60406069664938e-15,3.64941068766917e-22,-106298.135656594,61.7266069714633,61.726605589019,0.0990616137709566,5.79572365793039e-19,706.008113350584,-2.84060718448235e-15,8.21029801805937e-22,-88950.9497016519,159.195861429095,159.195861429088,2.79031509810089e-06,2.51021725801431e-19,1820.57309623558,-7.43447016884856e-16,1.37880608422261e-22,-121947.2298056,"MPA"
"629","Cephalopholis","MT",2031,99.1460877139759,99.146087601333,0.00358018404517731,2.00084394660648e-20,1133.84398265513,-7.75390770798289e-17,1.76466100856613e-23,-106298.135656594,61.7352690674353,61.7352682780091,0.0593241696476611,2.97914373605068e-20,706.067436730806,-1.4597611615693e-16,4.21970185803325e-23,-88950.9497016519,159.195861673087,159.195861673086,6.00040321403592e-07,1.13559732607982e-20,1820.57309683562,-3.36083637607175e-17,6.23758160783497e-24,-121947.2298056,"MPA"
"630","Cephalopholis","MT",2032,99.1464007651535,99.1464007240557,0.00157070671776159,9.67809129253341e-22,1133.84555332075,-3.74937756851454e-18,8.53564638840155e-25,-106298.135656594,61.7404564651021,61.7404560175796,0.0355215951661804,1.53144925563966e-21,706.10295787845,-7.5024762377538e-18,2.16898440460449e-24,-88950.9497016519,159.195861725557,159.195861725556,1.29034693983982e-07,5.14094438084328e-22,1820.57309696465,-1.5204089542543e-18,2.82380553122469e-25,-121947.2298056,"MPA"
"631","Cephalopholis","MT",2033,99.146538108426,99.1465380934253,0.000689095449333569,4.6827378587428e-23,1133.8462424012,-1.81356991058161e-19,4.12996095063055e-26,-106298.135656594,61.7435625308341,61.743562278723,0.0212673777465429,7.87318692916465e-23,706.124225004085,-3.85637516988406e-19,1.11501967953031e-25,-88950.9497016519,159.19586173684,159.19586173684,2.77481325988527e-08,2.3289320769347e-23,1820.5730969924,-6.88301890808748e-20,1.27923019450173e-26,-121947.2298056,"MPA"
"632","Cephalopholis","MT",2034,99.146598363494,99.1465983580166,0.000302315289729903,2.26642761658375e-24,1133.84654471101,-8.77493345953909e-21,1.99888444474858e-27,-106298.135656594,61.745422186125,61.745422044872,0.0127324447171207,4.04800280994611e-24,706.136957307549,-1.98246429068888e-20,5.73270632711046e-27,-88950.9497016519,159.195861739266,159.195861739266,5.9670129017023e-09,1.05573789397828e-24,1820.57309699837,-3.11812039433643e-21,5.79893164258206e-28,-121947.2298056,"MPA"
"633","Cephalopholis","MT",2035,99.146624798286,99.1466247962851,0.000132628949168956,1.09727052602158e-25,1133.84667733796,-4.24703240608653e-22,9.6774165000998e-29,-106298.135656594,61.746535533359,61.7465354545953,0.00762246455370759,2.0815002569729e-25,706.144579693339,-1.01925424900431e-21,2.94772881678119e-28,-88950.9497016519,159.195861739788,159.195861739788,1.2829276899137e-09,4.78884643084375e-26,1820.57309699965,-1.41348813511559e-22,2.63040601815948e-29,-121947.2298056,"MPA"
"634","Cephalopholis","MT",2036,99.1466363955469,99.1466363948157,5.81854834608673e-05,5.31389886225195e-27,1133.84673552271,-2.05616195514671e-23,4.68661148679631e-30,-106298.135656594,61.7472020554978,61.747202011763,0.00456320955702665,1.07043245020394e-26,706.149142859161,-5.24095415101627e-23,1.51588283925441e-29,-88950.9497016519,159.1958617399,159.1958617399,2.75908056060326e-10,2.1735595055675e-27,1820.57309699992,-6.41160807950055e-24,1.19388752319233e-30,-121947.2298056,"MPA"
"635","Cephalopholis","MT",2037,99.1466414833799,99.1466414831125,2.55263942619542e-05,2.57417675743521e-28,1133.84676104884,-9.95764958272818e-25,2.27030398094584e-31,-106298.135656594,61.7476010711245,61.7476010469304,0.0027317450875367,5.50541497233838e-28,706.151874580055,-2.69518430024406e-24,7.79639121355555e-31,-88950.9497016519,159.195861739924,159.195861739924,5.91798188099581e-11,9.87116664501639e-29,1820.57309699998,-2.91009784682249e-25,5.42201060824354e-32,-121947.2298056,"MPA"
"636","Cephalopholis","MT",2038,99.1466437154538,99.146643715356,1.11985835286417e-05,1.2473453883938e-29,1133.84677224733,-4.82371785071584e-26,1.10010049968369e-32,-106298.135656594,61.747839940227,61.7478399268869,0.00163533491164623,2.83184317925646e-29,706.153509901626,-1.38616986781194e-25,4.01024663579567e-32,-88950.9497016519,159.195861739929,159.195861739929,1.26927225329673e-11,4.48551659194923e-30,1820.573097,-1.32161372742283e-26,2.46379373579707e-33,-121947.2298056,"MPA"
"637","Cephalopholis","MT",2039,99.1466446946798,99.146644694644,4.91287516476545e-06,6.04583270065751e-31,1133.84677716016,-2.33738497681871e-27,5.33214262159582e-34,-106298.135656594,61.7479829371916,61.7479829298578,0.00097897418877703,1.45678925167042e-30,706.154488868481,-7.13007196422653e-27,2.06299229739905e-33,-88950.9497016519,159.19586173993,159.19586173993,2.69720353825557e-12,2.03936244610661e-31,1820.573097,-6.00549105864369e-28,1.12017608601772e-34,-121947.2298056,"MPA"
"638","Cephalopholis","MT",2040,99.1466451242719,99.1466451242588,2.15529915761374e-06,2.93119233367754e-32,1133.84677931545,-1.13292104326144e-28,2.58517499253227e-35,-106298.135656594,61.7480685407152,61.7480685366939,0.000586049774040596,7.49501494834716e-32,706.155074914234,-3.66792490982922e-28,1.06138459311649e-34,-88950.9497016519,159.195861739931,159.195861739931,4.75977094986277e-13,9.27695611178409e-33,1820.573097,-2.73042640337323e-29,5.09562407962139e-36,-121947.2298056,"MPA"
"639","Cephalopholis","MT",2041,99.146645312736,99.1466453127311,9.45537408441096e-07,1.42150715962397e-33,1133.84678026098,-5.49272470261343e-30,1.25370304485252e-36,-106298.135656594,61.7481197861493,61.7481197839494,0.000350830171270839,3.85652603534848e-33,706.155425742205,-1.88710301584307e-29,5.46130187600082e-36,-88950.9497016519,159.195861739931,159.195861739931,0,4.22218378330587e-34,1820.573097,-1.2420570928384e-30,2.31915092575152e-37,-121947.2298056,"MPA"
"640","Cephalopholis","MT",2042,99.1466453954159,99.1466453954141,4.14810110749287e-07,6.89553692775997e-35,1133.84678067579,-2.66374450630686e-31,6.08154209881238e-38,-106298.135656594,61.748150463501,61.7481504623001,0.000210019108016264,1.98457582137072e-34,706.155635760112,-9.70999513694625e-31,2.8103952034249e-37,-88950.9497016519,159.195861739931,159.195861739931,0,1.92256476184763e-35,1820.573097,-5.6529245715207e-32,1.05602173569174e-38,-121947.2298056,"MPA"
"641","Cephalopholis","MT",2043,99.1466454316879,99.1466454316872,1.81978216179958e-07,3.34579395841173e-36,1133.84678085777,-1.29214604862729e-32,2.95083428857785e-39,-106298.135656594,61.7481688280379,61.7481688273835,0.000125724608446802,1.02137781433024e-35,706.155761484066,-4.99677995703791e-32,1.44639193204611e-38,-88950.9497016519,159.195861739931,159.195861739931,0,8.75848440216067e-37,1820.573097,-2.57405033517485e-33,4.81083918937019e-40,-121947.2298056,"MPA"
"642","Cephalopholis","MT",2044,99.1466454476005,99.1466454476002,7.98342111912309e-08,1.62382842260788e-37,1133.8467809376,-6.26964148925981e-34,1.43214096474255e-40,-106298.135656594,61.7481798216822,61.7481798213262,7.52629931536806e-05,5.25717029763126e-37,706.155836746704,-2.57163199200519e-33,7.44477434636848e-40,-88950.9497016519,159.195861739931,159.195861739931,0,3.9918413223186e-38,1820.573097,-1.17264084718474e-34,2.19262897430292e-41,-121947.2298056,"MPA"
"643","Cephalopholis","MT",2045,99.1466454545814,99.1466454545813,3.50233874129865e-08,7.88294897449135e-39,1133.84678097263,-3.0428717890985e-35,6.95239348651038e-42,-106298.135656594,61.7481864028519,61.7481864026585,4.5054944488343e-05,2.70622660923942e-38,706.155881801455,-1.32365366931257e-34,3.83233624706505e-41,-88950.9497016519,159.195861739931,159.195861739931,0,1.82014654607556e-39,1820.573097,-5.34452763183089e-36,9.99765705136948e-43,-121947.2298056,"MPA"
"644","Cephalopholis","MT",2046,99.1466454576439,99.1466454576439,1.53647942943048e-08,3.82774260541005e-40,1133.84678098799,-1.47717595736933e-36,3.37589052563748e-43,-106298.135656594,61.7481903425618,61.7481903424569,2.69713854030437e-05,1.39322846926573e-39,706.155908772735,-6.81375378120025e-36,1.97297580487741e-42,-88950.9497016519,159.195861739931,159.195861739931,0,8.30273041212138e-41,1820.573097,-2.43692640163165e-37,4.56050373687434e-44,-121947.2298056,"MPA"
"645","Cephalopholis","MT",2047,99.1466454589875,99.1466454589875,6.74059170032723e-09,1.85908819115742e-41,1133.84678099473,-7.17275903450855e-38,1.63962911244276e-44,-106298.135656594,61.7481927010039,61.7481927009471,1.61459611666307e-05,7.17341828543174e-41,706.15592491864,-3.50787887171713e-37,1.01584058085698e-43,-88950.9497016519,159.195861739931,159.195861739931,0,3.78887251343536e-42,1820.573097,-1.11162164335358e-38,2.08114275646432e-45,-121947.2298056,"MPA"
"646","Cephalopholis","MT",2048,99.1466454595769,99.1466454595769,2.95708431737367e-09,9.03146814664323e-43,1133.84678099769,-3.48372212908066e-39,7.96533385112216e-46,-106298.135656594,61.7481941128457,61.7481941128149,9.66550228401422e-06,3.69381524519631e-42,706.155934584111,-1.80612742526465e-38,5.23087765017647e-45,-88950.9497016519,159.195861739931,159.195861739931,0,1.72968398984238e-43,1820.573097,-5.07278025514753e-40,9.50076650419923e-47,-121947.2298056,"MPA"
"647","Cephalopholis","MT",2049,99.1466454598354,99.1466454598354,1.29727242164429e-09,4.38849568245424e-44,1133.84678099899,-1.69239552970173e-40,3.87044859676078e-47,-106298.135656594,61.7481949580208,61.7481949580042,5.78608544812754e-06,1.90225590886455e-43,706.15594037018,-9.30030928095104e-40,2.69381848356901e-46,-88950.9497016519,159.195861739931,159.195861739931,0,7.89922994340404e-45,1820.573097,-2.31580945524124e-41,4.33886997254911e-48,-121947.2298056,"MPA"
"648","Cephalopholis","MT",2050,99.1466454599489,99.1466454599489,5.69077170514355e-10,2.13289678989148e-45,1133.84678099956,-8.22354721789278e-42,1.88111553133508e-48,-106298.135656594,61.7481954639704,61.7481954639614,3.46373901893386e-06,9.79731405353883e-45,706.15594383391,-4.78951080856713e-41,1.38741508687205e-47,-88950.9497016519,159.195861739931,159.195861739931,0,3.60875766024079e-46,1820.573097,-1.05759846882359e-42,1.98220970428895e-49,-121947.2298056,"MPA"
"649","Cephalopholis","MT",2051,99.1466454599987,99.1466454599987,2.49633678101344e-10,1.03685675336353e-46,1133.84678099981,-3.99680864052607e-43,9.14459317377505e-50,-106298.135656594,61.7481957668484,61.7481957668435,2.07350647994545e-06,5.0464850091566e-46,706.155945907411,-2.46677331641124e-42,7.14641723718693e-49,-88950.9497016519,159.195861739931,159.195861739931,0,1.64922404052141e-47,1820.573097,-4.83163118831979e-44,9.05881803504103e-51,-121947.2298056,"MPA"
"650","Cephalopholis","MT",2052,99.1466454600205,99.1466454600205,1.09519445529909e-10,5.0415069791155e-48,1133.84678099991,-1.94295291289737e-44,4.44637411650099e-51,-106298.135656594,61.748195948161,61.7481959481584,1.24126797932228e-06,2.5996469296953e-47,706.155947148677,-1.27060686563149e-43,3.68140627401326e-50,-88950.9497016519,159.195861739931,159.195861739931,0,7.53953943539755e-49,1820.573097,-2.20808462660204e-45,4.1413000377856e-52,-121947.2298056,"MPA"
"651","Cephalopholis","MT",2053,99.14664546003,99.14664546003,4.80472406195777e-11,2.4518429099146e-49,1133.84678099996,-9.44721692624046e-46,2.16241113967125e-52,-106298.135656594,61.7481960567006,61.7481960566992,7.43063026921794e-07,1.33931497240421e-48,706.155947891738,-6.54540580501632e-45,1.89662776021659e-51,-88950.9497016519,159.195861739931,159.195861739931,0,3.44784460199521e-50,1820.573097,-1.00944084672073e-46,1.89382376773373e-53,-121947.2298056,"MPA"
"652","Cephalopholis","MT",2054,99.1466454600342,99.1466454600342,2.11266543312564e-11,1.1926515044722e-50,1133.84678099998,-4.59447778907757e-47,1.05186302457936e-53,-106298.135656594,61.7481961216759,61.7481961216752,4.44821400117139e-07,6.90070726574137e-50,706.155948336559,-3.37213483860768e-46,9.77221431943434e-53,-88950.9497016519,159.195861739931,159.195861739931,0,1.57718620632447e-51,1820.573097,-4.61619068939325e-48,8.66313035671796e-55,-121947.2298056,"MPA"
"653","Cephalopholis","MT",2055,99.1466454600361,99.1466454600361,9.25615958994861e-12,5.80258022007022e-52,1133.84678099999,-2.23489475008742e-48,5.11760523318036e-55,-106298.135656594,61.7481961605723,61.7481961605719,2.66284351042466e-07,3.55587561150766e-51,706.155948602843,-1.73746398993601e-47,5.03553870768062e-54,-88950.9497016519,159.195861739931,159.195861739931,0,7.21681570511645e-53,1820.573097,-2.11163585413952e-49,3.96403512553742e-56,-121947.2298056,"MPA"
"654","Cephalopholis","MT",2056,99.1466454600369,99.1466454600369,4.09814699402308e-12,2.82366697647204e-53,1133.846781,-1.08733825616015e-49,2.49034263163998e-56,-106298.135656594,61.7481961838568,61.7481961838566,1.5940632861909e-07,1.83248800620395e-52,706.155948762249,-8.95300378044559e-49,2.59501886209357e-55,-88950.9497016519,159.195861739931,159.195861739931,0,3.30316882838645e-54,1820.573097,-9.66232568769114e-51,1.81435660772397e-57,-121947.2298056,"MPA"
"655","Cephalopholis","MT",2057,99.1466454600373,99.1466454600373,1.83710037663104e-12,1.37432235546429e-54,1133.846781,-5.29123426084567e-51,1.21208824551427e-57,-106298.135656594,61.7481961977957,61.7481961977956,9.54257484380985e-08,9.44445485431345e-54,706.155948857675,-4.61384869253631e-50,1.33744605152271e-56,-88950.9497016519,159.195861739931,159.195861739931,0,1.51228554999445e-55,1820.573097,-4.42248968595271e-52,8.3066455968532e-59,-121947.2298056,"MPA"
"656","Cephalopholis","MT",2058,99.1466454600374,99.1466454600374,7.7723477472852e-13,6.69028596254439e-56,1133.846781,-2.57532548748521e-52,5.90052031249221e-59,-106298.135656594,61.74819620614,61.74819620614,5.71248890320919e-08,4.86803141394927e-55,706.1559489148,-2.37793019784722e-51,6.89370587591044e-58,-88950.9497016519,159.195861739931,159.195861739931,0,6.92548625185481e-57,1820.573097,-2.02474278323e-53,3.80401438605615e-60,-121947.2298056,"MPA"
"657","Cephalopholis","MT",2059,99.1466454600375,99.1466454600375,3.53288533967509e-13,3.25746559326996e-57,1133.846781,-1.25368432590797e-53,2.87293278761795e-60,-106298.135656594,61.7481962111352,61.7481962111351,3.41967425410813e-08,2.50940131810151e-56,706.155948948996,-1.22567570921758e-52,3.55360784251394e-59,-88950.9497016519,159.195861739931,159.195861739931,0,3.17231230456442e-58,1820.573097,-9.27227553609376e-55,1.74248005190885e-61,-121947.2298056,"MPA"
"658","Cephalopholis","MT",2060,99.1466454600375,99.1466454600375,1.41315413587004e-13,1.58632535098698e-58,1133.846781,-6.10412406783572e-55,1.3990650038164e-61,-106298.135656594,61.7481962141254,61.7481962141254,2.0471257861422e-08,1.29367949291248e-57,706.155948969468,-6.31818486465243e-54,1.83200254113545e-60,-88950.9497016519,159.195861739931,159.195861739931,0,1.45347222943633e-59,1820.573097,-4.2472907612204e-56,7.98359720810666e-63,-121947.2298056,"MPA"
"659","Cephalopholis","MT",2061,99.1466454600375,99.1466454600375,7.06577067935019e-14,7.72645329048809e-60,1133.846781,-2.97259525146888e-56,6.81437158879061e-63,-106298.135656594,61.7481962159155,61.7481962159155,1.22547119953377e-08,6.66995093179792e-59,706.155948981722,-3.25723356103867e-55,9.4454361554721e-62,-88950.9497016519,159.195861739931,159.195861739931,0,6.66099029677725e-61,1820.573097,-1.94599981940397e-57,3.65873268574244e-64,-121947.2298056,"MPA"
"660","Cephalopholis","MT",2062,99.1466454600375,99.1466454600375,7.06577067935019e-14,3.76393268224696e-61,1133.846781,-1.44785042662976e-57,3.31961314819569e-64,-106298.135656594,61.7481962169871,61.7481962169871,7.33604912922243e-09,3.43920060545336e-60,706.155948989059,-1.67936402671052e-56,4.8703131516667e-63,-88950.9497016519,159.195861739931,159.195861739931,0,3.05329253581013e-62,1820.573097,-8.91815175554267e-59,1.67710516037035e-65,-121947.2298056,"MPA"
"661","Cephalopholis","MT",2063,99.1466454600375,99.1466454600375,7.06577067935019e-14,1.83389955659944e-62,1133.846781,-7.05318641673002e-59,1.6174139110595e-65,-106298.135656594,61.7481962176286,61.7481962176286,4.39159474641843e-09,1.77349862068407e-61,706.15594899345,-8.65923878061017e-58,2.51148294257527e-64,-88950.9497016519,159.195861739931,159.195861739931,0,1.39988396680397e-63,1820.573097,-4.08793962687422e-60,7.68924889152073e-67,-121947.2298056,"MPA"
"662","Cephalopholis","MT",2064,99.1466454600375,99.1466454600375,7.06577067935019e-14,8.93674983489482e-64,1133.846781,-3.43652146151898e-60,7.88179671596635e-67,-106298.135656594,61.7481962180126,61.7481962180126,2.628912122539e-09,9.14623239499799e-63,706.155948996079,-4.46532488075152e-59,1.29521423816297e-65,-88950.9497016519,159.195861739931,159.195861739931,0,6.41957509966296e-65,1820.573097,-1.87425249097707e-61,3.52612872849837e-68,-121947.2298056,"MPA"
"663","Cephalopholis","MT",2065,99.1466454600375,99.1466454600375,7.06577067935019e-14,4.35564395819451e-65,1133.846781,-1.67464638362145e-61,3.84147490752943e-68,-106298.135656594,61.7481962182425,61.7481962182425,1.57378668533481e-09,4.71727500015211e-64,706.155948997653,-2.30284357720633e-60,6.68021703542754e-67,-88950.9497016519,159.195861739931,159.195861739931,0,2.94447526826084e-66,1820.573097,-8.59492994196322e-63,1.61733427408811e-69,-121947.2298056,"MPA"
"664","Cephalopholis","MT_20",2015,54.2839395904733,54.2839395904733,191.415025626938,15.2692502001213,796.940053226817,-108691.428593048,0.0245963127337984,-236665.767626274,48.0753717135449,48.0753717135449,80.2162450202777,12.0225372031459,617.986443717132,-75845.9556805518,0.021867399145362,-184173.291159956,68.8375853419666,68.8375853419666,394.305377962834,20.9946427808186,1160.54134888202,-145528.653465793,0.0266689867180639,-290665.928041527,"MPA"
"665","Cephalopholis","MT_20",2016,69.6866051341576,69.6258097416389,187.566670128677,1.13442043954292,983.311507523432,-6293.21496691947,0.00142473210823103,-134267.554000146,54.0384149437665,54.0383907317175,70.1150047933114,0.843909758371857,687.257514540022,-4735.64582732621,0.00136558633433759,-113062.98130673,101.480891058171,101.480776617531,425.001140541048,1.647503611098,1583.89487137133,-7738.87810381554,0.00141964585615973,-152876.15267955,"MPA"
"666","Cephalopholis","MT_20",2017,85.9834318418379,85.9293139286759,155.510176988778,0.0811260469660825,1138.68644055208,-364.502543938469,8.25559207036447e-05,-128338.841577165,60.0956657245616,60.0955325115039,55.323613608694,0.0586155348341279,742.522379400825,-295.719793182111,8.52895252739927e-05,-108623.055272586,138.500074162864,138.499428816696,338.145815203487,0.119800678640605,1921.92024055,-411.909068846734,7.56395132940597e-05,-145549.183644581,"MPA"
"667","Cephalopholis","MT_20",2018,99.5698384503059,99.533632931516,106.788230671354,0.00544698660089676,1245.43301871805,-21.1196246133563,4.7853487292125e-06,-127995.458657839,64.9281757731577,64.9279746516454,40.2483897077722,0.00395579577528966,782.766612191309,-18.46886866863,5.32753588405803e-06,-108345.804348073,168.057931534826,168.056969979839,175.955277488714,0.00775232249924171,2097.86680416123,-21.9447181090619,4.03372525595262e-06,-145159.219293844,"MPA"
"668","Cephalopholis","MT_20",2019,108.904049489084,108.884585105661,61.7227968663714,0.000345516551874235,1307.13600568444,-1.22414077473556,2.77477412481285e-07,-127975.563174001,68.4472409124266,68.4470290264952,27.4417456707344,0.000260520341445587,810.207885455771,-1.15360960867719,3.32821100111171e-07,-108328.489089013,183.443177455699,183.442469245084,58.9109639494957,0.000451668468401283,2156.77660823164,-1.17021791686233,2.15300661267888e-07,-145138.444793651,"MPA"
"669","Cephalopholis","MT_20",2020,114.299526439847,114.290742458295,31.3671994813656,2.10366042900608e-05,1338.49440014765,-0.0709796298640891,1.60949138395171e-08,-127974.410012856,70.8467804594931,70.8465962109294,17.8255878272859,1.68478391493663e-05,828.033272186654,-0.0720667723682471,2.07945125271694e-08,-108327.407546177,188.594410899373,188.594116437193,14.7316697247843,2.48063532382976e-05,2171.5079586879,-0.0624595441487378,1.1501606512664e-08,-145137.337035279,"MPA"
"670","Cephalopholis","MT_20",2021,117.041589715185,117.038056968901,14.7309263008247,1.24996677536828e-06,1353.22179245223,-0.00411707535607514,9.33888503262399e-10,-127974.343150301,72.4054807424681,72.4053390622542,11.195185852673,1.07593710343089e-06,839.228315283176,-0.00450264386221589,1.29939060569836e-09,-108327.339982048,189.882560237809,189.882478201591,3.29258091722583,1.33536497865475e-06,2174.80045623354,-0.00333664656358758,6.14948403028775e-10,-145137.277912381,"MPA"
"671","Cephalopholis","MT_20",2022,118.329392942076,118.328058643962,6.63653347825556,7.33515605022397e-08,1359.85699155902,-0.000238886937297187,5.4205729981817e-11,-127974.339272113,73.3844057501502,73.3843056069737,6.87645769194208,6.81495860388707e-08,846.104672763792,-0.000281355368340377,8.12051304675967e-11,-108327.335760759,190.170465175501,190.170447189905,0.714505512582888,7.15645877151691e-08,2175.51494368896,-0.000178398002905809,3.29062790384086e-11,-145137.274754133,"MPA"
"672","Cephalopholis","MT_20",2023,118.90959279308,118.909103651387,2.93100318959679,4.2798558008807e-09,1362.78750560264,-1.3865684557576e-05,3.14729624686774e-12,-127974.339047092,73.9856931450712,73.9856264570704,4.16463163864439,4.29441044375874e-09,850.269237710141,-1.75831581245408e-05,5.07550984095705e-12,-108327.335496987,190.232941901295,190.232938465779,0.154018252327242,3.83383606342172e-09,2175.66895850194,-9.54618841188818e-06,1.76226603137189e-12,-145137.274585281,"MPA"
"673","Cephalopholis","MT_20",2024,119.165844909122,119.16566787447,1.28279801806587,2.49114088129418e-10,1364.0701265858,-8.05069155936226e-07,1.82797711860635e-13,-127974.339034031,74.3498540274321,74.3498114948119,2.50037712970088,2.69764241685796e-10,852.769572306952,-1.09898517424712e-06,3.17269291130938e-13,-108327.335480503,190.246409375308,190.246408770994,0.0331514462111806,2.05495348743629e-10,2175.70210934363,-5.11237470534682e-07,9.44515699921778e-14,-145137.274576246,"MPA"
"674","Cephalopholis","MT_20",2025,119.278000775337,119.277937015804,0.559176373321047,1.44870342936252e-11,1364.62923919958,-4.67590928466351e-08,1.06204520959351e-14,-127974.339033273,74.568490082987,74.5684638114637,1.49325807433848,1.69145281514716e-11,854.26280410975,-6.86972646644452e-08,1.98348198448016e-14,-108327.335479473,190.249308175042,190.249308074126,0.00713329247652901,1.10225871062794e-11,2175.70924253518,-2.74006196762608e-08,5.06622072029573e-15,-145137.274575762,"MPA"
"675","Cephalopholis","MT_20",2026,119.326891102512,119.326868174307,0.24331285790382,8.42301047417342e-13,1364.87252912927,-2.71667834198786e-09,6.17238124950004e-16,-127974.339033229,74.6990623319209,74.6990464950865,0.888956437384031,1.0594281204654e-12,855.151744710299,-4.29476314309308e-09,1.2401666187443e-15,-108327.335479408,190.249931920707,190.249931904414,0.00153476461837136,5.9168302645062e-13,2175.7107772835,-1.46972238676505e-09,2.71949493476694e-16,-145137.274575736,"MPA"
"676","Cephalopholis","MT_20",2027,119.34816503547,119.348156791653,0.105788449378549,4.89767957346299e-14,1364.97830933483,-1.57887560079049e-10,3.58837896198277e-17,-127974.339033226,74.7767937150624,74.7767843480052,0.528200171310796,6.63172071170915e-14,855.679935514552,-2.68528710872943e-10,7.75502250990445e-17,-108327.335479404,190.250066123273,190.2500661207,0.000330203458431913,3.17844456163554e-14,2175.71110748439,-7.88931790641358e-11,1.46087641557344e-17,-145137.274575735,"MPA"
"677","Cephalopholis","MT_20",2028,119.357414744261,119.357411779177,0.0459788142104573,2.8484179242445e-15,1365.02428518396,-9.17895946421757e-12,2.08678626240603e-18,-127974.339033226,74.8229801551371,74.8229746981181,0.31348984925695,4.150002527565e-15,855.99341990679,-1.67916585031058e-11,4.8499473499118e-18,-108327.335479404,190.250094996936,190.250094996536,7.10420728800138e-05,1.70864855285911e-15,2175.71117852606,-4.23803637802698e-12,7.85328781464553e-19,-145137.274575735,"MPA"
"678","Cephalopholis","MT_20",2029,119.361434997517,119.361433930533,0.0199805236061743,1.65702999737686e-16,1365.04426464058,-5.33793290309762e-13,1.21391980171594e-19,-127974.339033226,74.8503920827585,74.8503889426602,0.185932455992779,2.5966416744442e-16,856.179349222685,-1.0501406263649e-12,3.03348326116221e-19,-108327.335479404,190.250101209013,190.250101208951,1.52843132927763e-05,9.19168767771073e-17,2175.71119381031,-2.27825701682466e-13,4.22468191937958e-20,-145137.274575735,"MPA"
"679","Cephalopholis","MT_20",2030,119.363182055528,119.363181671383,0.00868205215332683,9.64227095080374e-18,1365.05294630859,-3.10516822528167e-14,7.06370571668722e-21,-127974.339033226,74.8666502476821,74.8666484592231,0.11023328574633,1.62465525612196e-17,856.289580719972,-6.5682849143065e-14,1.89756418426876e-20,-108327.335479404,190.25010254551,190.2501025455,3.28831685330494e-06,4.94804717293033e-18,2175.71119709862,-1.22559002723538e-14,2.27422057992213e-21,-145137.274575735,"MPA"
"680","Cephalopholis","MT_20",2031,119.363941204184,119.363941065815,0.00377242725225024,5.61246253045231e-19,1365.05671859747,-1.80687343845559e-15,4.11153468492687e-22,-127974.339033226,74.8762891895243,74.87628817966,0.0653381555694266,1.01653413403958e-18,856.354917865677,-4.10872260699035e-15,1.18713827779364e-21,-108327.335479404,190.250102833048,190.250102833047,7.07456210382212e-07,2.66538561718182e-19,2175.71119780608,-6.59756667051715e-16,1.22506407134191e-22,-145137.274575735,"MPA"
"681","Cephalopholis","MT_20",2032,119.364271063381,119.364271013519,0.00163911688004573,3.26778089517751e-20,1365.05835766449,-1.05171748360669e-16,2.39387920786432e-23,-127974.339033226,74.8820024471965,74.8820018811588,0.0387221578282642,6.36076810087519e-20,856.393639457468,-2.57046465100518e-16,7.42772416188735e-23,-108327.335479404,190.25010289491,190.25010289491,1.52203251150917e-07,1.43669806219384e-20,2175.71119795828,-3.55393929581301e-17,6.60334911932506e-24,-145137.274575735,"MPA"
"682","Cephalopholis","MT_20",2033,119.364414387858,119.364414369882,0.000712185608573734,1.90316642950796e-21,1365.05906983213,-6.12346680179637e-18,1.39420151455893e-24,-127974.339033226,74.8853883684667,74.885388053208,0.0229464601676633,3.98045703347333e-21,856.416585602377,-1.60829637458466e-17,4.64792924028835e-24,-108327.335479404,190.250102908219,190.250102908219,3.27452687169238e-08,7.74893154881242e-22,2175.71119799102,-1.91564690109916e-18,3.56156256220225e-25,-145137.274575735,"MPA"
"683","Cephalopholis","MT_20",2034,119.364476661732,119.364476655249,0.00030943722848129,1.10872403681907e-22,1365.05937926287,-3.56632308711503e-19,8.12216893293839e-26,-127974.339033226,74.8873948417681,74.8873946671503,0.0135972186405343,2.49113492205665e-22,856.4301826464,-1.00639811935052e-18,2.90878874305776e-25,-108327.335479404,190.250102911083,190.250102911083,7.0447679666489e-09,4.18196784553756e-23,2175.71119799807,-1.03321756309786e-19,1.92211532918479e-26,-145137.274575735,"MPA"
"684","Cephalopholis","MT_20",2035,119.364503719198,119.364503716858,0.000134446371047293,6.46087394883727e-24,1365.0595137069,-2.07762495425576e-20,4.73303509508335e-27,-127974.339033226,74.8885838042678,74.888583708016,0.00805696454699372,1.5592128167515e-23,856.438239514695,-6.29828756349021e-20,1.82059536065565e-26,-108327.335479404,190.250102911698,190.250102911698,1.51554132314908e-09,2.25825960351766e-24,2175.71119799958,-5.57610116831799e-21,1.03794088369612e-27,-145137.274575735,"MPA"
"685","Cephalopholis","MT_20",2036,119.364515475349,119.364515474505,5.84148699824898e-05,3.76598276710537e-25,1365.05957212093,-1.21069530854746e-21,2.75884144926124e-28,-127974.339033226,74.8892883187382,74.8892882659081,0.00477402848211125,9.76020523863582e-25,856.443013490347,-3.94206457292255e-21,1.13962744655316e-27,-108327.335479404,190.250102911831,190.250102911831,3.26085948938983e-10,1.22014999249509e-25,2175.71119799991,-3.01109058668067e-22,5.60805125982221e-29,-145137.274575735,"MPA"
"686","Cephalopholis","MT_20",2037,119.364520583231,119.364520582926,2.53802561422923e-05,2.19574920802465e-26,1365.05959750088,-7.05702859256565e-23,1.60853727769305e-29,-127974.339033226,74.8897057681496,74.8897057392615,0.00282874514442829,6.11024594754623e-26,856.445842206603,-2.46759113288219e-22,7.13444543518215e-29,-108327.335479404,190.25010291186,190.25010291186,6.99568111386645e-11,6.59615335793362e-27,2175.71119799998,-1.62690868269306e-23,3.03172285181845e-30,-145137.274575735,"MPA"
"687","Cephalopholis","MT_20",2038,119.364522802522,119.364522802412,1.10272488235432e-05,1.28056772051992e-27,1365.05960852802,-4.11458714447035e-24,9.38103891482163e-31,-127974.339033226,74.8899531187903,74.8899531030465,0.00167609924727859,3.82564730177348e-27,856.447518290107,-1.54479381069779e-23,4.46688758753918e-30,-108327.335479404,190.250102911866,190.250102911866,1.51667883227462e-11,3.56778403376841e-28,2175.711198,-8.79509833741922e-25,1.63982427311497e-31,-145137.274575735,"MPA"
"688","Cephalopholis","MT_20",2039,119.364523766765,119.364523766726,4.79112155617231e-06,7.47026181444297e-29,1365.0596133191,-2.39963988748054e-25,5.47248029886391e-32,-127974.339033226,74.8900996800892,74.8900996715343,0.000993124795151825,2.39550834362309e-28,856.448511406347,-9.67197850623105e-25,2.79702876419607e-31,-108327.335479404,190.250102911867,190.250102911867,3.22294251858358e-12,1.93076285829888e-29,2175.711198,-4.75716826473187e-26,8.87416886981011e-33,-145137.274575735,"MPA"
"689","Cephalopholis","MT_20",2040,119.364524185711,119.364524185696,2.08164300146033e-06,4.35893701178447e-30,1365.05961540073,-1.39984303740921e-26,3.19322099141601e-33,-127974.339033226,74.8901865208735,74.8901865162372,0.000588446190174487,1.50015739855156e-29,856.449099847901,-6.05629793448506e-26,1.75160255239096e-32,-108327.335479404,190.250102911867,190.250102911867,7.58339416137315e-13,1.0453803083368e-30,2175.711198,-2.57441697964014e-27,4.80477514340027e-34,-145137.274575735,"MPA"
"690","Cephalopholis","MT_20",2041,119.364524367734,119.364524367729,9.04429084789706e-07,2.54410421952556e-31,1365.05961630515,-8.16815763168041e-28,1.86373121790639e-34,-127974.339033226,74.8902379758029,74.8902379732962,0.00034866545031349,9.39554781760217e-31,856.449448510844,-3.79267709061477e-27,1.09703516756964e-33,-108327.335479404,190.250102911867,190.250102911867,1.89584854034329e-13,5.66274890350726e-32,2175.711198,-1.39387641749793e-28,2.60271165985296e-35,-145137.274575735,"MPA"
"691","Cephalopholis","MT_20",2042,119.364524446819,119.364524446817,3.92954389442998e-07,1.48524047166557e-32,1365.0596166981,-4.76736511875004e-29,1.08804073750693e-35,-127974.339033226,74.8902684638387,74.8902684624862,0.000206590592595145,5.8850915182377e-32,856.449655100084,-2.37536771167358e-28,6.87149898746622e-35,-108327.335479404,190.250102911867,190.250102911867,0,3.06888556711041e-33,2175.711198,-7.55052691528983e-30,1.4105206471941e-36,-145137.274575735,"MPA"
"692","Cephalopholis","MT_20",2043,119.36452448118,119.364524481179,1.70729732300065e-07,8.6728984884159e-34,1365.05961686883,-2.78317356597997e-30,6.353494296018e-37,-127974.339033226,74.8902865285636,74.8902865278352,0.000122408558188449,3.68663233312334e-33,856.449777507914,-1.4878590318529e-29,4.30455230050765e-36,-108327.335479404,190.250102911867,190.250102911867,0,1.66390092707183e-34,2175.711198,-4.09195312546176e-31,7.64761852860506e-38,-145137.274575735,"MPA"
"693","Cephalopholis","MT_20",2044,119.364524496109,119.364524496109,7.41781566446902e-08,5.06565266686601e-35,1365.05961694301,-1.62520361294541e-31,3.7109387782532e-38,-127974.339033226,74.8902972322371,74.8902972318454,7.25291738703843e-05,2.30967866334765e-34,856.449850036696,-9.32048018857619e-31,2.69680572522362e-37,-108327.335479404,190.250102911867,190.250102911867,0,9.02528206306797e-36,2175.711198,-2.218591879723e-32,4.14819856209058e-39,-145137.274575735,"MPA"
"694","Cephalopholis","MT_20",2045,119.364524502595,119.364524502595,3.22287331560891e-08,2.95943130500473e-36,1365.05961697524,-9.49246324753299e-33,2.16798685439999e-39,-127974.339033226,74.890303574351,74.8903035741407,4.2974758654517e-05,1.4471649805146e-35,856.449893011245,-5.83928886870711e-32,1.68972530084898e-38,-108327.335479404,190.250102911867,190.250102911867,0,4.89749525473869e-37,2175.711198,-1.20340202782205e-33,2.25098591175183e-40,-145137.274575735,"MPA"
"695","Cephalopholis","MT_20",2046,119.364524505413,119.364524505413,1.40025799116424e-08,1.72934200555906e-37,1365.05961698924,-5.54564135014197e-34,1.26686188943968e-40,-127974.339033226,74.8903073321624,74.8903073320496,2.54632580040285e-05,9.06836274465011e-37,856.44991847439,-3.65869667504807e-33,1.05883167464338e-39,-108327.335479404,190.250102911867,190.250102911867,0,2.65864746706048e-38,2175.711198,-6.5301623590454e-35,1.22196708345502e-41,-145137.274575735,"MPA"
"696","Cephalopholis","MT_20",2047,119.364524506638,119.364524506638,6.08375056195255e-09,1.01076771997329e-38,1365.05961699533,-3.24059237939431e-35,7.4045683235625e-42,-127974.339033226,74.890309558729,74.8903095586686,1.50873974786618e-05,5.68307887328966e-38,856.449933561727,-2.29264716900347e-34,6.63562311198977e-41,-108327.335479404,190.250102911867,190.250102911867,0,1.44382562861461e-39,2175.711198,-3.54495486209431e-36,6.63610882704393e-43,-145137.274575735,"MPA"
"697","Cephalopholis","MT_20",2048,119.36452450717,119.36452450717,2.64326352444618e-09,5.90905143763744e-40,1365.05961699797,-1.89406500282788e-36,4.32878635047753e-43,-127974.339033226,74.8903108780068,74.8903108779745,8.93952722546748e-06,3.56190261013295e-39,856.449942501222,-1.43678574285588e-35,4.15891515727051e-42,-108327.335479404,190.250102911867,190.250102911867,0,7.84386254036015e-41,2175.711198,-1.9251505683199e-37,3.60519472785292e-44,-145137.274575735,"MPA"
"698","Cephalopholis","MT_20",2049,119.364524507401,119.364524507401,1.14838201268982e-09,3.45523995622011e-41,1365.05961699912,-1.10728976665229e-37,2.53120077188925e-44,-127974.339033226,74.8903116597005,74.8903116596832,5.29681308766412e-06,2.23266492699128e-40,856.449947798018,-9.00513772833104e-37,2.60688315358043e-43,-108327.335479404,190.250102911867,190.250102911867,0,4.26285551907067e-42,2175.711198,-1.04587535559172e-38,1.95929290752801e-45,-145137.274575735,"MPA"
"699","Cephalopholis","MT_20",2050,119.364524507501,119.364524507501,4.98897805498402e-10,2.02083479625705e-42,1365.05961699962,-6.47473098723427e-39,1.48040039503883e-45,-127974.339033226,74.8903121228667,74.8903121228575,3.13844579117174e-06,1.39961246862128e-41,856.449950936454,-5.64458301067588e-38,1.63420229310515e-44,-108327.335479404,190.250102911867,190.250102911867,0,2.31750692154002e-43,2175.711198,-5.68395418571354e-40,1.0651721256343e-46,-145137.274575735,"MPA"
"700","Cephalopholis","MT_20",2051,119.364524507545,119.364524507545,2.16837561915722e-10,1.1821530366174e-43,1365.05961699983,-3.78681707817177e-40,8.66008357360798e-47,-127974.339033226,74.8903123973002,74.8903123972953,1.85957851510389e-06,8.77474264752233e-43,856.449952796028,-3.53847485913573e-39,1.02454821066053e-45,-108327.335479404,190.250102911867,190.250102911867,0,1.26033451105251e-44,2175.711198,-3.09008905138291e-41,5.79274727367796e-48,-145137.274575735,"MPA"
"701","Cephalopholis","MT_20",2052,119.364524507564,119.364524507564,9.41057877405141e-11,6.91679720798042e-45,1365.05961699993,-2.2152218065352e-41,5.0670293969888e-48,-127974.339033226,74.8903125599063,74.8903125599037,1.10182929730845e-06,5.50177585416016e-44,856.449953897855,-2.21841451372681e-40,6.42393152827984e-47,-108327.335479404,190.250102911867,190.250102911867,0,6.85629900978705e-46,2175.711198,-1.68048942485808e-42,3.1512909507887e-49,-145137.274575735,"MPA"
"702","Cephalopholis","MT_20",2053,119.364524507572,119.364524507572,4.07963159968013e-11,4.04783695917511e-46,1365.05961699997,-1.29612998756409e-42,2.96531881008339e-49,-127974.339033226,74.8903126562531,74.8903126562517,6.5285092326564e-07,3.44995081544205e-45,856.449954550704,-1.39094898504823e-41,4.02819896217021e-48,-108327.335479404,190.250102911867,190.250102911867,0,3.73102161534452e-47,2175.711198,-9.14196816684011e-44,1.71485150178674e-50,-145137.274575735,"MPA"
"703","Cephalopholis","MT_20",2054,119.364524507576,119.364524507576,1.77412550658364e-11,2.3693313878602e-47,1365.05961699999,-7.58519110767543e-44,1.73569810311095e-50,-127974.339033226,74.89031271334,74.8903127133393,3.86824237039209e-07,2.16353539396279e-46,856.449954937528,-8.72210301952079e-43,2.5261667450234e-49,-108327.335479404,190.250102911867,190.250102911867,0,2.03093033730435e-48,2175.711198,-4.97482399594637e-45,9.33455846148727e-52,-145137.274575735,"MPA"
"704","Cephalopholis","MT_20",2055,119.364524507577,119.364524507577,7.7135891590594e-12,1.38711240291341e-48,1365.05961699999,-4.43986048736393e-45,1.01615518153111e-51,-127974.339033226,74.8903127471649,74.8903127471645,2.29199265018541e-07,1.3569247972143e-47,856.449955166727,-5.46981090097523e-44,1.58435970413855e-50,-108327.335479404,190.250102911867,190.250102911867,0,1.10582618787513e-49,2175.711198,-2.70797706841593e-46,5.08259638913314e-53,-145137.274575735,"MPA"
"705","Cephalopholis","MT_20",2056,119.364524507578,119.364524507578,3.34255530225909e-12,8.12229577041051e-50,1365.059617,-2.59929260245423e-46,5.95013995671557e-53,-127974.339033226,74.8903127672067,74.8903127672065,1.35804073769508e-07,8.51114149836413e-49,856.44995530253,-3.43055263388058e-45,9.93769857423515e-52,-108327.335479404,190.250102911867,190.250102911867,0,6.0228051252701e-51,2175.711198,-1.4744730055066e-47,2.7682006374773e-54,-145137.274575735,"MPA"
"706","Cephalopholis","MT_20",2057,119.364524507578,119.364524507578,1.45701128560012e-12,4.75691635714539e-51,1365.059617,-1.52202685713358e-47,3.48476820931799e-54,-127974.339033226,74.8903127790817,74.8903127790816,8.04659840156899e-08,5.33899706248839e-50,856.449955382996,-2.1517713388884e-46,6.23386927564548e-53,-108327.335479404,190.250102911867,190.250102911867,0,3.28115343570221e-52,2175.711198,-8.03061427917666e-49,1.50808316780204e-55,-145137.274575735,"MPA"
"707","Cephalopholis","MT_20",2058,119.364524507579,119.364524507579,6.85652369694175e-13,2.78644257738141e-52,1365.059617,-8.91392613291573e-49,2.04126072054288e-55,-127974.339033226,74.8903127861179,74.8903127861178,4.76773082976895e-08,3.34943053180339e-51,856.449955430674,-1.34979554244959e-47,3.91083041192472e-54,-108327.335479404,190.250102911867,190.250102911867,0,1.78799341954228e-53,2175.711198,-4.37498426146373e-50,8.21797222529295e-57,-145137.274575735,"MPA"
"708","Cephalopholis","MT_20",2059,119.364524507579,119.364524507579,3.42826184847088e-13,1.6324912853395e-53,1365.059617,-5.22147993438641e-50,1.19591207959638e-56,-127974.339033226,74.8903127902869,74.8903127902869,2.82495026711511e-08,2.1014606958425e-52,856.449955458923,-8.46796944863027e-49,2.45368767026879e-55,-108327.335479404,190.250102911867,190.250102911867,0,9.7456983726024e-55,2175.711198,-2.38405281050933e-51,4.47931618018101e-58,-145137.274575735,"MPA"
"709","Cephalopholis","MT_20",2060,119.364524507579,119.364524507579,1.71413092423544e-13,9.56590773954854e-55,1365.059617,-3.059105024684e-51,7.00768495413526e-58,-127974.339033226,74.8903127927571,74.8903127927571,1.67382834687777e-08,1.31859114483624e-53,856.449955475661,-5.31287477078064e-50,1.53960092639584e-56,-108327.335479404,190.250102911867,190.250102911867,0,5.31329432502051e-56,2175.711198,-1.29946001711387e-52,2.44209540765553e-59,-145137.274575735,"MPA"
"710","Cephalopholis","MT_20",2061,119.364524507579,119.364524507579,8.5706546211772e-14,5.60627535994405e-56,1365.059617,-1.79254350050823e-52,4.10698206153442e-59,-127974.339033226,74.8903127942208,74.8903127942208,9.91767425161914e-09,8.27441324657594e-55,856.449955485579,-3.33363818795357e-51,9.66129216736364e-58,-108327.335479404,190.250102911867,190.250102911867,0,2.89744351991818e-57,2175.711198,-7.08457544092704e-54,1.3317224834719e-60,-145137.274575735,"MPA"
"711","Cephalopholis","MT_20",2062,119.364524507579,119.364524507579,0,3.28619998088174e-57,1365.059617,-1.0505529357114e-53,2.40736737059429e-60,-127974.339033226,74.890312795088,74.890312795088,5.87637370744734e-09,5.19280496142798e-56,856.449955491455,-2.0919221313731e-52,6.06317383539805e-59,-108327.335479404,190.250102911867,190.250102911867,0,1.58038452604937e-58,2175.711198,-3.8633578241699e-55,7.26376059240823e-62,-145137.274575735,"MPA"
"712","Cephalopholis","MT_20",2063,119.364524507579,119.364524507579,8.5706546211772e-14,1.92656343726708e-58,1365.059617,-6.1579690892752e-55,1.41134014461662e-61,-127974.339033226,74.8903127956018,74.8903127956018,3.48184186103522e-09,3.25914851411282e-57,856.449955494937,-1.31283552064367e-53,3.80541617547593e-60,-108327.335479404,190.250102911867,190.250102911867,0,8.62191772156725e-60,2175.711198,-2.1072338017765e-56,3.96280431405274e-63,-145137.274575735,"MPA"
"713","Cephalopholis","MT_20",2064,119.364524507579,119.364524507579,0,1.12964208346388e-59,1365.059617,-3.61016315630165e-56,8.27540474713116e-63,-127974.339033226,74.8903127959063,74.8903127959063,2.06305330184255e-09,2.04570596439666e-58,856.449955497,-8.23972008988062e-55,2.38858785766935e-61,-108327.335479404,190.250102911867,190.250102911867,0,4.70473389017937e-61,2175.711198,-1.14961872630071e-57,2.16238896711298e-64,-145137.274575735,"MPA"
"714","Cephalopholis","MT_20",2065,119.364524507579,119.364524507579,8.5706546211772e-14,6.62468340504582e-61,1365.059617,-2.11682218744598e-57,4.85303595721696e-64,-127974.339033226,74.8903127960867,74.8903127960867,1.2223904477666e-09,1.28415893469006e-59,856.449955498223,-5.17191667080186e-56,1.49939751464504e-62,-108327.335479404,190.250102911867,190.250102911867,0,2.56775296466263e-62,2175.711198,-6.27314056695574e-59,1.1801901681726e-65,-145137.274575735,"MPA"
"715","Cephalopholis","MT_40",2015,61.2798674349257,61.2798674349257,218.237160513686,20.5382201632707,898.499054250416,-129535.680145103,0.0293068162460392,-277111.161585983,55.2344732067754,55.2344732067754,90.6026430802173,16.068976435938,706.198301944279,-88209.283772186,0.0254390946365175,-212334.095006499,79.1244882087476,79.1244882087476,455.335778198189,28.3971727252386,1331.81083627295,-171502.543351144,0.0313825220386447,-339940.920960143,"MPA"
"716","Cephalopholis","MT_40",2016,78.5672003225849,78.4854228040083,216.456562931842,1.75670207504515,1113.11713758864,-8647.00866725969,0.00195722210786022,-156222.490108139,61.7518996751908,61.751866114994,79.8001481651985,1.2858571217594,784.712559427522,-6312.55355575909,0.00182082660847908,-130437.364790072,116.457160717371,116.456995340154,493.12532623068,2.57837948884222,1822.35761763757,-10568.7284060248,0.00193607761585324,-179007.106015023,"MPA"
"717","Cephalopholis","MT_40",2017,97.3339890762474,97.259080280536,182.978580928403,0.145436132762793,1295.87537358856,-577.433808456415,0.000130759503941202,-148152.915249336,68.6173998297916,68.6172143803801,63.5139514143883,0.102282061603428,848.124043330895,-451.80540716864,0.000130344268057586,-124576.616641482,159.351905076592,159.350967507022,396.405404513646,0.217873255606398,2218.54421132604,-651.939810602822,0.000119561500820732,-169090.317419601,"MPA"
"718","Cephalopholis","MT_40",2018,113.314866151725,113.263423960576,128.57656923941,0.0113195124970564,1424.38918112433,-38.5749511655486,8.73909638269586e-06,-147614.056392045,74.1622723981273,74.161988301924,46.6855774509628,0.00791458382772634,894.801422101827,-32.341349579414,9.33192690723277e-06,-124157.152583892,193.99553806006,193.994116400282,208.901121301742,0.0163961189713231,2427.42751484903,-40.2564597757725,7.39071285070886e-06,-168478.634068774,"MPA"
"719","Cephalopholis","MT_40",2019,124.552462911695,124.524039985176,76.0572967749127,0.000832042285170444,1500.41722293044,-2.57796821184083,5.84276059153268e-07,-147578.059409091,78.2438693136504,78.243565938823,32.1998412617898,0.000597903526164837,927.000362085263,-2.3153960401286,6.68199862738262e-07,-124127.126630353,212.260862073812,212.259797524166,70.68812487547,0.00111004501533107,2498.11346512984,-2.48833692882914,4.57297843488221e-07,-168440.865945927,"MPA"
"720","Cephalopholis","MT_40",2020,131.200561607467,131.187398804265,39.4416334136271,5.86264856678945e-05,1539.84563491438,-0.172352123502102,3.90774381665971e-08,-147575.653793003,81.0594321747199,81.0591648295173,21.1702304428068,4.43583442067176e-05,948.170280824523,-0.165787542428986,4.78516288728826e-08,-124124.977021855,218.441833761465,218.441385497662,17.7636822848493,7.07509687571612e-05,2515.87662839992,-0.153962437464109,2.83218274516029e-08,-168438.531571436,"MPA"
"721","Cephalopholis","MT_40",2021,134.648289157194,134.642877365582,18.8292039865382,4.02576447005707e-06,1558.66942308354,-0.0115270495253968,2.6145003483292e-09,-147575.492967929,82.9105874302899,82.910379093482,13.4572154895926,3.24958213365645e-06,961.627284727726,-0.011872349810403,3.42722016731243e-09,-124124.823106663,219.995093055842,219.994967201838,3.97471885901757,4.41706266691375e-06,2519.85121698787,-0.00953531577910447,1.75567607094327e-09,-168438.387144314,"MPA"
"722","Cephalopholis","MT_40",2022,136.294292376586,136.292210544056,8.59744457854985,2.7274177778549e-07,1567.26478555682,-0.000771218944342233,1.74986363673111e-10,-147575.482212098,84.0873044411795,84.087155224968,8.36403560657815,2.36073999418022e-07,969.991170882018,-0.000850312245056614,2.45494564364174e-10,-124124.812084625,220.342641888878,220.34261417682,0.862473213701104,2.74495355216703e-07,2520.71366221502,-0.000591095687532522,1.08933166063705e-10,-168438.378200094,"MPA"
"723","Cephalopholis","MT_40",2023,137.04589424204,137.045118856663,3.84135031035743,1.83616142986449e-08,1571.10536046343,-5.16168837085217e-05,1.17157707679082e-11,-147575.481492496,84.8186653879173,84.8185647209486,5.12396359705618,1.70593906029611e-08,975.115033795046,-6.09082490798037e-05,1.75871726090207e-11,-124124.811295221,220.418056444529,220.418051138249,0.185848665748852,1.70523151014523e-08,2520.89950555744,-3.66752800676412e-05,6.76487595466379e-12,-168438.377645674,"MPA"
"724","Cephalopholis","MT_40",2024,137.381724554398,137.381439823605,1.69920349651146,1.23279650684359e-09,1572.80427922792,-3.45587328871413e-06,7.84669799118152e-13,-147575.481444335,85.2667098928157,85.2666448645845,3.11081869071856,1.22873944981249e-09,978.225787456305,-4.36343907399946e-06,1.26009740944374e-12,-124124.811238676,220.434307091698,220.434306157012,0.0399860874964009,1.05996159721631e-09,2520.93949070919,-2.27757732897983e-06,4.20469596708235e-13,-168438.377611276,"MPA"
"725","Cephalopholis","MT_40",2025,137.530282630525,137.530178659534,0.74824636268003,8.26846740142412e-11,1573.55242161953,-2.31458750211412e-07,5.25715328273442e-14,-147575.481441111,85.5387226510954,85.5386819775473,1.87815623931876,8.83293122463524e-11,980.103903021987,-3.1263398980944e-07,9.02954438791813e-14,-124124.811234626,220.437803502087,220.437803345877,0.00860019131660916,6.5938286569678e-11,2520.94809074423,-1.4156239055788e-07,2.61562353334104e-14,-168438.37760914,"MPA"
"726","Cephalopholis","MT_40",2026,137.595702235446,137.595664340528,0.32882640830936,5.54423019545149e-12,1573.88121013291,-1.55073355212567e-08,3.52338536298697e-15,-147575.481440895,85.7029501827549,85.702925358984,1.13011104668559,6.34238969273512e-12,981.233989244896,-2.24025481252182e-08,6.47114092053419e-15,-124124.811234335,220.438555512534,220.438555487305,0.00184956021244195,4.10521851161997e-12,2520.94994027921,-8.80619959987728e-09,1.62844230184004e-15,-168438.377609007,"MPA"
"727","Cephalopholis","MT_40",2027,137.624452397032,137.624438589646,0.144376329151384,3.71779547602979e-13,1574.02557265468,-1.03931366037133e-09,2.36218323133021e-16,-147575.48144088,85.8017679947904,85.801753131322,0.67861449726545,4.55115267105397e-13,981.912588878692,-1.60550677546408e-09,4.63819336785805e-16,-124124.811234315,220.438717240901,220.438717236916,0.000397754487113711,2.55788317472287e-13,2520.95033802971,-5.48258866684958e-10,1.01465052274989e-16,-168438.377608999,"MPA"
"728","Cephalopholis","MT_40",2028,137.637075848457,137.63707081629,0.0633647197113367,2.4935656232728e-14,1574.08893234222,-6.96787014177334e-11,1.58419643503105e-17,-147575.481440879,85.861106591882,85.8610978268913,0.406996482630011,3.26469259310448e-14,982.319576596331,-1.15074728199691e-10,3.32483028775846e-17,-124124.811234313,220.438752021287,220.438752020666,8.5537104202043e-05,1.59500557154657e-14,2520.95042356619,-3.41609368046674e-11,6.3270011609742e-18,-168438.377608999,"MPA"
"729","Cephalopholis","MT_40",2029,137.642616191811,137.642614357012,0.0278046055418098,1.67291469479854e-15,1574.11673511297,-4.67299683955281e-12,1.06278284463217e-18,-147575.481440879,85.896694704512,85.8966895995562,0.243914130995895,2.34150560444782e-15,982.563485622372,-8.2489844056668e-12,2.38364958633175e-18,-124124.811234313,220.438759500829,220.438759500734,1.83945562615671e-05,9.95339537161759e-16,2520.95044196065,-2.13015498413162e-12,3.94827096898552e-19,-168438.377608999,"MPA"
"730","Cephalopholis","MT_40",2030,137.64504734168,137.645046672379,0.0121996206880987,1.12267753290089e-16,1574.12893406435,-3.13495265623587e-13,7.13211105778828e-20,-147575.481440879,85.9180227729376,85.9180198301225,0.146113534117475,1.67929852547181e-16,982.709596213674,-5.9138914373514e-13,1.70909927831297e-19,-124124.811234313,220.438761109291,220.438761109276,3.95567661288246e-06,6.2158160360056e-17,2520.95044591631,-1.32929153468896e-13,2.46566371656689e-20,-168438.377608999,"MPA"
"731","Cephalopholis","MT_40",2031,137.646114051159,137.646113806904,0.00535248695726363,7.53647022462649e-18,1574.13428630705,-2.10380046264476e-14,4.78770834581821e-21,-147575.481440879,85.9307990803158,85.9307973985303,0.0875040642170953,1.20439504685066e-17,982.797098596106,-4.24031567120723e-14,1.22558592971367e-20,-124124.811234313,220.438761455185,220.438761455183,8.50647969685244e-07,3.88448243436116e-18,2520.95044676696,-8.30131956890788e-15,1.54088012346837e-21,-168438.377608999,"MPA"
"732","Cephalopholis","MT_40",2032,137.646582065813,137.646581976639,0.00234830003994676,5.06072829518198e-19,1574.13663451792,-1.41225829645546e-15,3.21492793954804e-22,-147575.481440879,85.9384505265546,85.9384495725103,0.0523958094895796,8.63844041312312e-19,982.849493451551,-3.04070747407837e-15,8.78964788720914e-22,-124124.811234313,220.438761529568,220.438761529567,1.82926896433635e-07,2.42921851860246e-19,2520.95044694989,-5.18778705966313e-16,9.63612165291809e-23,-168438.377608999,"MPA"
"733","Cephalopholis","MT_40",2033,137.646787399756,137.646787367187,0.00103025464046866,3.39929696090286e-20,1574.13766473999,-9.48326072342532e-17,2.15946753728271e-23,-147575.481440879,85.9430320751763,85.9430315374021,0.031370623857936,6.19636617847106e-20,982.880863537635,-2.18073221398478e-16,6.30449141053462e-23,-124124.811234313,220.438761545563,220.438761545563,3.93372178036342e-08,1.52015819880514e-20,2520.95044698922,-3.24425933302476e-17,6.03009948348802e-24,-168438.377608999,"MPA"
"734","Cephalopholis","MT_40",2034,137.646877485175,137.646877473276,0.000451992101982707,2.28399210447487e-21,1574.13811672019,-6.36990752419344e-18,1.45094813228508e-24,-147575.481440879,85.9457751607987,85.9457748593409,0.0187812561178062,4.44508440184799e-21,982.899644492295,-1.56415904569371e-17,4.52250579996029e-24,-124124.811234313,220.438761549003,220.438761549003,8.45910776227009e-09,9.5189761889549e-22,2520.95044699768,-2.03019505492122e-18,3.7759473615689e-25,-168438.377608999,"MPA"
"735","Cephalopholis","MT_40",2035,137.646917007553,137.646917003204,0.000198295862613131,1.53506784286643e-22,1574.13831501171,-4.27994645157358e-19,9.75179894695588e-26,-147575.481440879,85.9474174185396,85.9474172503697,0.0112437438103024,3.1890953307623e-22,982.910888067935,-1.12204424041953e-18,3.24457878302532e-25,-124124.811234313,220.438761549743,220.438761549743,1.81907801212061e-09,5.96432831541373e-23,2520.9504469995,-1.27127416091414e-19,2.36590462240816e-26,-168438.377608999,"MPA"
"736","Cephalopholis","MT_40",2036,137.646934346702,137.646934345112,8.69948991903573e-05,1.03201492838163e-23,1574.13840200502,-2.87654509266501e-20,6.55606256799496e-27,-147575.481440879,85.9484005873649,85.9484004939497,0.00673113088759428,2.28823904927534e-23,982.917619105407,-8.04987560522124e-20,2.32802289369898e-26,-124124.811234313,220.438761549902,220.438761549902,3.91277528935888e-10,3.73932691059985e-24,2520.95044699989,-7.96545376735629e-21,1.48330044132779e-27,-168438.377608999,"MPA"
"737","Cephalopholis","MT_40",2037,137.646941953634,137.646941953052,3.81655738042925e-05,6.94013149153852e-25,1574.13844017001,-1.93388006757859e-21,4.40884453534543e-28,-147575.481440879,85.9489891675832,85.9489891158881,0.00402957729540065,1.64203583617844e-24,982.921648631008,-5.77587905161604e-21,1.67057320419903e-27,-124124.811234313,220.438761549936,220.438761549936,8.39236474191647e-11,2.34572358199453e-25,2520.95044699998,-4.9939295847309e-22,9.30491745597819e-29,-168438.377608999,"MPA"
"738","Cephalopholis","MT_40",2038,137.646945290884,137.646945290671,1.67435703604888e-05,4.66842714786299e-26,1574.13845691337,-1.30050262324481e-22,2.96570303394868e-29,-147575.481440879,85.9493415202579,85.9493414917459,0.00241227853839318,1.17845125101305e-25,982.924060881034,-4.14473104064225e-22,1.19892694676497e-28,-124124.811234313,220.438761549943,220.438761549943,1.84544146157332e-11,1.47232212767207e-26,2520.950447,-3.132750538744e-23,5.8403453722154e-30,-168438.377608999,"MPA"
"739","Cephalopholis","MT_40",2039,137.646946754969,137.646946754891,7.34552640672286e-06,3.14117751001624e-27,1574.13846425881,-8.74810745643319e-24,1.99548997499028e-30,-147575.481440879,85.9495524539592,85.9495524382802,0.00144408651666193,8.45840437505673e-27,982.925504951872,-2.97456568319706e-23,8.60534878738771e-30,-124124.811234313,220.438761549945,220.438761549945,3.95451741765713e-12,9.24618871300316e-28,2520.950447,-1.96630923356594e-24,3.66773917512198e-31,-168438.377608999,"MPA"
"740","Cephalopholis","MT_40",2040,137.646947397275,137.646947397246,3.22252727128987e-06,2.11412767711736e-28,1574.13846748131,-5.88621332937676e-25,1.34303793797012e-31,-147575.481440879,85.9496787274396,85.9496787188405,0.000864485175998935,6.07173738718158e-28,982.926369428449,-2.1350070779247e-24,6.17721013110569e-31,-124124.811234313,220.438761549945,220.438761549945,6.5908623627619e-13,5.80962488546912e-29,2520.950447,-1.23484296676417e-25,2.3045375177377e-32,-168438.377608999,"MPA"
"741","Cephalopholis","MT_40",2041,137.646947679059,137.646947679049,1.413739208391e-06,1.42326121582362e-29,1574.13846889504,-3.9616374481497e-26,9.04152490537225e-33,-147575.481440879,85.949754319622,85.9497543149169,0.000517512613027877,4.35898115023052e-29,982.926886936356,-1.5325802208252e-25,4.43469753773548e-32,-124124.811234313,220.438761549945,220.438761549945,2.19695412092063e-13,3.65216673310364e-30,2520.950447,-7.75884491657704e-27,1.44872610941235e-33,-168438.377608999,"MPA"
"742","Cephalopholis","MT_40",2042,137.646947802679,137.646947802675,6.20213499093092e-07,9.58408205084935e-31,1574.13846951525,-2.66703140997038e-27,6.08846187310129e-34,-147575.481440879,85.9497995719206,85.9497995693515,0.00030980160911133,3.12971051205503e-30,982.927196735396,-1.10025878759197e-26,3.18407254259624e-33,-124124.811234313,220.438761549945,220.438761549945,2.19695412092063e-13,2.29700657966922e-31,2520.950447,-4.87752580420601e-28,9.11166890409416e-35,-168438.377608999,"MPA"
"743","Cephalopholis","MT_40",2043,137.646947856912,137.646947856911,2.72089898770164e-07,6.45545379717795e-32,1574.13846978734,-1.79594915945165e-28,4.10094405428381e-35,-147575.481440879,85.949826661591,85.9498266601909,0.000185458149226924,2.24734711623295e-31,982.927382192146,-7.89975813424968e-28,2.28638206746556e-34,-124124.811234313,220.438761549945,220.438761549945,2.19695412092063e-13,1.44535733984613e-32,2520.950447,-3.06768822004098e-29,5.73338258816688e-36,-168438.377608999,"MPA"
"744","Cephalopholis","MT_40",2044,137.646947880704,137.646947880704,1.19366661741602e-07,4.34921849786265e-33,1574.13846990671,-1.2096794199841e-29,2.76291989639909e-36,-147575.481440879,85.9498428784334,85.9498428776716,0.000111021684025639,1.61392211582101e-32,982.927493213068,-5.6725671578805e-29,1.64195457880547e-35,-124124.811234313,220.438761549945,220.438761549945,2.19695412092063e-13,9.09875622564738e-34,2520.950447,-1.9302973376046e-30,3.60925627731999e-37,-168438.377608999,"MPA"
"745","Cephalopholis","MT_40",2045,137.646947891142,137.646947891142,5.23664765521722e-08,2.93090493393992e-34,1574.13846995907,-8.14994619165105e-31,1.86191049260973e-37,-147575.481440879,85.9498525864047,85.9498525859909,6.64613887089917e-05,1.15915367072016e-33,982.927559674043,-4.0737275499031e-30,1.17928705700564e-36,-124124.811234313,220.438761549945,220.438761549945,2.19695412092063e-13,5.73027323387374e-35,2520.950447,-1.21515312744391e-31,2.27306063897167e-38,-168438.377608999,"MPA"
"746","Cephalopholis","MT_40",2046,137.646947895721,137.646947895721,2.2973272225709e-08,1.97558703909914e-35,1574.13846998204,-5.49218612823933e-32,1.25502748125488e-38,-147575.481440879,85.9498583979331,85.9498583977085,3.97860455136543e-05,8.32616609032454e-35,982.927599459864,-2.92583865302179e-31,8.47078302808953e-38,-124124.811234313,220.438761549945,220.438761549945,2.19695412092063e-13,3.61033982357302e-36,2520.950447,-7.65286954454524e-33,1.43213438719885e-39,-168438.377608999,"MPA"
"747","Cephalopholis","MT_40",2047,137.64694789773,137.64694789773,1.00784386437286e-08,1.33196381225559e-36,1574.13846999212,-3.702027863566e-33,8.46154158389115e-40,-147575.481440879,85.9498618769134,85.9498618767918,2.38172676654434e-05,5.98128253023681e-36,982.92762327701,-2.10162099695047e-32,6.08517100702541e-39,-124124.811234313,220.438761549945,220.438761549945,2.19695412092063e-13,2.27558716362704e-37,2520.950447,-4.8216653122146e-34,9.02670326715487e-41,-168438.377608999,"MPA"
"748","Cephalopholis","MT_40",2048,137.646947898611,137.646947898611,4.42133753357314e-09,8.98231771905848e-38,1574.13846999654,-2.49595034213643e-34,5.70618016793873e-41,-147575.481440879,85.9498639595494,85.9498639594836,1.42578133602361e-05,4.29722733623388e-37,982.927637534757,-1.50974509862982e-33,4.37186547052953e-40,-124124.811234313,220.438761549945,220.438761549945,2.19695412092063e-13,1.43484486673651e-38,2520.950447,-3.03908225484509e-35,5.69168215283255e-42,-168438.377608999,"MPA"
"749","Cephalopholis","MT_40",2049,137.646947898998,137.646947898998,1.93953982395232e-09,6.0587363881903e-39,1574.13846999848,-1.68318529209535e-35,3.84892212703727e-42,-147575.481440879,85.9498652062856,85.94986520625,8.53520111879638e-06,3.08764013352198e-38,982.927646069923,-1.08467000488956e-34,3.14126901677744e-41,-124124.811234313,220.438761549945,220.438761549945,2.19695412092063e-13,9.05057518990288e-40,2520.950447,-1.91625776531634e-36,3.59014402709633e-43,-168438.377608999,"MPA"
"750","Cephalopholis","MT_40",2050,137.646947899167,137.646947899167,8.50878435817476e-10,4.08762746139718e-40,1574.13846999933,-1.13533904012528e-36,2.5967394478334e-43,-147575.481440879,85.9498659526237,85.9498659526045,5.10945356750041e-06,2.21875283885008e-39,982.927651179357,-7.79356158769718e-36,2.25729009426226e-42,-124124.811234313,220.438761549945,220.438761549945,2.19695412092063e-13,5.71085444563607e-41,2520.950447,-1.20871847474892e-37,2.26535767588456e-44,-168438.377608999,"MPA"
"751","Cephalopholis","MT_40",2051,137.646947899242,137.646947899242,3.73350625630973e-10,2.75838027449765e-41,1574.13846999971,-7.65975401645239e-38,1.75231107495824e-44,-147575.481440879,85.9498663994065,85.9498663993961,3.05868696932976e-06,1.59453714297649e-40,982.927654238034,-5.60038929391821e-37,1.62223246142616e-43,-124124.811234313,220.438761549945,220.438761549945,2.19695412092063e-13,3.60473907144523e-42,2520.950447,-7.6269354490788e-39,1.42991270444644e-45,-168438.377608999,"MPA"
"752","Cephalopholis","MT_40",2052,137.646947899274,137.646947899274,1.63819113190718e-10,1.86178078950691e-42,1574.13846999987,-5.16889432464405e-39,1.1827299980206e-45,-147575.481440879,85.9498666668655,85.9498666668599,1.83103017605472e-06,1.14604951486069e-41,982.927656069058,-4.0247965169803e-38,1.16595510353112e-44,-124124.811234313,220.438761549945,220.438761549945,2.19695412092063e-13,2.27608665423217e-43,2520.950447,-4.81418542013337e-40,9.02868462543868e-47,-168438.377608999,"MPA"
"753","Cephalopholis","MT_40",2053,137.646947899289,137.646947899289,7.1903838304676e-11,1.25687633649445e-43,1574.13846999994,-3.48876775460696e-40,7.98453478171177e-47,-147575.481440879,85.9498668269753,85.9498668269723,1.09611435787834e-06,8.23786577714216e-43,982.92765716517,-2.89276176579325e-39,8.38094820740645e-46,-124124.811234313,220.438761549945,220.438761549945,2.19695412092063e-13,1.43760831316174e-44,2520.950447,-3.03974933236194e-41,5.70264407566018e-48,-168438.377608999,"MPA"
"754","Cephalopholis","MT_40",2054,137.646947899295,137.646947899295,3.14885840324721e-11,8.48680459615174e-45,1574.13846999998,-2.35524485965464e-41,5.39139647362283e-48,-147575.481440879,85.9498669228223,85.9498669228206,6.56169653313137e-07,5.92199708871114e-44,982.927657821338,-2.07933276864942e-40,6.02485548711754e-47,-124124.811234313,220.438761549945,220.438761549945,2.19695412092063e-13,9.0828890884667e-46,2520.950447,-1.91994839124681e-42,3.60296216820747e-49,-168438.377608999,"MPA"
"755","Cephalopholis","MT_40",2055,137.646947899298,137.646947899298,1.38314341077217e-11,5.73167533042156e-46,1574.13846999999,-1.59033170723292e-42,3.64115066092099e-49,-147575.481440879,85.9498669801994,85.9498669801985,3.92804389679375e-07,4.25758546588432e-45,982.927658214141,-1.49478067764036e-41,4.33153491206187e-48,-124124.811234313,220.438761549945,220.438761549945,2.19695412092063e-13,5.74029404379508e-47,2520.950447,-1.21303404645191e-43,2.27703565162345e-50,-168438.377608999,"MPA"
"756","Cephalopholis","MT_40",2056,137.646947899299,137.646947899299,6.0819071963032e-12,3.87170976061397e-47,1574.13847,-1.07405147723882e-43,2.45957381412195e-50,-147575.481440879,85.9498670145472,85.9498670145467,2.35145392682516e-07,3.0612572404665e-46,982.927658449286,-1.07466389939435e-42,3.11442781661921e-49,-124124.811234313,220.438761549945,220.438761549945,2.19695412092063e-13,3.62882652733053e-48,2520.950447,-7.66625249295429e-45,1.43946761494219e-51,-168438.377608999,"MPA"
"757","Cephalopholis","MT_40",2057,137.6469478993,137.6469478993,2.64857248871269e-12,2.61580866289242e-48,1574.13847,-7.25514853529135e-45,1.66173987406104e-51,-147575.481440879,85.9498670351089,85.9498670351086,1.40765579466505e-07,2.2012891841271e-47,982.927658590051,-7.72696794494161e-44,2.23952308718218e-50,-124124.811234313,220.438761549945,220.438761549945,2.19695412092063e-13,2.29464582265499e-49,2520.950447,-4.84635459427685e-46,9.10230435265273e-53,-168438.377608999,"MPA"
"758","Cephalopholis","MT_40",2058,137.6469478993,137.6469478993,1.17714332831675e-12,1.76762155992113e-49,1574.13847,-4.90173116338576e-46,1.12291364045066e-52,-147575.481440879,85.9498670474178,85.9498670474177,8.42667845201126e-08,1.58305045145653e-48,982.927658674318,-5.55630893555166e-45,1.61054624683908e-51,-124124.811234313,220.438761549945,220.438761549945,2.19695412092063e-13,1.45136999862365e-50,2520.950447,-3.06453539211832e-47,5.75723334963138e-54,-168438.377608999,"MPA"
"759","Cephalopholis","MT_40",2059,137.6469478993,137.6469478993,3.92381109438919e-13,1.19467820482751e-50,1574.13847,-3.31232395100231e-47,7.58940987464404e-54,-147575.481440879,85.9498670547863,85.9498670547862,5.04448254229505e-08,1.13855064135373e-49,982.927658724763,-3.99580274641872e-46,1.15832597781336e-52,-124124.811234313,220.438761549945,220.438761549945,2.19695412092063e-13,9.18225758095811e-52,2520.950447,-1.93832733746015e-48,3.64237924306892e-55,-168438.377608999,"MPA"
"760","Cephalopholis","MT_40",2060,137.6469478993,137.6469478993,1.96190554719459e-13,8.07586695543279e-52,1574.13847,-2.2386925580197e-48,5.13034088763029e-55,-147575.481440879,85.9498670591973,85.9498670591973,3.01978687519072e-08,8.189350277739e-51,982.92765875496,-2.87383372720815e-47,8.33159002602873e-54,-124124.811234313,220.438761549945,220.438761549945,2.19695412092063e-13,5.81066256160791e-53,2520.950447,-1.22630486406981e-49,2.30494913873565e-56,-168438.377608999,"MPA"
"761","Cephalopholis","MT_40",2061,137.6469478993,137.6469478993,0,5.46012012011395e-53,1574.13847,-1.5133266162912e-49,3.46864029065623e-56,-147575.481440879,85.9498670618379,85.9498670618379,1.80774239670241e-08,5.89095357525182e-52,982.927658773038,-2.06708688889734e-48,5.99327277321067e-55,-124124.811234313,220.438761549945,220.438761549945,2.19695412092063e-13,3.67792501125158e-54,2520.950447,-7.76023074929313e-51,1.45894379464238e-57,-168438.377608999,"MPA"
"762","Cephalopholis","MT_40",2062,137.6469478993,137.6469478993,0,3.69222671167101e-54,1574.13847,-1.02316508574437e-50,2.34555395350385e-57,-147575.481440879,85.9498670634186,85.9498670634186,1.08217291811333e-08,4.23799432577944e-53,982.92765878386,-1.48694493276623e-49,4.31160349182728e-56,-124124.811234313,220.438761549945,220.438761549945,2.19695412092063e-13,2.32850650747828e-55,2520.950447,-4.91192638761851e-52,9.23662149031635e-59,-168438.377608999,"MPA"
"763","Cephalopholis","MT_40",2063,137.6469478993,137.6469478993,0,2.49715771156546e-55,1574.13847,-6.91881749289373e-52,1.5863647062545e-58,-147575.481440879,85.9498670643649,85.9498670643649,6.47820821246142e-09,3.04911160013768e-54,982.927658790338,-1.0697188676155e-50,3.10207121845593e-57,-124124.811234313,220.438761549945,220.438761549945,2.19695412092063e-13,1.47450385494592e-56,2520.950447,-3.10975686639458e-53,5.848999756027e-60,-168438.377608999,"MPA"
"764","Cephalopholis","MT_40",2064,137.6469478993,137.6469478993,0,1.68917013021658e-56,1574.13847,-4.67939262848632e-53,1.07307594751596e-59,-147575.481440879,85.9498670649314,85.9498670649314,3.878061824579e-09,2.19393628090035e-55,982.927658794216,-7.69631093712412e-52,2.23204247156944e-58,-124124.811234313,220.438761549945,220.438761549945,2.19695412092063e-13,9.33909708211439e-58,2520.950447,-1.96922296446969e-54,3.70459367546402e-61,-168438.377608999,"MPA"
"765","Cephalopholis","MT_40",2065,137.6469478993,137.6469478993,0,1.14279680629629e-57,1574.13847,-3.1653147972939e-54,7.25982388510134e-61,-147575.481440879,85.9498670652705,85.9498670652705,2.32153728133016e-09,1.57874505678728e-56,982.927658796538,-5.5377493539997e-53,1.60616607200164e-59,-124124.811234313,220.438761549945,220.438761549945,2.19695412092063e-13,5.91631358438474e-59,2520.950447,-1.24725102479885e-55,2.34685834123606e-62,-168438.377608999,"MPA"
"766","Cephalopholis","MT_60",2015,73.6851819037879,73.6851819037879,258.394671601753,27.4438864262322,1073.61879397552,-143969.926516158,0.0325678513241693,-316541.882072343,64.6361943035465,64.6361943035465,106.089263137032,20.0112914821054,825.261234054927,-93853.8184103324,0.0270721653208599,-236525.453738405,97.68838238523,97.68838238523,546.943730727122,40.692914303167,1623.42081642396,-199262.457720219,0.0364249973622341,-399651.530407224,"MPA"
"767","Cephalopholis","MT_60",2016,93.8801465147204,93.7708693151715,253.025706973839,2.7270570888907,1323.80816666092,-11236.7102754812,0.00254307120029926,-183808.665831666,72.1630861910582,72.163043366753,93.0760225511647,1.83840548799993,916.498808293787,-7721.54538135356,0.00222767914465878,-150393.180709426,141.95633026931,141.956082438001,577.567280419941,4.33567311737033,2196.65217589522,-14593.6076369104,0.00267084424028491,-214982.680323915,"MPA"
"768","Cephalopholis","MT_60",2017,115.757385527236,115.657477771938,210.240538632359,0.262747002730544,1533.68605053525,-877.351343719164,0.000198653669950831,-173449.306899904,80.1411477574684,80.1409104224369,73.5056526075674,0.168022902290174,989.836200664032,-635.350332883599,0.000183332722431586,-143306.985660956,192.081238957544,192.079834082202,448.689252433478,0.430619738471068,2644.90940371488,-1069.94619801139,0.000196046606077339,-201459.018885016,"MPA"
"769","Cephalopholis","MT_60",2018,134.109678351174,134.042398854955,144.687655503769,0.0237965738241255,1678.28262996898,-68.5302273432808,1.55239284530917e-05,-172640.485783528,86.5539687506926,86.5536044307458,53.46482764467,0.0149363708778774,1043.28572761788,-52.2858341785751,1.50898410273888e-05,-142723.921162251,231.278069769498,231.275977654068,226.883955112856,0.0380993768711946,2871.75316733544,-78.5296728694013,1.44053447663702e-05,-200467.602359874,"MPA"
"770","Cephalopholis","MT_60",2019,146.753596414958,146.717342044795,83.7771375415574,0.00203623027623619,1762.02147691009,-5.35509167329542,1.2135891874693e-06,-172577.310647858,91.2277407168006,91.2273537355259,36.438767864188,0.00129594752061929,1079.72281255327,-4.30344881229561,1.24218498049501e-06,-142675.938776885,251.113905248673,251.112386990558,74.1605530446386,0.00304280064097152,2945.90915932132,-5.77003459771345,1.05957613146285e-06,-200394.842721602,"MPA"
"771","Cephalopholis","MT_60",2020,154.075948877414,154.059553818391,42.6276047059073,0.000167212605038056,1804.63251934437,-0.418625052148859,9.49084344326795e-08,-172572.374181237,94.4138984959853,94.4135606387799,23.6623490282787,0.000110421919701105,1103.38471330242,-0.354250129693966,1.02269099071382e-07,-142671.989578203,257.59830681806,257.597685935151,18.33505647901,0.000229823060494318,2964.24336509436,-0.424404994542531,7.80145244267043e-08,-200389.497091999,"MPA"
"772","Cephalopholis","MT_60",2021,157.801974287292,157.795364274671,20.0340792230405,1.33989128152509e-05,1824.65997515588,-0.0327380148589496,7.42504429158622e-09,-172571.9882942,96.4829594341994,96.4826990921909,14.8576441341877,9.29147891241799e-06,1118.24208780312,-0.0291650568720759,8.42090497392243e-09,-142671.66449313,259.201499621561,259.201328452435,4.08464787698612,1.70434697792878e-05,2968.32782475875,-0.0312479975975573,5.74968900261705e-09,-200389.103935002,"MPA"
"773","Cephalopholis","MT_60",2022,159.553229478103,159.550725985982,9.02951574750876,1.06029759061576e-06,1833.68698635097,-0.00256120162551263,5.81102245288147e-10,-172571.958117387,97.7821286577419,97.7819444254423,9.12477746766284,7.7546863793826e-07,1127.36668026302,-0.0024014514277443,6.93472004154262e-10,-142671.637729524,259.558655880261,259.558618542848,0.885766235975452,1.25904519018636e-06,2969.21355239827,-0.00230298297283911,4.24159779039001e-10,-200389.074989988,"MPA"
"774","Cephalopholis","MT_60",2023,160.342575881445,160.341655401083,3.98882294599133,8.34230885523418e-08,1837.67488873318,-0.000200445359666978,4.54949791910449e-11,-172571.95575663,98.580007832202,98.579885059796,5.52581916268599,6.43901561720412e-08,1132.89237658891,-0.000197761574727439,5.71155798305275e-11,-142671.635525834,259.636106313354,259.636099196125,0.19091535311499,9.2995648572771e-08,2969.40446054116,-0.000169893115164196,3.13199599220238e-11,-200389.072856898,"MPA"
"775","Cephalopholis","MT_60",2024,160.691288908851,160.690954734155,1.74602713612152,6.54783534346909e-09,1839.42058168805,-1.56930140829005e-05,3.56311566782706e-12,-172571.955571878,99.0631897433061,99.0631114047842,3.31744343765383,5.32995918142969e-09,1136.20974168271,-1.62879459688876e-05,4.70473756079266e-12,-142671.635344361,259.652799840447,259.652798589309,0.0410941170077324,6.87351504818341e-09,2969.44555340015,-1.2544907880959e-05,2.31477898977855e-12,-200389.07269955,"MPA"
"776","Cephalopholis","MT_60",2025,160.843937047365,160.84381631545,0.761174447608418,5.1348850173821e-10,1840.18163540323,-1.22905854283064e-06,2.79157937566778e-13,-172571.955557414,99.3532691670238,99.3532207635555,1.98116394840032,4.40381886216216e-10,1138.1908572272,-1.34167208227122e-06,3.87588636669419e-13,-142671.635329415,259.656393111769,259.656392902826,0.00884266930526751,5.08463317966738e-10,2969.45439586001,-9.27162391818409e-07,1.71231736335237e-13,-200389.072687932,"MPA"
"777","Cephalopholis","MT_60",2026,160.910485653525,160.910442100536,0.331231141383737,4.02607875685071e-11,1840.51282299159,-9.62925135317129e-08,2.18787083464083e-14,-172571.955556281,99.5265032968874,99.5264741118509,1.17939537738999,3.63476377162686e-11,1139.37022341952,-1.10530355940931e-07,3.19345758004415e-14,-142671.635328183,259.657166320501,259.657166286755,0.00190260881040991,3.76453732774983e-11,2969.45629843503,-6.85852198573414e-08,1.26775387865701e-14,-200389.072687073,"MPA"
"778","Cephalopholis","MT_60",2027,160.93944559675,160.939429887942,0.144021665239478,3.15705249543293e-12,1840.65682894801,-7.54682318059571e-09,1.71531147372208e-15,-172571.955556192,99.6296302834402,99.6296130182068,0.700768218484608,2.99826656999635e-12,1140.07097437277,-9.10691782514321e-09,2.63151231349623e-15,-142671.635328082,259.657332686835,259.657332681502,0.000409355374212811,2.78951010685318e-12,2969.45670778507,-5.07786583962358e-09,9.39400963177373e-16,-200389.07268701,"MPA"
"779","Cephalopholis","MT_60",2028,160.952037869132,160.95203220146,0.0625987997053005,2.47619399735866e-13,1840.71942208005,-5.91678063677802e-10,1.34527742043288e-16,-172571.955556186,99.6909058521341,99.6908957923787,0.415909023144458,2.47249444250394e-13,1140.48687333616,-7.50439204421606e-10,2.16871983306193e-16,-142671.635328074,259.657368481515,259.657368480684,8.80729966724966e-05,2.06870574079404e-13,2969.45679585724,-3.76267991803798e-10,6.96661357403013e-17,-200389.072687005,"MPA"
"780","Cephalopholis","MT_60",2029,160.957511182788,160.957509137015,0.0272038450337157,1.94273577386587e-14,1840.74662387931,-4.64038826386619e-11,1.05542201092929e-17,-172571.955556185,99.7272731883221,99.7272673989901,0.246677917714985,2.03866192376455e-14,1140.73354546454,-6.18462632917962e-11,1.78753654409362e-17,-142671.635328073,259.657376182785,259.657376182656,1.89486854866802e-05,1.53537110973567e-14,2969.4568148058,-2.79040984827295e-11,5.17054537340904e-18,-200389.072687005,"MPA"
"781","Cephalopholis","MT_60",2030,160.959889782077,160.959889043321,0.0118211122676492,1.52467659765559e-15,1840.75844425282,-3.64056349684372e-12,8.2829248925678e-19,-172571.955556185,99.7488428699294,99.7488395722267,0.146247587023043,1.68090700070022e-15,1140.87978975386,-5.09758982583946e-12,1.47353168079529e-18,-142671.635328073,259.657377839698,259.657377839678,4.07672232406794e-06,1.14041033023999e-15,2969.4568188825,-2.07101206024e-12,3.84046780729015e-19,-200389.072687005,"MPA"
"782","Cephalopholis","MT_60",2031,160.960923387677,160.960923120794,0.00513649924150771,1.19695878018966e-16,1840.76358048518,-2.85710489109752e-13,6.50253044034262e-20,-172571.955556185,99.7616308682258,99.7616290059705,0.0866850249061725,1.38597887388607e-16,1140.96647291651,-4.20212921371899e-13,1.21483340683547e-19,-142671.635328073,259.657378196176,259.657378196173,8.77081772226457e-07,8.47678804623424e-17,2969.45681975958,-1.53826232465897e-13,2.85465947587826e-20,-200389.072687005,"MPA"
"783","Cephalopholis","MT_60",2032,160.961372513799,160.96137241735,0.0022318497414201,9.39978572994901e-18,1840.76581223847,-2.24297717724071e-14,5.1064600765501e-21,-172571.955556185,99.7692106796595,99.7692096357493,0.0513733848207366,1.14287617563202e-17,1141.01784525742,-3.46438884549544e-14,1.00167376187542e-20,-142671.635328073,259.65737827287,259.65737827287,1.88697861858519e-07,6.3054086962427e-18,2969.45681994828,-1.14340630928812e-14,2.12342158144371e-21,-200389.072687005,"MPA"
"784","Cephalopholis","MT_60",2033,160.961567664375,160.961567629507,0.000969740362729286,7.38401650586685e-19,1840.76678194397,-1.76141788262711e-15,4.01138290265795e-22,-172571.955556185,99.7737028168301,99.7737022353626,0.0304435860593732,9.42497583443609e-19,1141.04828826201,-2.85651291377715e-15,8.26014762942176e-22,-142671.635328073,259.657378289371,259.657378289371,4.05967444217374e-08,4.69349466893661e-19,2969.45681998887,-8.50516026173048e-16,1.58059030776489e-22,-200389.072687005,"MPA"
"785","Cephalopholis","MT_60",2034,160.961652458061,160.96165244545,0.000421347970144519,5.80231670339761e-20,1840.76720327933,-1.38368291745653e-16,3.15211941057742e-23,-172571.955556185,99.7763648359262,99.7763645138286,0.0180397975460408,7.77329042124396e-20,1141.06632773746,-2.35557912141402e-16,6.81241145343907e-23,-142671.635328073,259.65737829292,259.65737829292,8.73383225966121e-09,3.49598979633815e-20,2969.45681999761,-6.33090197121299e-17,1.177316259595e-23,-200389.072687005,"MPA"
"786","Cephalopholis","MT_60",2035,160.96168930077,160.961689296208,0.00018307224401638,4.56081177904142e-21,1840.76738634701,-1.08728931828383e-17,2.47766896922251e-24,-172571.955556185,99.7779422567087,99.7779420791472,0.0106894275901836,6.41174105731118e-21,1141.07701698749,-1.94272242525423e-17,5.61907831678667e-24,-142671.635328073,259.657378293684,259.657378293684,1.87877962942953e-09,2.60570026297844e-21,2969.45681999948,-4.71562668200274e-18,8.77500641002936e-25,-200389.072687005,"MPA"
"787","Cephalopholis","MT_60",2036,160.961705308706,160.961705307055,7.95428389694803e-05,3.58601903846242e-22,1840.7674658882,-8.54644971659357e-19,1.94811091563424e-25,-172571.955556185,99.7788769537953,99.7788768563272,0.0063338729774812,5.28926114298139e-22,1141.083350763,-1.6024148672141e-18,4.63532352812068e-25,-142671.635328073,259.657378293848,259.657378293848,4.0442536300788e-10,1.94334161641171e-22,2969.45681999989,-3.51474415006503e-19,6.54443467008234e-26,-200389.072687005,"MPA"
"788","Cephalopholis","MT_60",2037,160.961712264004,160.961712263406,3.4560278701689e-05,2.82039849700922e-23,1840.76750044788,-6.71979678851631e-20,1.53218619368354e-26,-172571.955556185,99.7794307963474,99.7794307430453,0.00375300746998958,4.36377883029994e-23,1141.08710371717,-1.3218736049898e-19,3.82424196087714e-26,-142671.635328073,259.657378293884,259.657378293884,8.719855875475e-11,1.45022160170204e-23,2969.45681999998,-2.62131016176405e-20,4.88379420752816e-27,-200389.072687005,"MPA"
"789","Cephalopholis","MT_60",2038,160.961715285996,160.961715285779,1.50159009913649e-05,2.21887836868989e-24,1840.76751546356,-5.28510968291396e-21,1.20540935677743e-27,-172571.955556185,99.7797589648641,99.7797589358119,0.00222375283040511,3.60063751290099e-24,1141.08932744095,-1.0905742536933e-20,3.15544492739275e-27,-142671.635328073,259.657378293891,259.657378293891,1.86299591404812e-11,1.0828554111936e-24,2969.45681999999,-1.95615664752245e-21,3.64664474627253e-28,-200389.072687005,"MPA"
"790","Cephalopholis","MT_60",2039,160.961716599008,160.96171659893,6.52414967491129e-06,1.74614112457272e-25,1840.76752198763,-4.15792851391825e-22,9.48594056503371e-29,-172571.955556185,99.7799534133176,99.7799533975295,0.00131762460063984,2.97128974792009e-25,1141.09064504976,-8.99850748981098e-22,2.60390635208724e-28,-142671.635328073,259.657378293893,259.657378293893,3.88124148760028e-12,8.0899913259006e-26,2969.45682,-1.46062836771009e-22,2.72440106601739e-29,-200389.072687005,"MPA"
"791","Cephalopholis","MT_60",2040,160.961717169491,160.961717169462,2.83462149720898e-06,1.3745029905963e-26,1840.76752482223,-3.27207205874436e-23,7.46701022360646e-30,-172571.955556185,99.7800686286147,99.7800686200574,0.000780720576012818,2.4522195694541e-26,1141.09142576178,-7.42566304756303e-23,2.14901382299158e-29,-142671.635328073,259.657378293893,259.657378293893,1.03499773002674e-12,6.04725080161811e-27,2969.45682,-1.09123256004362e-23,2.03648383128134e-30,-200389.072687005,"MPA"
"792","Cephalopholis","MT_60",2041,160.961717417355,160.961717417345,1.23158710342349e-06,1.08225655262262e-27,1840.7675260538,-2.57566398898389e-24,5.87937660801126e-31,-172571.955556185,99.7801368961964,99.7801368915691,0.000462592622019891,2.02405432203362e-27,1141.09188834977,-6.12842797315551e-24,1.77378803867661e-30,-142671.635328073,259.657378293894,259.657378293894,0,4.5226332045025e-28,2969.45682,-8.15693949182444e-25,1.5230506717732e-31,-200389.072687005,"MPA"
"793","Cephalopholis","MT_60",2042,160.961717525048,160.961717525044,5.35099091447029e-07,8.52374863345108e-29,1840.7675265889,-2.02802703537867e-25,4.63054052877835e-32,-172571.955556185,99.7801773461484,99.7801773436514,0.000274095033747042,1.67083316580959e-28,1141.09216244231,-5.05838171711971e-25,1.46424068287273e-31,-142671.635328073,259.657378293894,259.657378293894,0,3.38407210715345e-29,2969.45682,-6.10043251107954e-26,1.13962664294726e-32,-200389.072687005,"MPA"
"794","Cephalopholis","MT_60",2043,160.961717571838,160.961717571837,2.32489075088355e-07,6.71497833719666e-30,1840.76752682138,-1.59725460824903e-26,3.64792307567492e-33,-172571.955556185,99.7802013135451,99.7802013122002,0.000162406412161157,1.37940481879938e-29,1141.09232484738,-4.17563324205074e-26,1.20884610744371e-32,-142671.635328073,259.657378293894,259.657378293894,0,2.5333452257484e-30,2969.45682,-4.5646645590812e-27,8.5313421925711e-34,-200389.072687005,"MPA"
"795","Cephalopholis","MT_60",2044,160.961717592167,160.961717592167,1.01011362886326e-07,5.29139130612067e-31,1840.7675269224,-1.25831140164894e-27,2.87455706873414e-34,-172571.955556185,99.7802155146858,99.7802155139626,9.62287436441127e-05,1.13893177547109e-30,1141.0924210754,-3.44731439945782e-27,9.9810659547197e-34,-142671.635328073,259.657378293894,259.657378293894,0,1.89735074788115e-31,2969.45682,-3.41714679880694e-28,6.38955493510476e-35,-200389.072687005,"MPA"
"796","Cephalopholis","MT_60",2045,160.961717601,160.961717601,4.38872222869507e-08,4.17065386337659e-32,1840.76752696628,-9.91547206244031e-29,2.2657146013161e-35,-172571.955556185,99.7802239291255,99.7802239287372,5.70172363279149e-05,9.4048219084979e-32,1141.09247809224,-2.8463401730003e-28,8.24194581858765e-35,-142671.635328073,259.657378293894,259.657378293894,0,1.42164637419975e-32,2969.45682,-2.55927457830808e-29,4.78756372082807e-36,-200389.072687005,"MPA"
"797","Cephalopholis","MT_60",2046,160.961717604838,160.961717604838,1.90679191953844e-08,3.28810109240286e-33,1840.76752698535,-7.81533616958442e-30,1.78626635044018e-36,-172571.955556185,99.7802289148337,99.7802289146255,3.37837037036056e-05,7.76693917873248e-33,1141.09251187574,-2.35038838465433e-29,6.80658169942595e-36,-142671.635328073,259.657378293894,259.657378293894,0,1.06566025469611e-33,2969.45682,-1.91761245457457e-30,3.58873800594988e-37,-200389.072687005,"MPA"
"798","Cephalopholis","MT_60",2047,160.961717606505,160.961717606505,8.28457920804288e-09,2.59292932812016e-34,1840.76752699364,-6.16153155785705e-31,1.40861314104483e-37,-172571.955556185,99.7802318689544,99.7802318688429,2.00174217388316e-05,6.41497921727034e-34,1141.09253189305,-1.9410599047097e-30,5.62178714741238e-37,-142671.635328073,259.657378293894,259.657378293894,0,7.99138360027595e-35,2969.45682,-1.43743438159906e-31,2.69119373834705e-38,-200389.072687005,"MPA"
"799","Cephalopholis","MT_60",2048,160.961717607229,160.961717607229,3.59943029903525e-09,2.04521271620723e-35,1840.76752699723,-4.858857873699e-32,1.11106518678515e-38,-172571.955556185,99.7802336193224,99.7802336192628,1.18606592174254e-05,5.29890555479674e-35,1141.09254375365,-1.60318734225451e-31,4.643712413056e-38,-142671.635328073,259.657378293894,259.657378293894,0,5.99507033034552e-36,2969.45682,-1.07793168535307e-32,2.01891143523869e-39,-200389.072687005,"MPA"
"800","Cephalopholis","MT_60",2049,160.961717607544,160.961717607544,1.56382596624104e-09,1.61356467896258e-36,1840.7675269988,-3.83249855741057e-33,8.76571677464738e-40,-172571.955556185,99.7802346564455,99.7802346564136,7.02763742818545e-06,4.37746044967523e-36,1141.09255078125,-1.32426589026272e-32,3.83620108083057e-39,-142671.635328073,259.657378293894,259.657378293894,0,4.49913500926196e-37,2969.45682,-8.08655495498474e-34,1.51513737426967e-40,-200389.072687005,"MPA"
"801","Cephalopholis","MT_60",2050,160.961717607681,160.961717607681,6.79345810431906e-10,1.27330425955012e-37,1840.76752699948,-3.02363869312754e-34,6.91724642506119e-41,-172571.955556185,99.7802352709585,99.7802352709414,4.16399034379773e-06,3.6166206531742e-37,1141.09255494523,-1.09398468028108e-33,3.16943673911302e-40,-142671.635328073,259.657378293894,259.657378293894,0,3.3776902452737e-38,2969.45682,-6.06873656146011e-35,1.13747747484461e-41,-200389.072687005,"MPA"
"802","Cephalopholis","MT_60",2051,160.96171760774,160.96171760774,2.95292369114352e-10,1.00501786126468e-38,1840.76752699977,-2.38602894417091e-35,5.45977613426775e-42,-172571.955556185,99.7802356350676,99.7802356350585,2.46723174069413e-06,2.98832554017688e-38,1141.09255741245,-9.03840847923289e-35,2.61882835640827e-41,-142671.635328073,259.657378293894,259.657378293894,0,2.53664993675052e-39,2969.45682,-4.55605627361297e-36,8.5424712010142e-43,-200389.072687005,"MPA"
"803","Cephalopholis","MT_60",2052,160.961717607766,160.961717607766,1.28171912856309e-10,7.93430748837205e-40,1840.7675269999,-1.88329041421149e-36,4.31032565057468e-43,-172571.955556185,99.7802358508083,99.7802358508034,1.46187434774207e-06,2.46942943871212e-39,1141.09255887432,-7.46821671184697e-36,2.16409214368363e-42,-142671.635328073,259.657378293894,259.657378293894,0,1.9056595186959e-40,2969.45682,-3.42160441575827e-37,6.41753571178683e-44,-200389.072687005,"MPA"
"804","Cephalopholis","MT_60",2053,160.961717607777,160.961717607777,5.57068187527007e-11,6.2652130902003e-41,1840.76752699996,-1.48679996765946e-37,3.40358736141516e-44,-172571.955556185,99.7802359786381,99.7802359786355,8.66183766044164e-07,2.04083853132341e-40,1141.0925597405,-6.17142741481103e-37,1.78849517109873e-43,-142671.635328073,259.657378293894,259.657378293894,0,1.432084051776e-41,2969.45682,-2.57048200842975e-38,4.82271384493813e-45,-200389.072687005,"MPA"
"805","Cephalopholis","MT_60",2054,160.961717607782,160.961717607782,2.4155031367873e-11,4.94825625787462e-42,1840.76752699998,-1.17403045363951e-38,2.68814838663477e-45,-172571.955556185,99.7802360543793,99.780236054378,5.13227535046618e-07,1.68679972379729e-41,1141.09256025373,-5.10032262830695e-38,1.47823216390166e-44,-142671.635328073,259.657378293894,259.657378293894,0,1.07652657262898e-42,2969.45682,-1.93169149763358e-39,3.62533162758359e-46,-200389.072687005,"MPA"
"806","Cephalopholis","MT_60",2055,160.961717607784,160.961717607784,1.06328367743749e-11,3.90891305781851e-43,1840.76752699999,-9.2724755814669e-40,2.12352347620404e-46,-172571.955556185,99.7802360992572,99.7802360992565,3.0409534230028e-07,1.3943146518245e-42,1141.09256055782,-4.21553330267313e-39,1.22191196436726e-45,-142671.635328073,259.657378293894,259.657378293894,0,8.09485169188474e-44,2969.45682,-1.45209160366329e-40,2.72603785223075e-47,-200389.072687005,"MPA"
"807","Cephalopholis","MT_60",2056,160.961717607785,160.961717607785,4.6229725105978e-12,3.08848389092609e-44,1840.767527,-7.32486334373211e-41,1.67782397593659e-47,-172571.955556185,99.7802361258481,99.7802361258477,1.80181219013194e-07,1.15265674570332e-43,1141.092560738,-3.48457482154122e-40,1.01013430947254e-46,-142671.635328073,259.657378293894,259.657378293894,0,6.08857989402806e-45,2969.45682,-1.09188815896851e-41,2.05040189607070e-48,-200389.072687005,"MPA"
"808","Cephalopholis","MT_60",2057,160.961717607786,160.961717607786,1.96476331700407e-12,2.44072142437065e-45,1840.767527,-5.78747137777906e-42,1.32592594587347e-48,-172571.955556185,99.7802361416036,99.7802361416034,1.06760168633328e-07,9.52973179701617e-45,1141.09256084476,-2.88064008194345e-41,8.35140997751559e-48,-142671.635328073,259.657378293894,259.657378293894,0,4.58080056577569e-46,2969.45682,-8.2126869574248e-43,1.54263922442748e-49,-200389.072687005,"MPA"
"809","Cephalopholis","MT_60",2058,160.961717607786,160.961717607786,9.24594502119563e-13,1.92917980098506e-46,1840.767527,-4.57363738440664e-43,1.04803011389991e-49,-172571.955556185,99.780236150939,99.7802361509389,6.32570828996818e-08,7.87956746163801e-46,1141.09256090802,-2.38160471299452e-42,6.90528335037491e-49,-142671.635328073,259.657378293894,259.657378293894,0,3.44731144785025e-47,2969.45682,-6.17889256869408e-44,1.1609232451645e-50,-200389.072687005,"MPA"
"810","Cephalopholis","MT_60",2059,160.961717607786,160.961717607786,3.46722938294836e-13,1.52513023211376e-47,1840.767527,-3.61506592719921e-44,8.28529518118644e-51,-172571.955556185,99.7802361564703,99.7802361564703,3.74807591966733e-08,6.5157533814564e-47,1141.0925609455,-1.96920704600677e-43,5.71010065675261e-50,-142671.635328073,259.657378293894,259.657378293894,0,2.59495075841421e-48,2969.45682,-4.64996604441543e-45,8.73880617133946e-52,-200389.072687005,"MPA"
"811","Cephalopholis","MT_60",2060,160.961717607786,160.961717607786,2.31148625529891e-13,1.20592148242077e-48,1840.767527,-2.85792248801311e-45,6.55118837513459e-52,-172571.955556185,99.7802361597477,99.7802361597477,2.22079126600475e-08,5.38848899578838e-48,1141.09256096771,-1.62837205602495e-44,4.72221902079838e-51,-142671.635328073,259.657378293894,259.657378293894,0,1.95381336093636e-49,2969.45682,-3.50024449374331e-46,6.5796995187031e-53,-200389.072687005,"MPA"
"812","Cephalopholis","MT_60",2061,160.961717607786,160.961717607786,0,9.5368992307405e-50,1840.767527,-2.25976119994147e-46,5.18093626210547e-53,-172571.955556185,99.7802361616897,99.7802361616896,1.31584920592659e-08,4.45665491951973e-49,1141.09256098087,-1.3466539310133e-45,3.90560334188863e-52,-142671.635328073,259.657378293894,259.657378293894,0,1.47142611547476e-50,2969.45682,-2.63543515661888e-47,4.95520293665952e-54,-200389.072687005,"MPA"
"813","Cephalopholis","MT_60",2062,160.961717607786,160.961717607786,0,7.54344337058837e-51,1840.767527,-1.78710763209205e-47,4.09798807287867e-54,-172571.955556185,99.7802361628403,99.7802361628403,7.79663510926134e-09,3.6862959965865e-50,1141.09256098866,-1.11377639837716e-46,3.23049691378043e-53,-142671.635328073,259.657378293894,259.657378293894,0,1.10838726496511e-51,2969.45682,-1.98475872497406e-48,3.73262630895945e-55,-200389.072687005,"MPA"
"814","Cephalopholis","MT_60",2063,160.961717607786,160.961717607786,0,5.96766737084405e-52,1840.767527,-1.41355642894697e-48,3.24194515782766e-55,-172571.955556185,99.780236163522,99.780236163522,4.61963894989925e-09,3.04937008739411e-51,1141.09256099328,-9.21253620153601e-48,2.67232492055867e-54,-142671.635328073,259.657378293894,259.657378293894,0,8.35100411476298e-53,2969.45682,-1.49506745303336e-49,2.81230023569192e-56,-200389.072687005,"MPA"
"815","Cephalopholis","MT_60",2064,160.961717607786,160.961717607786,0,4.72183064123965e-53,1840.767527,-1.11827373302276e-49,2.5651422963415e-56,-172571.955556185,99.780236163926,99.780236163926,2.73720628510526e-09,2.52271591954856e-52,1141.09256099602,-7.62077498600785e-49,2.21078990941158e-55,-142671.635328073,259.657378293894,259.657378293894,0,6.29327271372282e-54,2969.45682,-1.12643972434336e-50,2.11933464441582e-57,-200389.072687005,"MPA"
"816","Cephalopholis","MT_60",2065,160.961717607786,160.961717607786,0,3.73667524942508e-54,1840.767527,-8.84817944726282e-51,2.02995500225655e-57,-172571.955556185,99.7802361641653,99.7802361641653,1.62183976499553e-09,2.08720154975339e-53,1141.09256099764,-6.30459728581214e-50,1.82912554256908e-56,-142671.635328073,259.657378293894,259.657378293894,0,4.74353188233886e-55,2969.45682,-8.48879042980176e-52,1.59744093613015e-58,-200389.072687005,"MPA"
"817","Dasyatis","MT",2015,141.04107734036,141.04107734036,114.162947516977,8.85474553617289,641.906975180804,-73368.2079066721,0.0165016134557441,-277701.284013835,10.5367577494727,10.5367577494727,6.23945170004251,0.345654233486499,45.981489566556,-37207.6784020741,0.00862245281230593,-195869.998780985,225.804036858038,225.804036858038,355.117381757802,238.180021298093,976.02161765971,-1322391.97772935,0.27724873235879,-1585542.08037388,"MPA"
"818","Dasyatis","MT",2016,168.720570850146,168.614468832619,127.813546209193,0.988967921664596,768.625451450805,-6846.63160287363,0.00154168898151566,-211179.707710036,12.0858994654548,12.085895703534,7.10403046407709,0.0296109937630372,53.0559052749493,-2778.29423403576,0.000643978458805855,-161440.614612947,256.540169932327,256.526000304492,393.593787041318,30.4182795784144,1339.18295549478,-148155.049574023,0.031260932469794,-411305.152218556,"MPA"
"819","Dasyatis","MT",2017,202.027598940179,201.9221078274,140.432662227017,0.1107705162275,908.841852048815,-639.635169028826,0.000144194107902468,-204972.711276192,13.9453580831387,13.9453017283916,8.12393640629227,0.00255232569551728,61.177233000799,-207.49927339926,4.81065555385149e-05,-158869.819652311,351.994481225606,351.779248823312,498.145951080535,4.72931513609217,1832.38435903693,-16704.4576797338,0.00354618023194751,-279854.560324266,"MPA"
"820","Dasyatis","MT",2018,238.882458080455,238.790330435279,149.549264515602,0.0122655049181218,1058.28672341432,-59.8227664164501,1.3501106254482e-05,-204392.898873579,16.0799898957631,16.0798698124084,9.2707473231717,0.000219895727936258,70.447640344888,-15.5005464681108,3.59442089280503e-06,-158677.82092538,481.628876188032,481.109810704031,603.779256736679,0.738309538224343,2434.90624075138,-1894.82401762807,0.000404561301086555,-265044.926662161,"MPA"
"821","Dasyatis","MT",2019,278.162953514101,278.086044233595,153.66026540614,0.00133886457935345,1211.86874067538,-5.60106550825576,1.26547137805707e-06,-204338.677172671,18.5166489126986,18.5164659129206,10.5484301414575,1.8923838633886e-05,80.9958685627289,-1.15816072064782,2.68623902934275e-07,-158663.478539632,639.997362219724,639.149592839141,675.975948325934,0.112593263091241,3109.92182643364,-216.154866341549,4.63980792485397e-05,-263366.257510874,"MPA"
"822","Dasyatis","MT",2020,318.53086759901,318.469250493944,151.85844687255,0.000143867336639482,1363.66542657553,-0.524971168823282,1.18736944238267e-07,-204333.601078331,21.2891738348191,21.2889339780941,11.9615271063934,1.62634205902406e-06,92.9571541860553,-0.0865528392267527,2.00793995984129e-08,-158662.406931751,817.420290077733,816.333463597831,682.591819531171,0.0165884313846696,3791.41023105352,-24.7884816289142,5.34724861411951e-06,-263174.891126162,"MPA"
"823","Dasyatis","MT",2021,358.429520345413,358.38235221641,144.07478169679,1.52060340615026e-05,1507.69302493728,-0.0492550805990722,1.11521574715221e-08,-204333.125362243,24.4331105990221,24.4328228442185,13.5115062359633,1.39549319623043e-07,106.468372527666,-0.00646969362732549,1.50122709713099e-09,-158662.326848605,996.544551226065,995.418491740252,609.650850675259,0.00234323908175223,4399.93267900389,-2.85659842893367,6.1901065501182e-07,-263152.959242962,"MPA"
"824","Dasyatis","MT",2022,396.286125045691,396.251756221215,131.172131924671,1.58067133406143e-06,1638.8307864568,-0.00462601481106723,1.04847932990836e-09,-204333.080733177,27.9844358838663,27.9841107172961,15.1953252844785,1.19522658709858e-08,121.663372633622,-0.000483699056206589,1.1226151771163e-10,-158662.32086261,1156.49024236674,1155.54796844001,476.904088728015,0.000316305625876363,4875.89417749955,-0.330665687258239,7.19498946199467e-08,-263150.43331022,"MPA"
"825","Dasyatis","MT",2023,430.75473006023,430.730933173153,114.751460132948,1.61693517548405e-07,1753.55844954098,-0.000434903080381499,9.86681343236825e-11,-204333.076542066,31.9783309357511,31.9779794124419,17.0040620636173,1.02155618241282e-09,138.667083172908,-3.61705481477699e-05,8.39660033573279e-12,-158662.320415082,1281.59325391489,1280.95798659156,328.612504334882,4.09116656132094e-05,5203.87137359944,-0.038432568309647,8.39384570547251e-09,-263150.141077101,"MPA"
"826","Dasyatis","MT",2024,460.910060281425,460.894390604296,96.7328903648819,1.62969999586004e-08,1850.27567021244,-4.09256846798273e-05,9.29389697898956e-12,-204333.076148088,36.4476323449638,36.4472653990407,18.9215070276309,8.71035381627923e-11,157.588223254529,-2.70534367344977e-06,6.28149917830983e-13,-158662.320381617,1367.79966993991,1367.45082955077,203.714440020641,5.11207245608898e-06,5407.23696811887,-0.00448348000428176,9.82505750979515e-10,-263150.107128013,"MPA"
"827","Dasyatis","MT",2025,486.33147695653,486.321633597592,78.8947486097524,1.62121669719569e-09,1929.16057546163,-3.85483194512703e-06,8.76214268247013e-13,-204333.076111017,41.4209161370701,41.4205440862286,20.9228357522975,7.40683367053156e-12,178.510686955978,-2.02384133086485e-07,4.70012663919361e-14,-158662.320379114,1421.25283453426,1421.09220171431,116.962347989914,6.23680894431113e-07,5524.03868266516,-0.000524783375619909,1.15347612382435e-10,-263150.103169316,"MPA"
"828","Dasyatis","MT",2026,507.065799466976,507.059871118148,62.551728561928,1.59502395630452e-10,1991.70637567457,-3.63419798995869e-07,8.26802595880108e-14,-204333.076107526,46.9202332590028,46.9198654517825,22.9735509459569,6.27921033927224e-13,201.483870094713,-1.51431523155021e-08,3.51755902818443e-15,-158662.320378927,1451.95331406866,1451.88865278839,63.9157388178669,7.50067105857982e-08,5587.88976012775,-6.16095798107846e-05,1.35784405498725e-11,-263150.102706142,"MPA"
"829","Dasyatis","MT",2027,523.505507281701,523.502062960126,48.4482787704054,1.55519061924978e-11,2040.15121012339,-3.42919905335164e-08,7.80836037826036e-15,-204333.076107197,52.9585670414341,52.9582116116475,25.0289387619531,5.30515122377679e-14,226.51245342688,-1.13329004274961e-09,2.63304297446032e-16,-158662.320378913,1468.7361044969,1468.71234865843,33.9236355794418,8.95335396176088e-09,5621.78963985978,-7.25248134952956e-06,1.60228492677712e-12,-263150.102651785,"MPA"
"830","Dasyatis","MT",2028,536.238878999064,536.236935760035,36.8281750654378,1.50568262083286e-12,2076.97744194979,-3.23850805604762e-09,7.38026313899612e-16,-204333.076107166,59.5371477870073,59.5368114918535,27.0343188782947,4.46529401238766e-15,253.546436010021,-8.48300930050081e-11,1.97132549602081e-17,-158662.320378911,1477.64644085604,1477.63818196464,17.7147792222642,1.06523425122789e-09,5639.49616018958,-8.558052122159e-07,1.89483336272504e-13,-263150.102645388,"MPA"
"831","Dasyatis","MT",2029,545.918385681884,545.917314118414,27.5883004731786,1.44996248292866e-13,2104.5646708595,-3.06092453722909e-10,6.98112413714658e-17,-204333.076107163,66.6428331123548,66.6425212401898,28.9263623569965,3.74281964728241e-16,282.472486494852,-6.35099887348446e-12,1.4761880020207e-18,-158662.320378911,1482.30047069731,1482.29768084279,9.16989635840422,1.26615889896176e-10,5648.66326669333,-1.01205798521851e-07,2.24516382356129e-14,-263150.102644634,"MPA"
"832","Dasyatis","MT",2030,553.169487772664,553.168906790286,20.4364254825653,1.3908174576638e-14,2125.00051535969,-2.89536202060533e-11,6.60857827681846e-18,-204333.076107163,74.2458346981629,74.2455510387206,30.6356837904649,3.12307899622652e-17,313.107886625875,-4.75572231191536e-13,1.10562291476444e-19,-158662.320378911,1484.70997784112,1484.70904581079,4.72477905275859,1.50532896545885e-11,5653.38711371574,-1.19917341265243e-08,2.66492975557526e-15,-263150.102644545,"MPA"
"833","Dasyatis","MT",2031,558.540900583539,558.540589254871,15.0114328073964,1.33035220592994e-15,2140.01163683842,-2.74083652814661e-12,6.26048069176308e-19,-204333.076107163,82.2981263824414,82.2978732564133,32.0907689593914,2.59326760939247e-18,345.198402459238,-3.56182389553667e-14,8.28234830693112e-21,-158662.320378911,1485.95160660829,1485.951295234,2.42854033978799,1.79109114674566e-12,5655.81534268125,-1.42337556481875e-09,3.16817360346477e-16,-263150.102644534,"MPA"
"834","Dasyatis","MT",2032,562.486464478181,562.4862988681,10.9576082365076,1.27007208685171e-16,2150.96907946485,-2.5964561944696e-13,5.93488457628961e-20,-204333.076107163,90.7328846256521,90.7326629718342,33.223077054493,2.14214450042591e-19,378.421257859913,-2.66814268422744e-15,6.2055475291787e-22,-158662.320378911,1486.58984889736,1486.58974419564,1.24669440388435,2.13327319984874e-13,5657.0619323834,-1.69216458103859e-10,3.77182259578381e-17,-263150.102644533,"MPA"
"835","Dasyatis","MT",2033,565.366548425653,565.366460661186,7.9616514389964,1.21100013071936e-17,2158.93064313938,-2.46141192466259e-14,5.63002134884798e-21,-204333.076107163,99.4652700727722,99.4650795895918,33.9728849165689,1.75979208160858e-20,412.393952293302,-1.99905833156836e-16,4.65035301924253e-23,-158662.320378911,1486.91750591668,1486.91747036138,0.639570821866466,2.54357817061313e-14,5657.70146764997,-2.01458144867955e-11,4.49628836367173e-18,-263150.102644533,"MPA"
"836","Dasyatis","MT",2034,567.459187421588,567.459140953926,5.76531540017981,1.15379358780854e-18,2164.69591207189,-2.33496902148786e-15,5.34428289793253e-22,-204333.076107163,108.394745245564,108.394584580193,34.2951775767124,1.43741507043001e-21,446.688969204644,-1.49803117996671e-17,3.48553918810838e-24,-158662.320378911,1487.0856031012,1487.08559089152,0.327995605518818,3.03603139101852e-15,5658.02945104581,-2.40152824994443e-12,5.36619227681045e-19,-263150.102644533,"MPA"
"837","Dasyatis","MT",2035,568.974546348986,568.974521714668,4.16461750715477,1.09884415920227e-19,2168.86050494473,-2.21645969688366e-16,5.07620568556529e-23,-204333.076107163,117.408940532922,117.408807506371,34.1647143406143,1.1671762722309e-22,480.853550518707,-1.12277923208619e-18,2.61295101299308e-25,-158662.320378911,1487.17181114678,1487.1718069068,0.168178027670555,3.62750017980473e-16,5658.1976248335,-2.8661555624501e-13,6.41124301577789e-20,-263150.102644533,"MPA"
"838","Dasyatis","MT",2036,570.069179238223,570.069166140193,3.00298418478239,1.04635731313404e-20,2171.86347603148,-2.10527637979938e-17,4.82445650770297e-24,-204333.076107163,126.388851774019,126.388743625957,33.5793908766582,9.42066628006365e-24,514.432833247302,-8.41676456601e-20,1.95915512410389e-26,-158662.320378911,1487.21601440139,1487.2160129135,0.086224230911602,4.33830902720861e-17,5658.28384757652,-3.42433117558265e-14,7.66729851969103e-21,-263150.102644533,"MPA"
"839","Dasyatis","MT",2037,570.858488305725,570.858481312744,2.16257575455689,9.96411809231011e-22,2174.02604479306,-2.00086573559011e-18,4.58781973293789e-25,-204333.076107163,135.214921546998,135.21483518107,32.561218761989,7.55805931160546e-25,546.993965643364,-6.31062575845634e-21,1.46920243212461e-27,-158662.320378911,1487.23867742109,1487.23867689404,0.0442046095481127,5.19297558938318e-18,5658.32805165901,-4.09520728684612e-15,9.17765126193726e-22,-263150.102644533,"MPA"
"840","Dasyatis","MT",2038,571.426903746067,571.426899994133,1.55591490564134,9.4900277425115e-23,2175.58195594677,-1.90272331872708e-19,4.36518586065645e-26,-204333.076107163,143.773377924331,143.773310134562,31.1546352537375,6.02769433362198e-26,578.148533107333,-4.73233240367654e-22,1.10196728348347e-28,-158662.320378911,1487.25029614206,1487.25029595383,0.0226617826716092,6.22109634556842e-19,5658.35071325346,-4.901906982385e-16,1.0994584069322e-22,-263150.102644533,"MPA"
"841","Dasyatis","MT",2039,571.835863654894,571.835861630989,1.11868923024459,9.04072057294578e-24,2176.7006431531,-1.81038878837312e-20,4.15554125743438e-27,-204333.076107163,151.962128958902,151.962076620743,29.4223487298386,4.77934534204235e-27,607.570829499013,-3.54938196700182e-23,8.26663942005598e-30,-158662.320378911,1487.25625257702,1487.25625250933,0.0116175408850167,7.45841563871351e-20,5658.36233072665,-5.87235521937979e-17,1.31812537198275e-23,-263150.102644533,"MPA"
"842","Dasyatis","MT",2040,572.129902435207,572.129901337314,0.803940146873764,8.61529178173011e-25,2177.50458220209,-1.72344162420712e-21,3.95795894605609e-28,-204333.076107163,159.695565165181,159.695525380415,27.4393857031088,3.76841224116564e-28,635.010175417356,-2.66258816934358e-24,6.2024246673651e-31,-158662.320378911,1487.2593061452,1487.25930612071,0.00595567271891724,8.94811818000361e-21,5658.36828637488,-7.04028488001008e-18,1.58139717059357e-24,-263150.102644533,"MPA"
"843","Dasyatis","MT",2041,572.341211955928,572.341211357008,0.5775471131489,8.21265523667099e-26,2178.08212871631,-1.64149728716607e-22,3.77159033535709e-29,-204333.076107163,166.907797289304,166.907767480904,25.2863043055897,2.95560141257039e-29,660.296449914546,-1.9976899089047e-25,4.65441587754218e-32,-158662.320378911,1487.26087154393,1487.26087153503,0.00305313106581723,1.07423931165262e-21,5658.37133949704,-8.44645495725225e-19,1.89849662885918e-25,-263150.102644533,"MPA"
"844","Dasyatis","MT",2042,572.493015848612,572.493015520098,0.414803966847571,7.83163797590445e-27,2178.49693235465,-1.56420377629349e-23,3.5956577913129e-30,-204333.076107163,173.554110279808,173.554088239527,23.0426019680283,2.30663027180514e-30,683.339029842294,-1.49907719840579e-26,3.49332528959728e-33,-158662.320378911,1487.26167403485,1487.2616740316,0.00156516065276425,1.29043276802198e-22,5658.37290465444,-1.01401258047013e-19,2.28057278428228e-26,-263150.102644533,"MPA"
"845","Dasyatis","MT",2043,572.602043962273,572.602043781138,0.297865793180388,7.47104186175233e-28,2178.79479796669,-1.49123853861472e-24,3.42944796062866e-31,-204333.076107163,179.610684502536,179.610668398989,20.7811775358505,1.79191836720987e-31,704.120191274597,-1.12509906850623e-27,2.62229771251067e-34,-158662.320378911,1487.26208542506,1487.26208542387,0.000802364510472271,1.55102005862891e-23,5658.37370701776,-1.21808459304449e-20,2.74110611789668e-27,-263150.102644533,"MPA"
"846","Dasyatis","MT",2044,572.680335767853,572.680335667488,0.213866377612079,7.12968278393826e-29,2179.00866424394,-1.42230569396367e-25,3.27230576769176e-32,-204333.076107163,185.072861352694,185.072849710401,18.5643865151905,1.38624456880237e-32,722.684566147494,-8.44553861262584e-29,1.96876128494906e-35,-158662.320378911,1487.26229632042,1487.26229631998,0.000411324031251951,1.86522601598496e-24,5658.37411834136,-1.46406163961991e-21,3.29639948254323e-28,-263150.102644533,"MPA"
"847","Dasyatis","MT",2045,572.736548960384,572.736548904522,0.15354097259817,6.80641468597718e-30,2179.16220516068,-1.3571335410483e-26,3.12362901428277e-33,-204333.076107163,189.952372009435,189.952363669679,16.4418613616118,1.06836578782204e-33,739.12641916935,-6.34063444185636e-30,1.47832932882362e-36,-158662.320378911,1487.26240443382,1487.26240443366,0.00021086096695279,2.2442090179784e-25,5658.37432920216,-1.76065129311717e-22,3.96617291653428e-29,-263150.102644533,"MPA"
"848","Dasyatis","MT",2046,572.776906071495,572.776906040274,0.110224277667937,6.50014344380208e-31,2179.27242940712,-1.29547231485378e-27,2.98286351902637e-34,-204333.076107163,194.273993264447,194.27398733747,14.4499545001589,8.20604876308772e-35,753.576367742532,-4.7610835069265e-31,1.11023615972311e-37,-158662.320378911,1487.26245985705,1487.26245985699,0.000108095629466982,2.70146883040916e-26,5658.37443729773,-2.11838629117862e-23,4.77428440261935e-30,-263150.102644533,"MPA"
"849","Dasyatis","MT",2047,572.80587771147,572.805877693954,0.0791242411874125,6.20983404239292e-32,2179.3515536308,-1.23709216881989e-28,2.8494987403149e-35,-204333.076107163,198.072056950133,198.072052765921,12.6124578403909,6.28422654793662e-36,766.18882139871,-3.57557207079673e-32,8.33920332562674e-39,-158662.320378911,1487.26248826918,1487.26248826916,5.54140592876761e-05,3.25334084957959e-27,5658.37449271177,-2.55000950322147e-24,5.74960332800684e-31,-263150.102644533,"MPA"
"850","Dasyatis","MT",2048,572.826674937084,572.826674927225,0.0567972109128986,5.9345133938807e-33,2179.40835083185,-1.18178135816349e-29,2.72306383244885e-36,-204333.076107163,201.387148486709,201.387145549139,10.9421704430277,4.79991526844962e-37,777.130988904167,-2.68565893123338e-33,6.26466366551956e-40,-158662.320378911,1487.26250283436,1487.26250283435,2.84074153777097e-05,3.91959510952683e-28,5658.37452111918,-3.07094045717975e-25,6.92706909833458e-32,-263150.102644533,"MPA"
"851","Dasyatis","MT",2049,572.841603667499,572.841603661933,0.0407693515773642,5.67327038020279e-34,2179.44912017786,-1.1293446033022e-30,2.60312409009469e-37,-204333.076107163,204.263217479944,204.26321542688,9.44290288379149,3.65786920638074e-38,786.573889734895,-2.0175332209153e-34,4.7068888765014e-41,-158662.320378911,1487.26251030104,1487.26251030104,1.45627508277256e-05,4.72416232906687e-29,5658.37453568192,-3.69984075946093e-26,8.34897427067531e-33,-263150.102644533,"MPA"
"852","Dasyatis","MT",2050,572.852319593012,572.852319589861,0.0292639501363755,5.42525418236029e-35,2179.47838412485,-1.07960161462086e-31,2.48927774093577e-38,-204333.076107163,206.745215152883,206.745213723166,8.1115845109784,2.78209296356094e-39,794.685472816157,-1.51584215422798e-35,3.53697599204742e-42,-158662.320378911,1487.26251412875,1487.26251412875,7.46543450768296e-06,5.69601401895644e-30,5658.37454314736,-4.45929943353885e-27,1.00665199573432e-33,-263150.102644533,"MPA"
"853","Dasyatis","MT",2051,572.860011408231,572.860011406442,0.0210051893122455,5.18967160318409e-36,2179.49938931237,-1.03238576184603e-32,2.38115305064987e-39,-204333.076107163,208.877285656686,208.877284663862,6.94024087413013,2.11245045701365e-40,801.625712697463,-1.13906801178816e-36,2.65822206326662e-43,-158662.320378911,1487.26251609099,1487.26251609099,3.82707249664886e-06,6.87022942723848e-31,5658.37454697443,-5.37666368204316e-28,1.21417014282993e-34,-263150.102644533,"MPA"
"854","Dasyatis","MT",2052,572.865532468707,572.86553246769,0.0150770477219727,4.96578384950885e-37,2179.51446635908,-9.87542873089743e-34,2.27840570814551e-40,-204333.076107163,210.70147713596,210.701476448002,5.91770584814398,1.60170314663889e-41,807.543417857649,-8.5606486091322e-38,1.99806857658357e-44,-158662.320378911,1487.2625170969,1487.2625170969,1.96190685012873e-06,8.28928908740104e-32,5658.37454893634,-6.48504601236117e-29,1.46495941874922e-35,-263150.102644533,"MPA"
"855","Dasyatis","MT",2053,572.869495360567,572.869495359987,0.010821891833875,4.75290307678175e-38,2179.52528825033,-9.44930150219286e-35,2.18071646237872e-41,-204333.076107163,212.256902814997,212.256902339044,5.03101142609351,1.21298212348856e-42,812.57442880779,-6.43463600763658e-39,1.50206428125449e-45,-158662.320378911,1487.26251761258,1487.26251761258,1.00574987579053e-06,1.00046432117643e-32,5658.37454994209,-7.82454526075371e-30,1.76811257813342e-36,-263150.102644533,"MPA"
"856","Dasyatis","MT",2054,572.872339815824,572.872339815493,0.00776762116671761,4.55038888954873e-39,2179.53305587117,-9.04415188629515e-36,2.0877889850967e-42,-204333.076107163,213.579267382265,213.579267053351,4.2664530230035,9.17672710612929e-44,816.84088150188,-4.83727267330603e-40,1.12933988333379e-46,-158662.320378911,1487.26251787693,1487.26251787693,5.1558652128395e-07,1.2078613460042e-33,5658.37455045767,-9.44372705253735e-31,2.13464367786781e-37,-263150.102644533,"MPA"
"857","Dasyatis","MT",2055,572.874381478358,572.874381478169,0.00557534088334583,4.3576449179106e-40,2179.53863121186,-8.65875090758045e-37,1.99934793655554e-43,-204333.076107163,214.700673383266,214.700673156132,3.61036112161859,6.93673852451931e-45,820.451242396364,-3.63693388042454e-41,8.49215395762348e-48,-158662.320378911,1487.26251801245,1487.26251801245,2.64309328667673e-07,1.45866990969216e-34,5658.37455072198,-1.14014189466876e-31,2.57789564244059e-38,-263150.102644533,"MPA"
"858","Dasyatis","MT",2056,572.875846916032,572.875846915924,0.0040017851495527,4.17411554126499e-41,2179.5426329969,-8.29195663810193e-38,1.9151372136699e-44,-204333.076107163,215.649630435681,215.649630278899,3.04962593807234,5.23986276300157e-46,823.500868177655,-2.73481208366081e-42,6.38656204326136e-49,-158662.320378911,1487.26251808192,1487.26251808192,1.35495209280827e-07,1.76203737020564e-35,5658.37455085748,-1.37688872972292e-32,3.11403452424479e-39,-263150.102644533,"MPA"
"859","Dasyatis","MT",2057,572.876898756069,572.876898756007,0.00287233677810224,3.99928279849664e-42,2179.54550533362,-7.94270693164816e-39,1.83491836220592e-45,-204333.076107163,216.45120234967,216.451202241469,2.57202586229154,3.95581162542653e-47,826.072893931745,-2.05672311999243e-43,4.8036520400949e-50,-158662.320378911,1487.26251811754,1487.26251811754,6.94604337751902e-08,2.12904769806625e-36,5658.37455092694,-1.66324771639761e-33,3.76264893553858e-40,-263150.102644533,"MPA"
"860","Dasyatis","MT",2058,572.877653728844,572.877653728808,0.00206165698779685,3.83266350283861e-43,2179.54756699057,-7.61001283828155e-40,1.75846913655146e-46,-204333.076107163,217.127240576781,217.127240502106,2.16640743006178,2.98502864137495e-48,828.239301287132,-1.5469612876396e-44,3.6135172371704e-51,-158662.320378911,1487.26251813579,1487.26251813579,3.56079863267227e-08,2.57313285343649e-37,5658.37455096255,-2.00968139592419e-34,4.54747707186504e-41,-263150.102644533,"MPA"
"861","Dasyatis","MT",2059,572.878195620351,572.87819562033,0.00147977973092015,3.6738065662248e-44,2179.54904677028,-7.29295263102381e-41,1.68558219231592e-47,-204333.076107163,217.696664963534,217.696664911989,1.82275803770865,2.25163403028446e-49,830.062059273296,-1.1636901815215e-45,2.71857907103446e-52,-158662.320378911,1487.26251814515,1487.26251814515,1.82540528338253e-08,3.11057175292588e-38,5658.3745509808,-2.42886865776937e-35,5.4972885320869e-42,-263150.102644533,"MPA"
"862","Dasyatis","MT",2060,572.878584569664,572.878584569653,0.00106212947303971,3.52229052959689e-45,2179.55010889974,-6.99066638349422e-42,1.6160638985465e-48,-204333.076107163,218.17576361776,218.175763582171,1.5322048689658,1.69791792973329e-50,831.594264106673,-8.75484877282051e-47,2.04553130788929e-53,-158662.320378911,1487.26251814995,1487.26251814995,9.35756718685783e-09,3.7610955060017e-39,5658.37455099016,-2.93617573157434e-36,6.64695394784314e-43,-263150.102644533,"MPA"
"863","Dasyatis","MT",2061,572.878863742653,572.878863742647,0.000762355690675435,3.37772129062795e-46,2179.55087125543,-6.70235104368127e-43,1.54973325771944e-49,-204333.076107163,218.578492493036,218.578492468456,1.28696596079199,1.28006842797947e-51,832.881230042885,-6.58737428237219e-48,1.53929444108797e-54,-158662.320378911,1487.26251815241,1487.26251815241,4.7972686903258e-09,4.54862158917897e-40,5658.37455099495,-3.55022749063169e-37,8.0387424837103e-44,-263150.102644533,"MPA"
"864","Dasyatis","MT",2062,572.87906412229,572.879064122286,0.00054718941720311,3.23973001753895e-47,2179.55141844484,-6.42725595472343e-44,1.4864209228908e-50,-204333.076107163,218.916762111249,218.916762094265,1.08027269711995,9.64874545489903e-53,833.961502723021,-4.95709811287429e-49,1.15847795662351e-55,-158662.320378911,1487.26251815367,1487.26251815367,2.45910154577379e-09,5.50214446665359e-41,5658.37455099741,-4.29360046417019e-38,9.72389582390955e-45,-263150.102644533,"MPA"
"865","Dasyatis","MT",2063,572.87920794704,572.879207947037,0.00039275129844663,3.1079712363429e-48,2179.55181119613,-6.16467877866311e-45,1.42596830248699e-51,-204333.076107163,219.200703913276,219.200703901535,0.906277549255506,7.2719261672595e-54,834.867780260536,-3.73072516367968e-50,8.71973843338881e-57,-158662.320378911,1487.26251815432,1487.26251815432,1.26077940307531e-09,6.65681604092211e-42,5658.37455099867,-5.19366352482167e-39,1.17645376440284e-45,-263150.102644533,"MPA"
"866","Dasyatis","MT",2064,572.879311178856,572.879311178855,0.000281901570620342,2.98212107843735e-49,2179.5520930977,-5.91396178368593e-46,1.36822674419507e-52,-204333.076107163,219.438912359967,219.438912351847,0.759956583610279,5.48006321188732e-55,835.627736836026,-2.80807472943168e-51,6.56398934233353e-58,-158662.320378911,1487.26251815465,1487.26251815465,6.46310179672794e-10,8.0552564473594e-43,5658.37455099932,-6.28359776314587e-40,1.4235990167773e-46,-263150.102644533,"MPA"
"867","Dasyatis","MT",2065,572.879385274629,572.879385274628,0.000202337932764897,2.86187567563105e-50,2179.55229543564,-5.67448845942291e-47,1.31305679028923e-53,-204333.076107163,219.638661408031,219.638661402413,0.637013006254557,4.12945729113529e-56,836.264749836663,-2.11384353232508e-52,4.94174272717544e-59,-158662.320378911,1487.26251815482,1487.26251815482,3.31268410424464e-10,9.74914436116012e-44,5658.37455099965,-7.60363379174457e-41,1.7229584703682e-47,-263150.102644533,"MPA"
"868","Dasyatis","MT_20",2015,169.50475890903,169.50475890903,137.169665534852,12.7547721164729,769.305356518379,-87913.6691768802,0.0197781993164552,-333304.651958385,13.0622247969284,13.0622247969284,7.72439703078277,0.519412344583431,56.9009593161993,-45107.1609121165,0.0104517991336441,-237508.058395885,270.84238958408,270.84238958408,425.664270886261,329.282755802065,1126.8167380842,-1521322.74262456,0.31955696821329,-1834298.0722845,"MPA"
"869","Dasyatis","MT_20",2016,202.206307032723,202.053481116485,153.311664641028,1.70495270361301,920.759242539556,-9847.84124355642,0.00221798002710525,-255238.824025061,14.9560025189725,14.9559969549885,8.77815589446901,0.0538161231495066,65.6252935235349,-4080.89152021372,0.000945789513565209,-196481.789003982,296.17556849186,296.156695926074,457.603545754913,48.1603646934444,1536.24104657988,-202948.994620258,0.0428888236266382,-515924.324280202,"MPA"
"870","Dasyatis","MT_20",2017,242.014857328922,241.859646619274,168.457614541719,0.229112110406705,1088.83253426122,-1104.3252664445,0.000248997240350654,-246495.308047949,17.2491301911472,17.2490466499235,10.0317077210876,0.00561769645362633,75.6513000069451,-369.280411721194,8.56030755351034e-05,-192770.17789549,403.789764505015,403.502495125129,578.520822402254,8.85075336294345,2105.6238462393,-27237.5010858806,0.00578942729480059,-340212.830745824,"MPA"
"871","Dasyatis","MT_20",2018,286.191697307885,286.055408640797,179.475009451622,0.0304534577247988,1268.14080158803,-123.970214762632,2.79826398108137e-05,-245514.952996267,19.8843929358024,19.8842122664502,11.4419641742366,0.000586258238041606,87.0924972535915,-33.4232436792965,7.74952405339427e-06,-192434.320727448,553.447884303033,552.744598178245,706.545374518151,1.64644132878273,2809.81949330388,-3676.52170570665,0.000785733738883818,-316651.85136565,"MPA"
"872","Dasyatis","MT_20",2019,333.321568755393,333.207640020581,184.512421158613,0.00399071332562659,1452.53530329851,-13.9313702808483,3.14797056422766e-06,-245404.914151786,22.891628260079,22.8913507547792,13.0116607761406,6.11123810793085e-05,100.103819412051,-3.02573819723361,7.01698922923011e-07,-192403.923221966,738.540578660278,737.373461947124,800.263624811185,0.299915261747164,3608.61608614017,-498.942102519438,0.000107178113574519,-313474.271762463,"MPA"
"873","Dasyatis","MT_20",2020,381.788319847257,381.69697456726,182.461219197898,0.000514800337370859,1634.90466241607,-1.56717555111195,3.54495307868346e-07,-245392.549957056,26.3115594759256,26.311194119748,14.7454500988956,6.36157317881361e-06,114.848897793196,-0.273970509931807,6.35500665223039e-08,-192401.171454278,948.498442256523,946.975022422065,820.054248954671,0.0528421578916458,4427.09407310249,-68.0534910316798,1.46880878081927e-05,-313043.383150975,"MPA"
"874","Dasyatis","MT_20",2021,429.722776965789,429.652787144261,173.220276394944,6.53201335634766e-05,1808.05488366935,-0.176473503517125,3.99592825626859e-08,-245391.159255008,30.1871958810234,30.1867563938977,16.6442455899725,6.61142184601254e-07,131.492703234901,-0.0248121996798951,5.75665110368186e-09,-192400.922295968,1163.62941688048,1162.01723948513,744.931758256041,0.00893206414000832,5170.40472189904,-9.32563240062131,2.02157454050195e-06,-312984.655292344,"MPA"
"875","Dasyatis","MT_20",2022,475.234050876552,475.182994229588,157.808756855321,8.15106071855203e-06,1965.81257572665,-0.019891596411874,4.5085960024991e-09,-245391.002673101,34.5618988579652,34.5614014522481,18.7032741787005,6.85822631403947e-08,150.195479939302,-0.00224757883491739,5.21568992049135e-10,-192400.899731347,1359.00320441195,1357.62112794287,593.032591520553,0.00144268240599755,5762.0537942681,-1.28343640269333,2.79331309443995e-07,-312976.613096346,"MPA"
"876","Dasyatis","MT_20",2023,516.69951065351,516.664113032942,138.138295564585,1.00089689696492e-06,2103.91547266977,-0.00224428359969467,5.09178601029107e-10,-245390.985025788,39.4777874275832,39.4772492655062,20.9103798218453,7.09898605247509e-09,171.105321591971,-0.000203634815934981,4.72651249394336e-11,-192400.897687403,1514.51385173737,1513.55795166715,415.191953128013,0.000223078618636514,6176.28962424728,-0.177329733557768,3.8734771979744e-08,-312975.506989677,"MPA"
"877","Dasyatis","MT_20",2024,552.998850759199,552.975510785942,116.512783615272,1.21089896620227e-07,2220.40491619069,-0.000253450383061614,5.75562656510625e-11,-245390.983034955,44.9737869359712,44.9732250229804,23.2443249811462,7.33024788049057e-10,194.349084659394,-1.84533730031717e-05,4.28406706416674e-12,-192400.897502222,1623.3927211109,1622.8549745166,260.642615839371,3.32758901569102e-05,6436.39446021645,-0.0245893526280268,5.38875671035908e-09,-312975.354249296,"MPA"
"878","Dasyatis","MT_20",2025,583.617252130099,583.60257133269,95.0738345673155,1.44584611694365e-08,2315.46406994614,-2.86486354317476e-05,6.51173892314805e-12,-245390.982810153,51.0832406809417,51.0826710698066,25.6732255244118,7.54812180154689e-11,220.021740572595,-1.67257383688168e-06,3.88380404413484e-13,-192400.897485441,1691.75938186146,1691.50673836714,150.955282062543,4.83905232430663e-06,6587.09709394561,-0.00342077667476939,7.51877398630503e-10,-312975.33308072,"MPA"
"879","Dasyatis","MT_20",2026,608.602857998665,608.594005729738,75.4105823554296,1.70728374448372e-09,2390.86580003094,-3.24114863644637e-06,7.37346114910418e-13,-245390.982784746,57.831111211083,57.8305484348573,28.1533576308114,7.74832800112244e-12,248.174535427173,-1.51628143713474e-07,3.52162518854155e-14,-192400.89748392,1731.37047096708,1731.26727038362,82.9408316659911,6.92846515285646e-07,6669.9347243353,-0.000477284596676028,1.05184538561376e-10,-312975.330137228,"MPA"
"880","Dasyatis","MT_20",2027,628.421653299047,628.416504959431,58.4276088351087,1.99782397796233e-10,2449.28826052623,-3.66999891975965e-07,8.35610589069225e-14,-245390.982781872,65.2308681891927,65.2303248668046,30.6286413024503,7.92628203806828e-13,278.802633407234,-1.37486000843359e-08,3.19383799564587e-15,-192400.897483782,1753.1437384772,1753.10546433334,44.1605018091461,9.83804658943432e-08,6714.05695190221,-6.67696550327132e-05,1.47499252904016e-11,-312975.329726713,"MPA"
"881","Dasyatis","MT_20",2028,643.777571315765,643.774664282008,44.4258973503848,2.32124838608366e-11,2493.71125084283,-4.15903638630873e-08,9.47725725826159e-15,-245390.982781546,73.2812405563018,73.2807271339271,33.0311407970614,8.07722391347548e-14,311.833260781921,-1.24686788980858e-09,2.89711479510852e-16,-192400.89748377,1764.74094447449,1764.72756733988,23.1009830144273,1.3916903579852e-08,6737.14455776812,-9.36300733309308e-06,2.07280421377117e-12,-312975.329669306,"MPA"
"882","Dasyatis","MT_20",2029,655.453830610154,655.452226562215,33.2867105934288,2.6825104257328e-12,2526.99635738832,-4.71701306088186e-09,1.07571127804053e-15,-245390.982781509,81.9631002675565,81.9626248737588,35.2829047171568,8.1963935488823e-15,347.11569010528,-1.13100587290545e-10,2.62845603280108e-17,-192400.897483768,1770.80935343696,1770.80482367896,11.9694381209719,1.9662599174402e-09,6749.10946612913,-1.31577898314118e-06,2.91853725246869e-13,-312975.329661259,"MPA"
"883","Dasyatis","MT_20",2030,664.202578317064,664.20170824285,24.6614801177999,3.08770424689397e-13,2551.65696743191,-5.35398132847838e-10,1.22188773332439e-16,-245390.982781505,91.236829712139,91.2363981152903,37.2993718913097,8.2792501867446e-16,384.414630399741,-1.02610286058319e-11,2.38515731530627e-18,-192400.897483768,1773.95424241136,1773.95272828245,6.17040373216099,2.77827273069726e-10,6755.2783557321,-1.85263321928704e-07,4.11650314116491e-14,-312975.329660129,"MPA"
"884","Dasyatis","MT_20",2031,670.684439965155,670.683973594627,18.1170479673086,3.54405085792979e-14,2569.77354902869,-6.08149012805175e-11,1.38892170082404e-17,-245390.982781505,101.04058437116,101.040200033751,38.9943770992017,8.32172650681039e-17,423.408623161533,-9.31102992658998e-13,2.16477982301759e-19,-192400.897483768,1775.5756900908,1775.57518454384,3.17246406667676,3.92842055459714e-11,6758.45031425177,-2.61307829090721e-08,5.81533499792184e-15,-312975.329659969,"MPA"
"885","Dasyatis","MT_20",2032,675.446251422339,675.446003308837,13.2257060448871,4.05992876368843e-15,2582.99900696007,-6.91281095110069e-12,1.57987821127085e-18,-245390.982781505,111.289871219372,111.289535445392,40.2865089491135,8.32050052212994e-18,463.694796336666,-8.45054086521465e-14,1.96512374198843e-20,-192400.897483768,1776.40941627364,1776.40924648656,1.62882904706791,5.56014763460897e-12,6760.07897351176,-3.69146357578743e-09,8.22695650014768e-16,-312975.329659947,"MPA"
"886","Dasyatis","MT_20",2033,678.922466665691,678.922335180749,9.61023508964114,4.64495776084486e-16,2592.60911056477,-7.86319821543436e-13,1.7982809914856e-19,-245390.982781505,121.878798273112,121.878510442006,41.1062402486357,8.27326088520952e-19,504.800748754196,-7.67097256622928e-15,1.78420440150936e-21,-192400.897483768,1776.83749749209,1776.83743992158,0.835677767273545,7.8780036792383e-13,6760.91459370852,-5.22231409332961e-10,1.16537154735658e-16,-312975.329659944,"MPA"
"887","Dasyatis","MT_20",2034,681.448412369361,681.448342762343,6.95943806328635,5.31013501735015e-17,2599.56847902104,-8.95018929992882e-14,2.04818193816976e-20,-245390.982781505,132.683198326984,132.682956201683,41.4029445920728,8.17893591282748e-20,546.203451220968,-6.96457591375186e-16,1.62023083728785e-22,-192400.897483768,1777.05713417164,1777.05711443318,0.428585278501605,1.11739073568699e-13,6761.34315924857,-7.39755438004775e-11,1.65272127123971e-17,-312975.329659943,"MPA"
"888","Dasyatis","MT_20",2035,683.277631655174,683.277594761841,5.0273710019265,6.06801978647555e-18,2604.59581312963,-1.01939503437778e-14,2.3342412048263e-21,-245390.982781505,143.565596968882,143.565397057803,41.1507299691708,8.03785537261523e-21,587.353981279059,-6.324357788481e-17,1.47158652949637e-23,-192400.897483768,1777.16977950088,1777.16977265685,0.219760212230887,1.5864740688743e-14,6761.56291261676,-1.04911562726454e-11,2.34638892257841e-18,-312975.329659943,"MPA"
"889","Dasyatis","MT_20",2036,684.599029791434,684.599010180994,3.62517949300268,6.93296397543447e-19,2608.2209730122,-1.16176748540992e-15,2.66181953400156e-22,-245390.982781505,154.381713930739,154.3815518767,40.3520510429052,7.8518183276732e-22,627.705870267925,-5.74400584038687e-18,1.33681209122572e-24,-192400.897483768,1777.22754007237,1777.22753767401,0.112671778431563,2.2546184865286e-15,6761.67558199683,-1.48944246175001e-12,3.33446351935716e-19,-312975.329659943,"MPA"
"890","Dasyatis","MT_20",2037,685.551876650026,685.551866183689,2.61069115398114,7.92138804155448e-20,2610.83165369984,-1.32480432508687e-16,3.03708471930486e-23,-245390.982781505,164.987913907248,164.987784872277,39.0383477979604,7.62405040814046e-23,666.744089030916,-5.21782090481947e-19,1.21458970637356e-25,-192400.897483768,1777.2571543979,1777.25715354938,0.0577639480091812,3.20698449367943e-16,6761.73334509632,-2.11665314985339e-13,4.74288429667097e-20,-312975.329659943,"MPA"
"891","Dasyatis","MT_20",2038,686.238075044743,686.238069431382,1.87834586507134,9.05210415834247e-21,2612.70999395155,-1.51157527319678e-17,3.4671343731227e-24,-245390.982781505,175.248825237599,175.248724253248,37.267461219801,7.35904846507848e-24,704.011449266365,-4.74065627780356e-20,1.10372913701593e-26,-192400.897483768,1777.27233700768,1777.27233670497,0.0296132080685162,4.56537789338341e-17,6761.76295800167,-3.01069148807492e-14,6.75178635475616e-21,-312975.329659943,"MPA"
"892","Dasyatis","MT_20",2039,686.73178309244,686.731780065636,1.3505267207103,1.03466908512511e-21,2614.06051764546,-1.72561282903667e-18,3.96013751270355e-25,-245390.982781505,185.044279308233,185.044201566593,35.1181767580307,7.06232683011482e-25,739.129548282756,-4.30786314426372e-21,1.00315513911774e-27,-192400.897483768,1777.28012054406,1777.2801204353,0.0151812267979482,6.50409541646569e-18,6761.7781391197,-4.28590376302896e-15,9.61893437682853e-22,-312975.329659943,"MPA"
"893","Dasyatis","MT_20",2040,687.086758404117,687.086756762859,0.970555384607878,1.18299252922904e-22,2615.03107138881,-1.9709827390556e-19,4.52549786640234e-26,-245390.982781505,194.274815729104,194.274756799203,32.6827785741587,6.74009370857049e-26,771.812267927014,-3.91524152277239e-22,9.11896142271486e-29,-192400.897483768,1777.28411079031,1777.28411075099,0.00778259232221066,9.27264859334803e-19,6761.7859216727,-6.10591402347729e-16,1.37133286578911e-22,-312975.329659943,"MPA"
"894","Dasyatis","MT_20",2041,687.341861383131,687.341860488159,0.697246108029008,1.35302812508002e-23,2615.72831660187,-2.25236527473497e-20,5.17404225150453e-27,-245390.982781505,202.865230428619,202.865186393907,30.058813432415,6.39889525788405e-27,801.871037324717,-3.55899615388142e-23,8.29074064215067e-30,-192400.897483768,1777.28615637766,1777.28615636337,0.0039896924585164,1.32283614808275e-19,6761.78991135087,-8.70495653918399e-17,1.95634136218786e-23,-312975.329659943,"MPA"
"895","Dasyatis","MT_20",2042,687.525127206557,687.525126715849,0.500775502628367,1.54805024445644e-24,2616.22909161378,-2.5751489887632e-21,5.91823789463764e-28,-245390.982781505,210.765958926553,210.7659264494,27.341288009858,6.04526676552765e-28,829.212292857422,-3.23569681745357e-24,7.53895144351284e-31,-192400.897483768,1777.28720503549,1777.28720503028,0.00204528216872825,1.88831460715947e-20,6761.79195662783,-1.24184776377312e-17,2.79262537274282e-24,-312975.329659943,"MPA"
"896","Dasyatis","MT_20",2043,687.656752269293,687.656751998828,0.359601819839579,1.77182628323929e-25,2616.58869316316,-2.94553887614155e-22,6.77244316624435e-29,-245390.982781505,217.952408707595,217.952385034071,24.6162810662769,5.68542517011294e-29,853.828550250175,-2.94224261832482e-25,6.85641692535158e-32,-192400.897483768,1777.28774262164,1777.28774261973,0.00104849472478791,2.69706400750146e-21,6761.79300512065,-1.77270472352307e-18,3.98868232681699e-25,-312975.329659943,"MPA"
"897","Dasyatis","MT_20",2044,687.751270916129,687.751270766322,0.258193042933499,2.02869273299514e-26,2616.84688605629,-3.37068116570029e-23,7.75319689456353e-30,-245390.982781505,224.422612584613,224.422595506387,21.9565448986669,5.32502690887384e-30,875.785078070616,-2.67582982924373e-26,6.23664660158013e-33,-192400.897483768,1777.28801821033,1777.28801820963,0.000537500382787472,3.85425964158362e-22,6761.79354262033,-2.5319386086455e-19,5.70005564894522e-26,-312975.329659943,"MPA"
"898","Dasyatis","MT_20",2045,687.819135036636,687.819134953282,0.185364628963995,2.32364285937739e-27,2617.0322506019,-3.85880731289257e-24,8.87955222665515e-31,-245390.982781505,230.193725924997,230.193713715279,19.4192313753375,4.96900265589077e-31,895.204297236235,-2.433922925187e-27,5.67376950174527e-34,-192400.897483768,1777.28815948821,1777.28815948795,0.000275544023735295,5.51073037356586e-23,6761.79381816409,-3.61828538494521e-20,8.14980572658885e-27,-312975.329659943,"MPA"
"899","Dasyatis","MT_20",2046,687.867856756698,687.867856710126,0.133070025782716,2.66242779739105e-28,2617.16532058111,-4.41940016393386e-25,1.01734619311063e-31,-245390.982781505,235.29792617483,235.297917512817,17.0455180857177,4.62146882555804e-32,912.249806659939,-2.21422848364143e-28,5.16247391314159e-35,-192400.897483768,1777.28823191288,1777.28823191278,0.000141254734399478,7.88284127487539e-24,6761.79395941873,-5.17333948404566e-21,1.16579142855552e-27,-312975.329659943,"MPA"
"900","Dasyatis","MT_20",2047,687.902833231053,687.902833204933,0.0955240717607799,3.05167315503396e-29,2617.26084462675,-5.06338572277797e-26,1.16602231087178e-32,-245390.982781505,239.778214116224,239.778208010803,14.8616896609446,4.28570679839489e-33,927.111490215463,-2.01467166124313e-29,4.69795309404136e-36,-192400.897483768,1777.28826904063,1777.2882690406,7.24127260020028e-05,1.12810593623807e-24,6761.79403183142,-7.40021913376062e-22,1.66835301845702e-28,-312975.329659943,"MPA"
"901","Dasyatis","MT_20",2048,687.927941030366,687.927941015667,0.0685694215331161,3.49901354104778e-30,2617.32941403358,-5.8033544857918e-27,1.33689905162993e-33,-245390.982781505,243.684499341705,243.684495061295,12.8811534793283,3.96419555634878e-34,939.992639414382,-1.83337498849438e-30,4.27585635608484e-37,-192400.897483768,1777.28828807378,1777.28828807377,3.71215998936232e-05,1.61510033244578e-25,6761.79406895301,-1.05903831736626e-22,2.38856777482815e-29,-312975.329659943,"MPA"
"902","Dasyatis","MT_20",2049,687.945963999287,687.94596399099,0.0492195263304522,4.01324780685969e-31,2617.37863355162,-6.6538169255641e-28,1.53333691408597e-34,-245390.982781505,247.070215543707,247.070212555793,11.1069053830236,3.65868162667278e-35,951.099541809491,-1.66863925157572e-31,3.89224497546056e-38,-192400.897483768,1777.28829783092,1777.28829783091,1.90299835767483e-05,2.31324451422703e-26,6761.79408798299,-1.51621675339462e-23,3.42105141126431e-30,-312975.329659943,"MPA"
"903","Dasyatis","MT_20",2050,687.958900990939,687.958900986243,0.0353294341625606,4.60451822548073e-32,2617.41396298108,-7.63149841807531e-29,1.75920983172131e-35,-245390.982781505,249.989583902264,249.989581823757,9.53406254865133,3.37027110878914e-36,960.633602279636,-1.51892625409204e-32,3.54355244769135e-39,-192400.897483768,1777.28830283281,1777.28830283281,9.75551248058254e-06,3.31441308675958e-27,6761.7940977385,-2.17161745152817e-24,4.90167704551952e-31,-312975.329659943,"MPA"
"904","Dasyatis","MT_20",2051,687.968187074029,687.968187071364,0.0253589000296355,5.28451733046718e-33,2617.43932187845,-8.75567973152634e-30,2.01898415963546e-36,-245390.982781505,252.495542222142,252.495540780124,8.15220377636641,3.09953105256306e-37,968.785804613983,-1.38284327250825e-33,3.22654865032037e-40,-192400.897483768,1777.28830539697,1777.28830539697,5.00105665602458e-06,4.75057416625031e-28,6761.79410273955,-3.11149004623179e-25,7.0256119863797e-32,-312975.329659943,"MPA"
"905","Dasyatis","MT_20",2052,687.974852475411,687.974852473896,0.0182020447298346,6.06672671672256e-34,2617.45752392166,-1.0048590147896e-30,2.31780987853764e-37,-245390.982781505,254.638289200627,254.638288202211,6.94737183018879,2.84659061689026e-38,975.733175445756,-1.2591290375522e-34,2.93830752216972e-41,-192400.897483768,1777.28830671147,1777.28830671147,2.56373666968609e-06,6.81132885796939e-29,6761.79410530329,-4.4597229807866e-26,1.00732568227858e-32,-312975.329659943,"MPA"
"906","Dasyatis","MT_20",2053,687.979636749832,687.979636748969,0.0130649303014795,6.96669277421905e-35,2617.4705888511,-1.15358613899278e-31,2.66162591390639e-38,-245390.982781505,256.464354998268,256.464354308007,5.90368239656152,2.61123556779824e-39,981.636857152057,-1.14664109040209e-35,2.67617790765665e-42,-192400.897483768,1777.28830738532,1777.28830738532,1.3142707835448e-06,9.76913939322029e-30,6761.79410661756,-6.3943091407589e-27,1.44475552509922e-33,-312975.329659943,"MPA"
"907","Dasyatis","MT_20",2054,687.983070771331,687.983070770838,0.00937760583524058,8.00234509984703e-36,2617.47996645644,-1.32470518000599e-32,3.05728176428511e-39,-245390.982781505,258.01609471464,258.01609423791,5.00454562719032,2.39299236570221e-40,986.641402302517,-1.04434437734369e-36,2.43775725037236e-43,-192400.897483768,1777.28830773077,1777.28830773077,6.73746294590133e-07,1.40156221500989e-30,6761.79410729131,-9.17102941265819e-28,2.07276677300514e-34,-312975.329659943,"MPA"
"908","Dasyatis","MT_20",2055,687.98553560656,687.985535606279,0.0067309348170898,9.19436422797981e-37,2617.48669739098,-1.52162516907874e-33,3.51267797492533e-40,-245390.982781505,259.331502939318,259.331502610277,4.23354204266503,2.19120017197296e-41,990.874944016141,-9.51300960007045e-38,2.22086785217817e-44,-192400.897483768,1777.28830790786,1777.28830790786,3.45388878800053e-07,2.01137664774322e-31,6761.7941076367,-1.31575236851952e-28,2.97461977668669e-35,-312975.329659943,"MPA"
"909","Dasyatis","MT_20",2056,687.987304783655,687.987304783494,0.004831230324772,1.05666063559596e-37,2617.49152862114,-1.74827824893162e-34,4.03692838878303e-41,-245390.982781505,260.444258528926,260.4442583019,3.57501081192678,2.00507056861425e-42,994.449954601042,-8.66660730438975e-39,2.0235354428309e-45,-192400.897483768,1777.28830799864,1777.28830799864,1.77059413386061e-07,2.88730786155035e-32,6761.79410781376,-1.88823126055132e-29,4.27003220682134e-36,-312975.329659943,"MPA"
"910","Dasyatis","MT_20",2057,687.988574637298,687.988574637206,0.0034676826423175,1.21465939385475e-38,2617.49499630369,-2.00920042692506e-35,4.64054756461663e-42,-245390.982781505,261.383924010065,261.383923853444,3.01441151239554,1.83373571466742e-43,997.464365956816,-7.89653031263058e-40,1.84396983095185e-46,-192400.897483768,1777.28830804518,1777.28830804518,9.07678969058428e-08,4.14577301511187e-33,6761.79410790452,-2.71053408562412e-30,6.13117310141271e-37,-312975.329659943,"MPA"
"911","Dasyatis","MT_20",2058,687.989486092387,687.989486092334,0.00248897425209316,1.39660824108707e-39,2617.49748527789,-2.30962485402701e-36,5.33566728134838e-43,-245390.982781505,262.176240068914,262.176239960858,2.5385158622497,1.6762861770273e-44,1000.00288171101,-7.19579091125175e-41,1.68054743030725e-47,-192400.897483768,1777.28830806904,1777.28830806904,4.65313067698696e-08,5.95422275215418e-34,6761.79410795106,-3.89195042831116e-31,8.80568478888422e-38,-312975.329659943,"MPA"
"912","Dasyatis","MT_20",2059,687.990140301118,687.990140301088,0.00178649199189774,1.60617149019746e-40,2617.49927176985,-2.65558958016673e-37,6.13628666018351e-44,-245390.982781505,262.84347043674,262.843470362173,2.1354776031438,1.53179989033437e-45,1002.13835923959,-6.55805194609226e-42,1.53179547614489e-48,-192400.897483768,1777.28830808127,1777.28830808127,2.38537842822657e-08,8.55355114177579e-35,6761.79410797491,-5.58967886223507e-32,1.26498248914705e-38,-312975.329659943,"MPA"
"913","Dasyatis","MT_20",2060,687.990609867512,687.990609867495,0.00128227585283748,1.84757786548224e-41,2617.50055404569,-3.05406204132325e-38,7.05856114425192e-45,-245390.982781505,263.404765143902,263.40476509243,1.79481931735348,1.39936372227295e-46,1003.93317850547,-5.97756513915322e-43,1.39637776497855e-49,-192400.897483768,1777.28830808754,1777.28830808754,1.22283663926651e-08,1.22903604882352e-35,6761.79410798714,-8.02986485458642e-33,1.81761826698329e-39,-312975.329659943,"MPA"
"914","Dasyatis","MT_20",2061,687.990946904372,687.990946904362,0.000920368302853254,2.12570790128991e-42,2617.50147441398,-3.51308288620673e-39,8.12113639481126e-46,-245390.982781505,263.876520309091,263.876520273548,1.50736600492308,1.27808902579366e-47,1005.44054447485,-5.44911536897905e-44,1.27308176794895e-50,-192400.897483768,1777.28830809075,1777.28830809075,6.26876192359461e-09,1.76634199403719e-36,6761.79410799341,-1.15378901813452e-33,2.61223865416245e-40,-312975.329659943,"MPA"
"915","Dasyatis","MT_20",2062,687.991188816471,687.991188816465,0.00066060475970152,2.4461949314116e-43,2617.50213501873,-4.04193215814808e-40,9.34553411076594e-47,-245390.982781505,264.272720469966,264.272720445412,1.26514746545152,1.16712240493261e-48,1006.70569191575,-4.96797032635755e-45,1.16080698291571e-51,-192400.897483768,1777.2883080924,1777.2883080924,3.21377405958364e-09,2.53905691012337e-37,6761.79410799662,-1.65819871348533e-34,3.75500476585326e-41,-312975.329659943,"MPA"
"916","Dasyatis","MT_20",2063,687.991362451616,687.991362451613,0.000474156425473777,2.815541790229e-44,2617.50260917516,-4.65132131949531e-41,1.07565978745949e-47,-245390.982781505,264.605255255677,264.605255238705,1.0612851752339,1.06565274363497e-49,1007.76697707401,-4.52983501617594e-46,1.05855440392638e-52,-192400.897483768,1777.28830809325,1777.28830809325,1.64749824570947e-09,3.65050735949514e-38,6761.79410799827,-2.38360459981232e-35,5.39872599075146e-42,-312975.329659943,"MPA"
"917","Dasyatis","MT_20",2064,687.991487080177,687.991487080175,0.000340330998199656,3.24125567862305e-45,2617.50294950615,-5.35361515146829e-42,1.23830083961004e-48,-245390.982781505,264.884206325941,264.884206314205,0.889874393208286,9.7291537052211e-51,1008.65685145548,-4.1308106293955e-47,9.65416998825479e-54,-192400.897483768,1777.28830809368,1777.28830809368,8.4442059762345e-10,5.24944111027548e-39,6761.79410799911,-3.42700712971196e-36,7.76338502242492e-43,-312975.329659943,"MPA"
"918","Dasyatis","MT_20",2065,687.991576533699,687.991576533698,0.000244276293358046,3.73200403171693e-46,2617.50319378245,-6.16308819367308e-43,1.42578789927288e-49,-245390.982781505,265.118103322597,265.118103314477,0.7458685013095,8.88194069830185e-52,1009.40271994867,-3.76735735682889e-48,8.80571096650547e-55,-192400.897483768,1777.2883080939,1777.2883080939,4.32820436303581e-10,7.55001904776718e-40,6761.79410799955,-4.92804707409238e-37,1.11657038460186e-43,-312975.329659943,"MPA"
"919","Dasyatis","MT_40",2015,189.680093414545,189.680093414545,155.302697826028,17.9118347155683,859.03952991046,-110369.461511776,0.024820713374272,-395222.056063316,14.6692405102933,14.6692405102933,8.68615800077455,0.695608126950099,63.8005068738245,-53781.276148663,0.0124638714011211,-274003.60311327,314.669111314563,314.669111314563,495.102915599676,484.019994424641,1208.25939117503,-1930049.93142179,0.404301292711376,-2298500.31312923,"MPA"
"920","Dasyatis","MT_40",2016,225.79228061591,225.577646769244,173.905306823242,2.87545648553085,1029.8547464015,-14881.775396117,0.00335063649926424,-299734.369947657,16.7694983174912,16.7694906933353,9.85843695832876,0.0854540245945865,73.5734821834027,-5778.21001715848,0.0013394003964758,-226000.536981766,317.582176384174,317.552897125384,498.766179170981,79.4767599616453,1627.51953112558,-313572.489777067,0.0661168494888335,-682022.871484508,"MPA"
"921","Dasyatis","MT_40",2017,270.689815540098,270.464517585914,192.144900266304,0.465931155739858,1221.30841755788,-2008.87685880983,0.000452821773659593,-286861.471410349,19.3382536619427,19.3381388996961,11.2679136758564,0.0105920269866054,84.8306890700259,-620.938559811499,0.000143966262118035,-220843.265524419,427.781649021535,427.335060064483,629.727673985816,17.5752646822603,2239.22535147208,-51278.046791711,0.0108794314837001,-419728.428499153,"MPA"
"922","Dasyatis","MT_40",2018,321.012017880651,320.810639445358,206.14609666543,0.0747734407456653,1427.17836234728,-271.47950779278,6.12639079196816e-05,-285124.074059332,22.2971284608251,22.2968769138077,12.8583130893328,0.00131296474866548,97.6874376475927,-66.7415750953714,1.54775853524195e-05,-220289.068539703,588.564066399301,587.453671638556,781.99511487669,4.00133052964955,3016.10874105838,-8437.34374303162,0.00180060535626128,-376887.725450474,"MPA"
"923","Dasyatis","MT_40",2019,375.123432694255,374.952751072387,213.603416936871,0.0118366721684888,1640.59926099011,-36.7279739966958,8.29753872218076e-06,-284889.322525536,25.6764311373116,25.6760418730714,14.6312995109693,0.00016258215888343,112.318185312163,-7.17523440376564,1.66432126788305e-06,-220229.502199011,792.762204202798,790.875256219866,908.926809005191,0.897726541324061,3922.25087553931,-1396.34540166882,0.000299619105411673,-369846.727109111,"MPA"
"924","Dasyatis","MT_40",2020,431.219560704436,431.080816387266,213.021854254157,0.00184509862737444,1853.48052582847,-4.9742023308914,1.12499412374192e-06,-284857.568753871,29.5220165466857,29.5215016523116,16.5926365177334,2.01052385713129e-05,128.910286830284,-0.771554875757237,1.7900364429666e-07,-220223.098519483,1030.93506119338,1028.3920589299,963.002158344562,0.195532473158531,4882.51449914724,-232.334819304162,5.01042639598408e-05,-368682.716526746,"MPA"
"925","Dasyatis","MT_40",2021,487.173849901422,487.065993509609,204.011739715992,0.000282942424046581,2057.38412621023,-0.674382577190477,1.5268495277224e-07,-284853.268934117,33.88312952408,33.8825080625104,18.7443941332897,2.48234290352986e-06,147.654057019661,-0.0829827586928228,1.92564661453477e-08,-220222.409947366,1283.3333572177,1280.52837030901,909.843040562504,0.0409569403819608,5789.51159586067,-38.8497382356017,8.4168614660552e-06,-368489.231445678,"MPA"
"926","Dasyatis","MT_40",2022,540.76842541623,540.688561572847,187.48737773284,4.26714350111234e-05,2244.79159742825,-0.0915240054456017,2.07431847192529e-08,-284852.686075545,38.8097929325044,38.8090876360077,21.0824882949264,3.05931275457928e-07,168.735839712159,-0.00892685436997963,2.07195608218746e-09,-220222.335891462,1521.73093480098,1519.20200071711,755.22554123871,0.00820376529837228,6542.19999925021,-6.52580168031458,1.41976635840259e-06,-368456.907509122,"MPA"
"927","Dasyatis","MT_40",2023,590.027113587645,589.97091311538,165.487771478528,6.33169159229453e-06,2410.22316210282,-0.0124336405062483,2.82082188543805e-09,-284852.60698518,44.3509858902771,44.3502209401721,23.5947102212019,3.76251773246738e-08,192.329784945631,-0.000960500848576046,2.22983611918274e-10,-220222.327925108,1719.56959679152,1717.71990828999,549.887163606053,0.00157114005418143,7090.23590321468,-1.10071752869375,2.403830760467e-07,-368451.482424971,"MPA"
"928","Dasyatis","MT_40",2024,633.509594862544,633.472004748052,140.645823745776,9.25387114559447e-07,2550.83139480872,-0.00169076984945995,3.83958661647592e-10,-284852.596242309,50.5524824658163,50.5516819125269,26.2587593355985,4.61634324706097e-09,218.587743723324,-0.000103367722215282,2.40023064891092e-11,-220222.327067975,1863.61684061095,1862.51723703341,356.422378130785,0.000289428895887538,7445.55838833903,-0.186356658665765,4.0836731398342e-08,-368450.568064101,"MPA"
"929","Dasyatis","MT_40",2025,670.467444217097,670.443485653012,115.534235709146,1.3343227332505e-07,2666.34167182035,-0.00023013430707054,5.23105386280128e-11,-284852.594781674,57.4541955887872,57.4533822180836,29.0403904617673,5.64864714055966e-10,247.627320813823,-1.11265156409289e-05,2.58416240845989e-12,-220222.326975734,1957.01076659094,1956.46884762424,211.195645084079,5.1802131994444e-05,7656.21206265428,-0.0316577729202182,6.95841250782716e-09,-368450.413365215,"MPA"
"930","Dasyatis","MT_40",2026,700.828478806215,700.813860838818,92.1568670641185,1.90189926514198e-08,2758.48392089805,-3.13527965971728e-05,7.1330793624844e-12,-284852.594582892,65.0870368156266,65.0862313405357,31.8919302348535,6.89080874567395e-11,279.518445573517,-1.19789734312671e-06,2.78273964132651e-13,-220222.326965805,2012.37954985138,2012.14998699473,117.746631323034,9.1021038681292e-06,7773.72912201856,-0.00539426981611111,1.18890324351793e-09,-368450.387101712,"MPA"
"931","Dasyatis","MT_40",2027,725.04739753572,725.03880878316,71.7314832246738,2.6853626211039e-09,2830.20681536748,-4.27519894565815e-06,9.7349838949304e-13,-284852.594555815,73.4693865680859,73.4686070646867,34.7515007986452,8.37761009857464e-12,314.269166868754,-1.28992759583e-07,2.997163364961e-14,-220222.326964736,2043.26805255847,2043.1807966745,63.2367242888337,1.58293147861977e-06,7836.87858884049,-0.00092164817345138,2.03628276145835e-10,-368450.38262909,"MPA"
"932","Dasyatis","MT_40",2028,743.899237702278,743.894346163001,54.7407798217343,3.76329025996061e-10,2884.94270364956,-5.83456421584431e-07,1.32969160717515e-13,-284852.594552123,82.6033604320331,82.6026219653193,37.54333881523,1.01469057926147e-12,351.811767217269,-1.38929830321819e-08,3.2287352627871e-15,-220222.326964621,2059.86642974245,2059.83547515252,33.2416979315012,2.73915922541337e-07,7870.08933190815,-0.000157853667965785,3.49522894098657e-11,-368450.381865296,"MPA"
"933","Dasyatis","MT_40",2029,758.286167076805,758.283448822545,41.1312228230655,5.24382151818351e-11,2926.07120821831,-7.9692870338866e-08,1.81765472452499e-14,-284852.594551619,92.4711593607115,92.4704737680881,40.1795919094204,1.22390481426973e-13,391.990673534066,-1.49661206219355e-09,3.47886625465946e-16,-220222.326964609,2068.5956315511,2068.58506534364,17.2698212147266,4.73087094608364e-08,7887.34858686811,-2.70951236425173e-05,6.01120900496353e-12,-368450.381734537,"MPA"
"934","Dasyatis","MT_40",2030,769.096494799289,769.095011861014,30.5387695018818,7.27593094867301e-12,2956.60849478191,-1.08937258383894e-08,2.4865889949934e-15,-284852.594551551,103.031892102391,103.031267917829,42.5638829966726,1.469605504324e-14,434.553932346177,-1.61252207713093e-10,3.74908580444115e-17,-220222.326964607,2073.13210094913,2073.12855664387,8.9157147479561,8.16848245919177e-09,7896.26075730264,-4.65990190680931e-06,1.03564388924131e-12,-368450.381712102,"MPA"
"935","Dasyatis","MT_40",2031,777.122998047324,777.122199515078,22.4707470448657,1.00649122033081e-12,2979.07844329453,-1.49027517648056e-09,3.40420987968567e-16,-284852.594551541,114.219334522688,114.21877703398,44.5967333642943,1.75605400014354e-15,479.150108221763,-1.73773649837585e-11,4.04105202855474e-18,-220222.326964607,2075.47460000486,2075.47341575108,4.5875216618976,1.41112929157896e-09,7900.84709470934,-8.02832791192682e-07,1.78708558377225e-13,-368450.381708245,"MPA"
"936","Dasyatis","MT_40",2032,783.029060275351,783.028633902117,16.4234957675841,1.38937015293996e-13,2995.50151268888,-2.04021943941364e-10,4.66375900265641e-17,-284852.59455154,125.941114379252,125.940625813976,46.1826284590205,2.0874465490221e-16,525.332248115508,-1.87302313591607e-12,4.35656267502531e-19,-220222.326964607,2076.68008537157,2076.6796879964,2.35635169754679,2.43990642126723e-10,7903.20304903147,-1.38535111156055e-07,3.08815805397751e-14,-368450.38170758,"MPA"
"937","Dasyatis","MT_40",2033,787.345744390749,787.345517794519,11.9442851729153,1.91522947829134e-14,3007.44557126556,-2.79508654896414e-11,6.39368607976688e-18,-284852.59455154,138.079753321069,138.079333154022,47.2381333547885,2.46778265316516e-17,572.569961303249,-2.01921457811692e-13,4.69756704873735e-20,-220222.326964607,2077.2993307973,2077.29919629183,1.2092143707483,4.22296221608777e-11,7904.4121288967,-2.39394379019522e-08,5.34335535413847e-15,-368450.381707466,"MPA"
"938","Dasyatis","MT_40",2034,790.485153151276,790.485032927447,8.6552024208403,2.6378370423784e-15,3016.10065346258,-3.83185843072649e-12,8.77102204835282e-19,-284852.59455154,150.495842011251,150.495487378317,47.7000974157821,2.900741209232e-18,620.269704086097,-2.17721374740208e-14,5.06617896540713e-21,-220222.326964607,2077.61712862932,2077.61708260985,0.620235771299635,7.31655824421801e-12,7905.03231864853,-4.14217503890549e-09,9.25629652429583e-16,-368450.381707446,"MPA"
"939","Dasyatis","MT_40",2035,792.760078437177,792.760014607303,6.25525704212856,3.63134190345738e-16,3022.35584667483,-5.25663248476501e-13,1.20398567028785e-19,-284852.59455154,163.033371813697,163.033078006589,47.5327402108104,3.3895815893688e-19,667.8021504898,-2.3479999273847e-15,5.4646908241587e-22,-220222.326964607,2077.78014098626,2077.78012506398,0.318053043222427,1.26889995107654e-12,7905.35035576948,-7.1754910704649e-10,1.60517996669644e-16,-368450.381707443,"MPA"
"940","Dasyatis","MT_40",2036,794.404210391425,794.40417641921,4.51210714721209,4.9980327174674e-17,3026.86791984983,-7.21569552039109e-14,1.65368772293083e-20,-284852.59455154,175.526928981973,175.526689987994,46.7323924628395,3.93708647704833e-20,714.53430395866,-2.53263529945924e-16,5.89558889660913e-23,-220222.326964607,2077.86373472596,2077.86372915765,0.163073485965674,2.2026967735433e-13,7905.51342368712,-1.24433721545113e-10,2.78633668914764e-17,-368450.381707442,"MPA"
"941","Dasyatis","MT_40",2037,795.590175945995,795.590157797134,3.25020390708596,6.8790647607381e-18,3030.11810560805,-9.9108293968956e-15,2.27266764480517e-21,-284852.59455154,187.810134984061,187.809944028374,45.3289388397769,4.54555957507229e-21,759.86305184275,-2.73227203139311e-17,6.36156993904089e-24,-220222.326964607,2077.90659593984,2077.90659397342,0.0836056183444979,3.82702974015584e-14,7905.59702733905,-2.15997113505047e-11,4.84096292689994e-18,-368450.381707442,"MPA"
"942","Dasyatis","MT_40",2038,796.444463588441,796.444453847911,2.33887250318906,9.46929548252659e-19,3032.45696837071,-1.36204718019636e-15,3.12505822179579e-22,-284852.59455154,199.724466054808,199.72431610217,43.3835488343402,5.21688450656471e-22,803.246450724452,-2.94815996596446e-18,6.86555924359846e-25,-220222.326964607,2077.92857055053,2077.92856985012,0.0428617899342763,6.65459993778565e-15,7905.63988842858,-3.75271953422977e-12,8.41758049999262e-19,-368450.381707442,"MPA"
"943","Dasyatis","MT_40",2039,797.059216622313,797.059211367475,1.68185600937779,1.30378075085895e-19,3034.13881912525,-1.87289804714377e-16,4.29942045510112e-23,-284852.59455154,211.127476316036,211.12736049538,40.9829660423612,5.95264254903593e-23,844.229300946158,-3.18165496392687e-19,7.41073025454126e-26,-220222.326964607,2077.93983627558,2077.93983602426,0.0219733146908604,1.1580033765094e-15,7905.66186149195,-6.52531720415969e-13,1.46478133693587e-19,-368450.381707442,"MPA"
"944","Dasyatis","MT_40",2040,797.501278837497,797.501275987153,1.20877445625923,1.7956306676757e-20,3035.34759073117,-2.57671152232643e-17,5.91809002614103e-24,-284852.59455154,221.899519854782,221.899431782383,38.2312697380629,6.75427820650343e-24,882.460482611822,-3.43422796214431e-20,8.00052588649075e-27,-220222.326964607,2077.94561173517,2077.94561164443,0.0112645912439323,2.01651880290554e-16,7905.67312599245,-1.13550002194529e-13,2.55072736253547e-20,-368450.381707442,"MPA"
"945","Dasyatis","MT_40",2041,797.818995645793,797.818994091185,0.868439013188911,2.4738426621464e-21,3036.21602818975,-3.54680527716582e-18,8.15011325267195e-25,-284852.59455154,231.948307364981,231.948241357211,35.2404450265131,7.62329509055237e-25,917.700861630565,-3.7074748142172e-21,8.63868169342579e-28,-220222.326964607,2077.94857252705,2077.94857249411,0.00577473642805073,3.51380975017488e-17,7905.67890069593,-1.977326513283e-14,4.44466865019036e-21,-368450.381707442,"MPA"
"946","Dasyatis","MT_40",2042,798.047258103478,798.047257250997,0.623758715034883,3.40941417614037e-22,3036.8397860523,-4.8844913918713e-19,1.12291554512402e-25,-284852.59455154,241.210984193415,241.210935374817,32.1211928714875,8.56146163548052e-26,949.822005683454,-4.00312698703528e-22,9.32925105002698e-29,-220222.326964607,2077.95009036578,2077.95009035377,0.00296037709749676,6.12658809913578e-18,7905.68186106102,-3.44551177442656e-15,7.74960402021458e-22,-368450.381707442,"MPA"
"947","Dasyatis","MT_40",2043,798.211208312327,798.211207842444,0.447929883005015,4.70051137854414e-23,3037.28771546542,-6.72980911483509e-20,1.54782988562781e-26,-284852.59455154,249.65379284094,249.653757164565,28.9751845765888,9.57100724612196e-27,978.797154583667,-4.32306319240856e-23,1.00766325209789e-29,-220222.326964607,2077.95086847617,2077.95086847177,0.00151761205710614,1.06882443830895e-18,7905.68337866868,-6.00750111973209e-16,1.35196995919275e-22,-368450.381707442,"MPA"
"948","Dasyatis","MT_40",2044,798.328943294504,798.328943034245,0.32162010128539,6.48290485084264e-24,3037.60933530645,-9.27638664017606e-21,2.13443883433957e-27,-284852.59455154,257.269699587451,257.269673790457,25.8895212001537,1.06547938771947e-27,1004.68664998683,-4.66932203845712e-24,1.08855996091414e-30,-220222.326964607,2077.95126736828,2077.95126736667,0.000777989593494363,1.86563089069474e-19,7905.68415665666,-1.04804852242554e-16,2.35986037048819e-23,-368450.381707442,"MPA"
"949","Dasyatis","MT_40",2045,798.413478726074,798.413478581271,0.230904848315374,8.94442641495816e-25,3037.84024000996,-1.27920250324211e-21,2.94456114256236e-28,-284852.59455154,264.074564797419,264.074546315918,22.9336479739886,1.18164543096921e-28,1027.62027947932,-5.04411579116441e-25,1.17613330902217e-31,-220222.326964607,2077.95147185675,2077.95147185616,0.000398828649596397,3.25808610822135e-20,7905.68455548472,-1.82936622035079e-17,4.12119437566704e-24,-368450.381707442,"MPA"
"950","Dasyatis","MT_40",2046,798.47417034479,798.47417026389,0.165764619333298,1.23450007330915e-25,3038.0060045484,-1.76472136562282e-22,4.06374257952942e-29,-284852.59455154,270.102502192161,270.102489056434,20.1585339843831,1.30604948689667e-29,1047.77880032797,-5.44984534283704e-26,1.27094561598436e-32,-220222.326964607,2077.9515766858,2077.95157668558,0.000204455409634647,5.69251195404087e-21,7905.68475993991,-3.19475417800228e-18,7.20053009209883e-25,-368450.381707442,"MPA"
"951","Dasyatis","MT_40",2047,798.517740345791,798.517740300423,0.11899489070108,1.70444069752363e-26,3038.12499939373,-2.43546415747803e-23,5.61039278715938e-30,-284852.59455154,275.401022502089,275.4010132283,17.5976399235243,1.43923656957722e-30,1065.37643097771,-5.88911649151107e-27,1.37360726388354e-33,-220222.326964607,2077.95163042536,2077.95163042528,0.000104811915663081,9.95034329263496e-22,7905.68486475174,-5.58185843672742e-19,1.25863142723017e-25,-368450.381707442,"MPA"
"952","Dasyatis","MT_40",2048,798.549017273771,798.549017248243,0.0854178757846067,2.35407609904434e-27,3038.21041724398,-3.36239561374683e-24,7.74845044070266e-31,-284852.59455154,280.026431484438,280.026424973519,15.2690789668861,1.58185052220597e-31,1080.64550343367,-6.36475764381248e-28,1.48478085042683e-34,-220222.326964607,2077.95165797439,2077.95165797436,5.37307091272285e-05,1.74001907034833e-22,7905.68491848242,-9.75692394990309e-20,2.20097195893346e-26,-368450.381707442,"MPA"
"953","Dasyatis","MT_40",2049,798.571468733271,798.571468718863,0.0613137272196061,3.25238677927781e-28,3038.2717309568,-4.64376672520211e-25,1.07049424912094e-31,-284852.59455154,284.039795913758,284.039791363285,13.1783968143314,1.73463671225476e-32,1093.82389569753,-6.87983906349516e-29,1.605185703742e-35,-220222.326964607,2077.9516720971,2077.95167209709,2.75444681493905e-05,3.04397951300222e-23,7905.68494602688,-1.70619575790787e-20,3.85036786108919e-27,-368450.381707442,"MPA"
"954","Dasyatis","MT_40",2050,798.58758459589,798.587584587736,0.044010713600971,4.49492038794071e-29,3038.31574166224,-6.41563826480671e-26,1.47943330484334e-32,-284852.59455154,287.503640289369,287.503637120563,11.3215036662201,1.89844380530608e-33,1105.14539619495,-7.43769379883249e-30,1.73560279055554e-36,-220222.326964607,2077.95167933696,2077.95167933696,1.41203717880302e-05,5.32711276883562e-24,7905.68496014725,-2.98480918136957e-21,6.738331726099e-28,-368450.381707442,"MPA"
"955","Dasyatis","MT_40",2051,798.599152489111,798.599152484485,0.0315902581860106,6.21405241485199e-30,3038.3473319158,-8.86647345089055e-27,2.0452293122942e-33,-284852.59455154,290.47941419534,290.479411994931,9.6874312570459,2.0742253486522e-34,1114.83282525158,-8.04194043418372e-31,1.87688005223979e-37,-220222.326964607,2077.9516830484,2077.9516830484,7.23865457630445e-06,9.32600890146893e-25,7905.6849673859,-5.22356178130559e-22,1.17965855564465e-28,-368450.381707442,"MPA"
"956","Dasyatis","MT_40",2052,798.607455757061,798.607455754431,0.0226748114680772,8.59321924624668e-31,3038.37000672464,-1.22573766773681e-27,2.82825441185773e-34,-284852.59455154,293.025684330581,293.025682805921,8.26072374064452,2.26304174538075e-35,1123.09354746757,-8.69650782435659e-32,2.02993820625956e-38,-220222.326964607,2077.95168495103,2077.95168495103,3.71081723123726e-06,1.63322277570883e-25,7905.68497109671,-9.14472542570942e-23,2.0658839587544e-29,-368450.381707442,"MPA"
"957","Dasyatis","MT_40",2053,798.613415665333,798.613415663835,0.0162753800642551,1.18866646599107e-31,3038.38628210321,-1.69501675453156e-28,3.91218470219326e-35,-284852.59455154,295.19695496917,295.196953914414,7.02338103594819,2.46606304074385e-36,1130.11692744876,-9.40566198484456e-33,2.19577705385956e-39,-220222.326964607,2077.95168592639,2077.95168592639,1.9023099199761e-06,2.86110045824508e-26,7905.68497299902,-1.60147539928258e-23,3.61904182712225e-30,-368450.381707442,"MPA"
"958","Dasyatis","MT_40",2054,798.61769352999,798.617693529135,0.0116819784321228,1.64468397796255e-32,3038.39796408078,-2.34463298922115e-29,5.41301804727769e-36,-284852.59455154,297.042999217857,297.042998488997,5.9563502884871,2.68457280144249e-37,1136.07327700839,-1.01740353266743e-33,2.375482338436e-40,-220222.326964607,2077.9516864264,2077.9516864264,9.75198257018558e-07,5.01362371436963e-27,7905.68497397422,-2.80548499858853e-24,6.34179546932758e-31,-368450.381707442,"MPA"
"959","Dasyatis","MT_40",2055,798.62076405267,798.620764052181,0.00838494245793498,2.27624286134191e-33,3038.40634902275,-3.24410569082088e-30,7.49158895000301e-37,-284852.59455154,298.608582295685,298.608581792397,5.04060760090597,2.91997325750618e-38,1141.11388410601,-1.10066584415407e-34,2.57023320295551e-41,-220222.326964607,2077.95168668272,2077.95168668272,4.99924005586204e-07,8.78809220440819e-28,7905.68497447415,-4.91616646151377e-25,1.11161679643685e-31,-368450.381707442,"MPA"
"960","Dasyatis","MT_40",2056,798.622967973565,798.622967973286,0.00601842208784152,3.15111274557647e-34,3038.41236744456,-4.489825471467e-31,1.03709391819497e-37,-284852.59455154,299.93346914039,299.933468793011,4.25789467492548,3.17379179822037e-39,1145.37177843355,-1.19089946612497e-35,2.78131029905023e-42,-220222.326964607,2077.95168681412,2077.95168681412,2.56280665537001e-07,1.54083233705886e-28,7905.68497473043,-8.61726499873619e-26,1.94901813319642e-32,-368450.381707442,"MPA"
"961","Dasyatis","MT_40",2057,798.624549871881,798.624549871721,0.00431980743146993,4.3632913014438e-35,3038.41668725183,-6.21546472425955e-32,1.43604316128871e-38,-284852.59455154,301.05262563711,301.052625397385,3.59118096496991,3.44768886474943e-40,1148.9629591588,-1.28869776353723e-36,3.01010460506163e-43,-220222.326964607,2077.95168688148,2077.95168688148,1.31379334511047e-07,2.70226597328169e-29,7905.68497486181,-1.51088088943332e-26,3.41813009488635e-33,-368450.381707442,"MPA"
"962","Dasyatis","MT_40",2058,798.625685301744,798.625685301653,0.00310059861814395,6.04317668462281e-36,3038.41978785036,-8.6064294152889e-33,1.98892295121269e-39,-284852.59455154,301.996541321807,301.996541156372,3.02491793244123,3.74346725686894e-41,1151.9878769258,-1.39470521925965e-37,3.25812701535923e-44,-220222.326964607,2077.95168691601,2077.95168691601,6.73500192439074e-08,4.74031354514703e-30,7905.68497492916,-2.64973801423334e-27,5.99608200961725e-34,-368450.381707442,"MPA"
"963","Dasyatis","MT_40",2059,798.626500271473,798.62650027142,0.00222549330794113,8.37169269040382e-37,3038.42201334361,-1.1919923748203e-33,2.75527849176058e-40,-284852.59455154,302.791618914289,302.791618800104,2.5451429528083,4.06308286329621e-42,1154.53301976443,-1.509621877471e-38,3.52701876876301e-45,-220222.326964607,2077.95168693372,2077.95168693372,3.45266805759254e-08,8.31738773800851e-31,7905.68497496368,-4.64816902701055e-28,1.05207679845389e-34,-368450.381707442,"MPA"
"964","Dasyatis","MT_40",2060,798.627085226158,798.627085226127,0.00159737445842874,1.15999050534594e-37,3038.42361071804,-1.65128113648361e-34,3.81773993293788e-41,-284852.59455154,303.460591162965,303.460591084132,2.13947967134231,4.40865682896305e-43,1156.67249935694,-1.63420817576483e-39,3.81856278988715e-46,-220222.326964607,2077.95168694279,2077.95168694279,1.76994420144496e-08,1.45969674800003e-31,7905.68497498138,-8.15571031344509e-29,1.84638870967248e-35,-368450.381707442,"MPA"
"965","Dasyatis","MT_40",2061,798.627505084386,798.627505084369,0.0011465340669906,1.60762669758113e-38,3038.42475725209,-2.28803075701603e-35,5.29098935352603e-42,-284852.59455154,304.022937783468,304.022937729023,1.79707109193594,4.78248918386152e-44,1158.46957039443,-1.76929020017849e-40,4.13469602374383e-47,-220222.326964607,2077.95168694744,2077.95168694744,9.07322581553356e-09,2.56229609586879e-32,7905.68497499045,-1.43132245328803e-29,3.24108044271626e-36,-368450.381707442,"MPA"
"966","Dasyatis","MT_40",2062,798.627806442506,798.627806442496,0.000822937847145332,2.22844656521912e-39,3038.42558018993,-3.17097198495759e-36,7.33421671838436e-43,-284852.59455154,304.495284810416,304.495284772798,1.50847241692897,5.18707397367799e-45,1159.97804277374,-1.91576540038364e-41,4.477522851044e-48,-220222.326964607,2077.95168694983,2077.95168694983,4.65146657480671e-09,4.49865180546674e-33,7905.68497499511,-2.51248893923066e-30,5.69040104645983e-37,-368450.381707442,"MPA"
"967","Dasyatis","MT_40",2063,798.62802274572,798.628022745714,0.000590672834162404,3.08960007349667e-40,3038.42617086276,-4.39550983529501e-37,1.01684243762309e-43,-284852.59455154,304.89177578308,304.891775757077,1.26552300990591,5.62511595022792e-46,1161.24356575764,-2.07460880556268e-42,4.84932967936059e-49,-220222.326964607,2077.95168695105,2077.95168695105,2.38433646201838e-09,7.89982503330425e-34,7905.68497499749,-4.41120482558431e-31,9.99258768631764e-38,-368450.381707442,"MPA"
"968","Dasyatis","MT_40",2064,798.628177999769,798.628177999765,0.000423961948171711,4.28432375631898e-41,3038.4265948247,-6.09409444337551e-38,1.41004701624935e-44,-284852.59455154,305.224409277533,305.22440925955,1.06121084033665,6.09954889844056e-47,1162.30477658,-2.24687978507434e-43,5.25260081373355e-50,-220222.326964607,2077.95168695168,2077.95168695168,1.22253921931299e-09,1.38749185444945e-34,7905.68497499871,-7.74626439543867e-32,1.75505583493085e-38,-368450.381707442,"MPA"
"969","Dasyatis","MT_40",2065,798.628289435077,798.628289435075,0.000304303328975485,5.94209195738478e-42,3038.42689912803,-8.45063046935568e-39,1.95564769196855e-45,-284852.59455154,305.503340809145,305.503340796703,0.889538216883228,6.61355569563432e-48,1163.19431478444,-2.43372940190846e-44,5.69003571945631e-51,-220222.326964607,2077.951686952,2077.951686952,6.27524504804908e-10,2.43734687924347e-35,7905.68497499934,-1.36052111353967e-32,3.08303061271913e-39,-368450.381707442,"MPA"
"970","Dasyatis","MT_60",2015,218.735229753959,218.735229753959,178.477985439406,23.0851715069255,987.583393832481,-123405.163811146,0.0277402461221077,-448315.651249083,17.8444130600592,17.8444130600592,10.5264016316699,0.945550546202013,77.4709320254679,-60085.6079309246,0.013927668565275,-307294.676174104,357.400700195545,357.400700195545,563.573394653909,590.198973946723,1333.12564270719,-2078724.58552318,0.434049232240163,-2505759.18168154,"MPA"
"971","Dasyatis","MT_60",2016,259.579098548677,259.302448568228,199.305003339136,4.16616314767785,1182.44558404349,-18764.6447963085,0.00422328042714724,-343675.132234245,20.3626699522126,20.3626593225803,11.9200927447677,0.128768239745984,89.2622459008573,-7169.14517647776,0.00166215794693707,-254378.213419657,350.402360699025,350.364423675875,554.307146645704,107.528276692979,1779.86657563676,-385926.00919735,0.0811599261078966,-812960.605355713,"MPA"
"972","Dasyatis","MT_60",2017,310.797205284861,310.501324865903,219.866162210165,0.76040310949945,1401.2554627252,-2856.70551068931,0.000643726050939333,-327767.192948626,23.4619308810545,23.4617706181087,13.6041547774517,0.0177102599757668,102.848530155387,-855.576686790502,0.000198408638088146,-248064.64492997,467.824959518386,467.245211290027,697.362319164063,26.9432884411372,2449.70585813133,-72159.6193196348,0.0152779459164641,-499194.215477998,"MPA"
"973","Dasyatis","MT_60",2018,368.309787428762,368.043408124845,235.583600652033,0.137544405094131,1636.43513966822,-435.411961436509,9.82320850830129e-05,-325345.899399373,27.0329866941043,27.0326329391259,15.5019230869736,0.00243633493465541,118.347663152448,-102.127941413538,2.3688774002832e-05,-247311.196184593,643.887333803231,642.430189849835,871.866525586042,7.02172975542714,3313.09351000854,-13583.0959359391,0.00289409137227071,-440617.692094302,"MPA"
"974","Dasyatis","MT_60",2019,430.125051758929,429.898572434592,243.781855342531,0.0245450590977513,1879.96597062732,-66.4408422251946,1.50070578600112e-05,-324976.928280162,31.1068208601995,31.1062718958676,17.611112502508,0.000334790987859128,135.957891899636,-12.1933646973014,2.82889997807228e-06,-247221.261607877,870.822486593339,868.312089025902,1025.90908442734,1.81146164384607,4334.6807352246,-2572.89286621532,0.000551410436225783,-429607.489024579,"MPA"
"975","Dasyatis","MT_60",2020,494.135356067363,493.950870089082,242.777003250889,0.0043133098774778,2122.55417459005,-10.1498400219235,2.29517504011724e-06,-324920.637277958,35.7355411606611,35.7348146091915,19.9354551510771,4.59394800710716e-05,155.892574559764,-1.4561131913569,3.37897398698776e-07,-247210.524356371,1139.33924443527,1135.89760403682,1105.01343513532,0.45483248081541,5435.79769748066,-490.179924451862,0.000105618646542636,-427524.776082815,"MPA"
"976","Dasyatis","MT_60",2021,557.897897738724,557.754201910426,232.172214122167,0.000745692954334731,2354.58194719096,-1.55224902776391,3.5139995477296e-07,-324912.039686964,40.975227233843,40.9743509133143,22.4740041273804,6.29312272965663e-06,178.365696073493,-0.173923595153047,4.03685896611011e-08,-247209.242166775,1428.75981412497,1424.8808490242,1065.01760433104,0.110008333479003,6496.82632837745,-93.8836215012901,2.03281909405975e-05,-427128.479779865,"MPA"
"977","Dasyatis","MT_60",2022,618.884706980496,618.778092140008,213.060721484401,0.000126791956298063,2567.53592704292,-0.237645730480498,5.38567717163229e-08,-324910.725083667,46.8821234620902,46.8811304487437,25.2179012904878,8.60402983810453e-07,203.582603490231,-0.0207784357236931,4.82384092518522e-09,-247209.089021615,1707.64345804056,1704.05328688866,903.499647456603,0.0254628888810648,7396.71034179327,-18.0683173994405,3.92958172329461e-06,-427052.664475763,"MPA"
"978","Dasyatis","MT_60",2023,674.858108788931,674.78293086851,187.803136058012,2.1212784996214e-05,2755.26386396773,-0.036421076963202,8.26263124037707e-09,-324910.523859013,53.5102038209755,53.509129177485,28.1480266646466,1.17373721132648e-07,231.729555394013,-0.00248288915355756,5.76543695383794e-10,-247209.070726069,1944.1714135121,1941.46663536783,671.894071233288,0.00563326593250861,8065.89400161636,-3.49252563339948,7.62590543610372e-07,-427038.088683997,"MPA"
"979","Dasyatis","MT_60",2024,724.20102903614,724.150643627021,159.411798882783,3.49594179817782e-06,2914.62527394545,-0.00558749138630948,1.2688850599838e-09,-324910.493025428,60.9084250220462,60.9073034768693,31.2327899385641,1.5971299095575e-08,262.961223771429,-0.000296750248070034,6.89224140654759e-11,-247209.06853993,2120.06146215527,2118.40447961576,443.355443070139,0.00119720445011688,8507.59126494254,-0.67774384152808,1.48510019529097e-07,-427035.273902205,"MPA"
"980","Dasyatis","MT_60",2025,766.08801438219,766.05583630185,130.805972493846,5.68472288688407e-07,3045.39906779048,-0.000858042740503318,1.95046555830212e-10,-324910.488295979,69.1174414698825,69.1163057508081,34.4261933373777,2.16704149970861e-09,297.386281387565,-3.54742524050342e-05,8.24094225232754e-12,-247209.068278654,2236.1583691726,2235.31949339235,266.194331879809,0.000246772473388393,8772.94647426962,-0.131982794777944,2.90119114540749e-08,-427034.728141158,"MPA"
"981","Dasyatis","MT_60",2026,800.460953145721,800.441281665942,104.241785375273,9.13882763049633e-08,3149.62118159459,-0.00013189100952717,3.00090673610317e-11,-324910.487569827,78.1658170088891,78.1646966558168,37.6664914389611,2.93089564968399e-10,335.051652473161,-4.24153374958287e-06,9.85554197650311e-13,-247209.068247421,2305.90505230081,2305.5421022557,149.70224127555,4.98567690797879e-05,8922.28571564329,-0.0257828162064344,5.68337055198975e-09,-427034.62194118,"MPA"
"982","Dasyatis","MT_60",2027,827.854976292587,827.843396221628,81.0765090115525,1.45547963100524e-08,3230.68611052063,-2.02918503291254e-05,4.62116011003068e-12,-324910.487458228,88.0658853311788,88.0648058728198,40.8758620934384,3.94985728319122e-11,375.926435108201,-5.0724668898671e-07,1.17888244009726e-13,-247209.068243687,2345.15778366083,2345.01777973553,80.8213264046041,9.95820828653221e-06,9002.96702816438,-0.00505074841641558,1.11612543564814e-09,-427034.601209112,"MPA"
"983","Dasyatis","MT_60",2028,849.162302140659,849.155694648478,61.8351251789191,2.30098151122118e-09,3292.51462820506,-3.12474179532064e-06,7.12229527812756e-13,-324910.487441061,98.809524092258,98.8085065124627,43.9615339484736,5.30210230874835e-12,419.886951476874,-6.06738053833124e-08,1.41041171900369e-14,-247209.06824324,2366.36427873227,2366.31415050009,42.6131298715195,1.97771686242445e-06,9045.530027826,-0.000991883070573498,2.19674998689577e-10,-427034.597150246,"MPA"
"984","Dasyatis","MT_60",2029,865.413477469605,865.409798991709,46.4401588288332,3.61720011958322e-10,3338.95110855564,-4.81591147622432e-07,1.09861523045439e-13,-324910.487438418,110.364225479481,110.363285929155,46.8187662465429,7.08659577056291e-13,466.70477817309,-7.25885410600095e-09,1.68774099219157e-15,-247209.068243187,2377.55165303675,2377.53445271703,22.1753863936534,3.91867520728535e-07,9067.68821350806,-0.000195221163494448,4.33217336071878e-11,-427034.596353584,"MPA"
"985","Dasyatis","MT_60",2030,877.618967947122,877.616957639285,34.468303283057,5.66270597053823e-11,3373.4174015308,-7.42849236297401e-08,1.69595504220112e-14,-324910.487438011,122.669950065078,122.669099796329,49.3359151628621,9.42738121938865e-14,516.039843067203,-8.68598000962282e-10,2.01998997816845e-16,-247209.06824318,2383.37577067658,2383.36998652069,11.4586715670418,7.76058699308763e-08,9079.14110084161,-3.84991785477742e-05,8.55850962438182e-12,-427034.596196862,"MPA"
"986","Dasyatis","MT_60",2031,886.678181899766,886.677097561237,25.3554167269171,8.83858279119709e-12,3398.77173391918,-1.14674495177085e-08,2.62006904749025e-15,-324910.487437948,135.637312367878,135.636557878068,51.4015334686699,1.24783776006345e-14,567.440622046063,-1.03956731681572e-10,2.41810515917248e-17,-247209.06824318,2386.38607865502,2386.38414440778,5.89889403320909,1.53752850124701e-08,9085.0380606122,-7.60577465897714e-06,1.69347366848985e-12,-427034.596165969,"MPA"
"987","Dasyatis","MT_60",2032,893.342383411032,893.341803496859,18.5282147971073,1.37673254002655e-12,3417.29936880211,-1.77159053693082e-09,4.0506774872518e-16,-324910.487437938,149.147632564995,149.146975939749,52.913056062995,1.64286895643266e-15,620.353021483813,-1.24442451609388e-11,2.89522765497463e-18,-247209.068243179,2387.93605155957,2387.93540263935,3.03074394756764,3.04862783019353e-09,9088.06815563651,-1.50495526887893e-06,3.35565781850018e-13,-427034.596159868,"MPA"
"988","Dasyatis","MT_60",2033,898.212237229135,898.211928560033,13.473037556829,2.14155503001347e-13,3430.77209768984,-2.73890458554614e-10,6.26680603473555e-17,-324910.487437937,163.055271184553,163.054710621479,53.7861886836533,2.15084721392697e-16,674.138649604393,-1.48992967651232e-12,3.46713553054341e-19,-247209.068243179,2388.73248995641,2388.73227046581,1.55552303874681,6.05072143446201e-10,9089.62345918405,-2.98210359519688e-07,6.65787422158717e-14,-427034.596158662,"MPA"
"989","Dasyatis","MT_60",2034,901.753445841499,901.753281835345,9.76195704648305,3.32849406578187e-14,3440.53389073017,-4.23735146177834e-11,9.70188084986977e-18,-324910.487437936,177.192431600175,177.191962081543,53.9637510929806,2.79954583818595e-17,728.101931178741,-1.78419935212705e-13,4.15277566142417e-20,-247209.068243179,2389.14129016038,2389.1412151378,0.79793136621447,1.20211386932085e-10,9090.42131552756,-5.91671431053732e-08,1.32251228722484e-14,-427034.596158423,"MPA"
"990","Dasyatis","MT_60",2035,904.319262007964,904.319174814788,7.05458767786085,5.17094985383609e-15,3447.58839121486,-6.55999404289707e-12,1.50294986864802e-18,-324910.487437936,191.37628693156,191.375900998434,53.4225593843618,3.62223607010323e-18,781.524104629977,-2.13698021379194e-14,4.97490336521858e-21,-247209.068243179,2389.35100088629,2389.35097495653,0.409193193500724,2.39060758242222e-11,9090.83048279127,-1.1752890949206e-08,2.6298094448456e-15,-427034.596158375,"MPA"
"991","Dasyatis","MT_60",2036,906.173486054218,906.173439588897,5.08840718046754,8.03184777229205e-16,3452.67675193,-1.01622875225332e-12,2.32970034028624e-19,-324910.487437936,205.417915935839,205.417604503191,52.1770689781708,4.65854869675713e-19,833.700862175499,-2.55997813988121e-15,5.96085172332482e-22,-247209.068243179,2389.45854751996,2389.45853846107,0.209808856545557,4.75853048507623e-12,9091.04028258892,-2.33705675895576e-09,5.23442879562672e-16,-427034.596158366,"MPA"
"992","Dasyatis","MT_60",2037,907.51092458931,907.510899737551,3.66518345166864,1.24757617196148e-16,3456.34191052991,-1.57523977059376e-13,3.61335933553922e-20,-324910.487437936,219.132196444647,219.131949591287,50.2789666743905,5.95550571795834e-20,883.979581996529,-3.06725403358958e-16,7.1434569936552e-23,-247209.068243179,2389.51369186796,2389.51368867184,0.107567925628989,9.48010912773599e-13,9091.14784731843,-4.65172754340372e-10,1.04279695538471e-16,-427034.596158364,"MPA"
"993","Dasyatis","MT_60",2038,908.474284819285,908.474271467225,2.63741917213712,1.93813203256346e-17,3458.97931634999,-2.44319136616133e-14,5.60746617855743e-21,-324910.487437936,232.347591568574,232.347399240237,47.812613517649,7.56878468152461e-21,931.792003185841,-3.67569994477537e-17,8.56217190855939e-24,-247209.068243179,2389.54196447329,2389.54196333581,0.0551469884361558,1.89018203872164e-13,9091.20299316939,-9.267118676865e-11,2.07914563757823e-17,-427034.596158363,"MPA"
"994","Dasyatis","MT_60",2039,909.167507720316,909.167500510267,1.89649817030045,3.01164553065851e-18,3460.87580731024,-3.79151517789414e-15,8.70674629141623e-22,-324910.487437936,244.914738069071,244.914590647412,44.8870196733752,9.56429024507285e-22,976.678875437558,-4.40561184838216e-18,1.0264405150953e-24,-247209.068243179,2389.55645915836,2389.5564587505,0.0282715531270571,3.77154265783207e-14,9091.23126431465,-1.84769328305422e-11,4.14856280370325e-18,-427034.596158363,"MPA"
"995","Dasyatis","MT_60",2040,909.665986549489,909.665982635266,1.36302061793283,4.68117144139978e-19,3462.23882401395,-5.88710639318678e-16,1.35259734935617e-22,-324910.487437936,256.712925349797,256.712814061347,41.6256602500619,1.20201166223678e-22,1018.30442439917,-5.28137877503829e-19,1.23071331327546e-25,-247209.068243179,2389.56389002288,2389.5638898757,0.0144934303114804,7.53072429628092e-15,9091.24575759778,-3.68674107000415e-12,8.28350316622543e-19,-427034.596158363,"MPA"
"996","Dasyatis","MT_60",2041,910.024245557756,910.024243421289,0.979246059624471,7.27866474270058e-20,3463.21806793711,-9.14564680886552e-17,2.10230001860807e-23,-324910.487437936,267.653897568981,267.653814731309,38.1557453707885,1.5028991435819e-23,1056.46008693229,-6.33231201926027e-20,1.47588396370228e-26,-247209.068243179,2389.56769947674,2389.56769942334,0.00743000318737624,1.50465211718316e-15,9091.25318754756,-7.36137615423538e-13,1.65505603665574e-19,-427034.596158363,"MPA"
"997","Dasyatis","MT_60",2042,910.281632687208,910.281631514886,0.703340783121748,1.13215196198734e-20,3463.92140754791,-1.42147921851033e-17,3.26907500446795e-24,-324910.487437936,277.682835425498,277.682774547788,34.5984786862944,1.87012980504892e-24,1091.05850474087,-7.59364300737051e-21,1.77018502589502e-27,-247209.068243179,2389.5696523849,2389.56965236544,0.00380894404203406,3.00814204730288e-16,9091.25699647214,-1.47081371151346e-13,3.30883101069416e-20,-427034.596158363,"MPA"
"998","Dasyatis","MT_60",2043,910.466500378671,910.46649973212,0.505076101212464,1.76164358005609e-21,3464.42648300257,-2.21039888769175e-18,5.08569154107366e-25,-324910.487437936,286.776777427814,286.776733196272,31.0614421172359,2.31687824262944e-25,1122.11990262656,-9.10772426028153e-22,2.1235142289524e-28,-247209.068243179,2389.57065353297,2389.57065352585,0.00195262487045611,6.01736709491869e-17,9091.25894908989,-2.94048896871985e-14,6.61885050357036e-21,-427034.596158363,"MPA"
"999","Dasyatis","MT_60",2044,910.599255781444,910.599255423154,0.362650476234116,2.74215970303609e-22,3464.78913312051,-3.43871154303819e-19,7.91519091700717e-26,-324910.487437936,294.941039517662,294.941007701491,27.6336836784699,2.85890646450216e-26,1149.75355448886,-1.09254749402494e-22,2.54777272097606e-29,-247209.068243179,2389.57116676432,2389.5711667617,0.00100099561502584,1.20432920613493e-17,9091.2599500829,-5.88203411596705e-15,1.32471114603495e-21,-427034.596158363,"MPA"
"1000","Dasyatis","MT_60",2045,910.694575722314,910.694575522882,0.260361575212929,4.26999660330399e-23,3465.04949449629,-5.35188901272986e-20,1.23239725111274e-26,-324910.487437936,302.204343543246,302.204320855331,24.3835306530256,3.51510967044144e-27,1174.13706245397,-1.31081209725224e-23,3.05727228826905e-30,-247209.068243179,2389.57142986803,2389.57142986707,0.000513150754377958,2.41157334998823e-18,9091.26046323269,-1.17724311042632e-15,2.65262830809962e-22,-427034.596158363,"MPA"
"1001","Dasyatis","MT_60",2046,910.763009812685,910.763009701224,0.186910973020892,6.65149881946704e-24,3465.23640535785,-8.33290451555376e-21,1.91959705916473e-27,-324910.487437936,308.613370929253,308.613354869628,21.3587301648278,4.30817382372789e-28,1195.49577655918,-1.57292899806649e-24,3.66922565440214e-31,-247209.068243179,2389.57156474572,2389.57156474536,0.000263061562540261,4.83124970148673e-19,9091.2607262939,-2.35733534021695e-16,5.31416927391477e-23,-427034.596158363,"MPA"
"1002","Dasyatis","MT_60",2047,910.812137970626,910.8121379081,0.134174702574904,1.03648920219747e-24,3465.3705799979,-1.29794337627397e-21,2.99110675565146e-28,-324910.487437936,314.227353290856,314.227341993003,18.5882894059401,5.26536611426183e-29,1214.08405466726,-1.8877533628095e-25,4.40433686443391e-32,-247209.068243179,2389.57163388944,2389.57163388931,0.000134855780700319,9.68301265207485e-20,9091.26086114955,-4.72259117299922e-17,1.0650901941542e-23,-427034.596158363,"MPA"
"1003","Dasyatis","MT_60",2048,910.847404797033,910.84740476184,0.0963142710607114,1.61569259562234e-25,3465.46689423377,-2.02244897878905e-22,4.66239485309194e-29,-324910.487437936,319.113146738784,319.113138830986,16.0853378923618,6.41948430778133e-30,1230.16938465183,-2.26593648522438e-26,5.28751225036659e-33,-247209.068243179,2389.57166933526,2389.57166933521,6.91323889020343e-05,1.94152367920964e-20,9091.26093028189,-9.46523396235542e-18,2.13559341092776e-24,-427034.596158363,"MPA"
"1004","Dasyatis","MT_60",2049,910.872720292089,910.872720272221,0.069135207275215,2.51939584136232e-26,3465.53602942118,-3.15249716044273e-23,7.2700040665674e-30,-324910.487437936,323.341058511427,323.341052999006,13.8504131937643,7.80999689228389e-31,1244.01979233317,-2.72029154355963e-27,6.34871668312949e-34,-247209.068243179,2389.5716875062,2389.57168750618,3.54399778035545e-05,3.89444912611734e-21,9091.26096572185,-1.89785723253763e-18,4.28372824846045e-25,-427034.596158363,"MPA"
"1005","Dasyatis","MT_60",2050,910.890891972311,910.890891961065,0.0496249098668812,3.92981989634152e-27,3465.5856543198,-4.91564263151937e-24,1.13397173279387e-30,-324910.487437936,326.981537242547,326.981533412258,11.8747175247534,9.48441298043725e-32,1255.89450602763,-3.26623410116442e-28,7.62400489218882e-35,-247209.068243179,2389.57169682133,2389.57169682132,1.81679210242922e-05,7.8146801809967e-22,9091.26098388976,-3.80685976878705e-19,8.5958154874902e-26,-427034.596158363,"MPA"
"1006","Dasyatis","MT_60",2051,910.903935515297,910.903935508916,0.0356200340774984,6.13171900662095e-28,3465.6212743475,-7.66739563586787e-25,1.76931682498699e-31,-324910.487437936,330.102719206098,330.102716551212,10.1430529810434,1.14999292913508e-32,1266.03755635379,-3.92231267159282e-29,9.15676375509447e-36,-247209.068243179,2389.57170159663,2389.57170159663,9.3135870440846e-06,1.56866251694905e-22,9091.26099320334,-7.63892157980955e-20,1.72546197906849e-26,-427034.596158363,"MPA"
"1007","Dasyatis","MT_60",2052,910.913297980014,910.913297976385,0.0255672914306173,9.57017844188305e-29,3465.6468416353,-1.19633070448518e-25,2.76146113042469e-32,-324910.487437936,332.768746071921,332.768744235133,8.63628426942982,1.39254114825263e-33,1274.67383878643,-4.71084781827723e-30,1.0999208841668e-36,-247209.068243179,2389.57170404464,2389.57170404464,4.7745085795367e-06,3.14987143655147e-23,9091.26099797785,-1.53338200037232e-20,3.46472446331298e-27,-427034.596158363,"MPA"
"1008","Dasyatis","MT_60",2053,910.920018155304,910.920018153237,0.0183515221265243,1.4941044543941e-29,3465.66519315536,-1.86717306841004e-26,4.31118496104215e-33,-324910.487437936,335.038729976751,335.038728707643,7.33328409729401,1.68437789806587e-34,1282.00712161462,-5.65870205670935e-31,1.32141874015092e-37,-247209.068243179,2389.57170529959,2389.57170529959,2.44759950760973e-06,6.32693683320167e-24,9091.26100042545,-3.07902822127688e-21,6.95936112120085e-28,-427034.596158363,"MPA"
"1009","Dasyatis","MT_60",2054,910.924841718624,910.924841717444,0.0131721689503744,2.33324372944415e-30,3465.67836532313,-2.91502507067654e-27,6.73245567417273e-34,-324910.487437936,336.966229930507,336.966229054411,6.21238593588427,2.03548766990431e-35,1288.21950667441,-6.79820740773935e-32,1.58773507233157e-38,-247209.068243179,2389.57170594292,2389.57170594292,1.25473426126547e-06,1.27123061787879e-24,9091.26100168019,-6.18463878473659e-22,1.39829955142559e-28,-427034.596158363,"MPA"
"1010","Dasyatis","MT_60",2055,910.928303926937,910.928303926262,0.00945455159061764,3.64462405781263e-31,3465.68781987405,-4.55217700249287e-28,1.05163366984081e-34,-324910.487437936,338.599110073823,338.599109469359,5.25240714461978,2.45789341501179e-36,1293.47191321456,-8.16828297574211e-33,1.90797717494688e-39,-247209.068243179,2389.57170627272,2389.57170627272,6.43226254515809e-07,2.55492755522592e-25,9091.26100232341,-1.2426395882922e-22,2.81031152307005e-29,-427034.596158363,"MPA"
"1011","Dasyatis","MT_60",2056,910.93078898675,910.930788986364,0.00678615010140975,5.69448301551793e-32,3465.69460602376,-7.11066337578441e-29,1.64310327746857e-35,-324910.487437936,339.979666858616,339.979666441675,4.43332072249692,2.96607330867406e-37,1297.90523352012,-9.81578159012945e-34,2.29310994572294e-40,-247209.068243179,2389.57170644178,2389.57170644178,3.29743161306269e-07,5.13629354510195e-26,9091.26100265315,-2.49746511785696e-23,5.64970419811871e-30,-427034.596158363,"MPA"
"1012","Dasyatis","MT_60",2057,910.932572676752,910.932572676531,0.00487085480858922,8.89939427401685e-33,3465.69947687835,-1.11099089152535e-29,2.56785299505292e-36,-324910.487437936,341.144932795327,341.144932507746,3.73665435980409,3.57746296790971e-38,1301.64188759234,-1.17971125885221e-34,2.75633603713074e-41,-247209.068243179,2389.57170652846,2389.57170652846,1.6903928377722e-07,1.03283757170859e-26,9091.26100282219,-5.02077404771026e-24,1.13607735099363e-30,-427034.596158363,"MPA"
"1013","Dasyatis","MT_60",2058,910.933852945386,910.933852945259,0.00349611999823433,1.39112777579908e-33,3465.70297299822,-1.73626413203602e-30,4.01398847499643e-37,-324910.487437936,342.127085089212,342.127084890832,3.14568756785593,4.31306072464305e-39,1304.78757496182,-1.41801975191127e-35,3.31355403185189e-42,-247209.068243179,2389.57170657289,2389.57170657289,8.66562507416214e-08,2.07739667014815e-27,9091.26100290885,-1.00960819894952e-24,2.28504788225007e-31,-427034.596158363,"MPA"
"1014","Dasyatis","MT_60",2059,910.934771875018,910.934771874945,0.00250938364525563,2.17505412114159e-34,3465.70548238179,-2.71407445239082e-31,6.27593921951115e-38,-324910.487437936,342.953906091655,342.953905954773,2.64550612641023,5.19815717835672e-40,1307.43308095135,-1.70468272414974e-36,3.98391069789275e-43,-247209.068243179,2389.57170659566,2389.57170659566,4.44233618413e-08,4.17932946783742e-28,9091.26100295327,-2.03067429774404e-25,4.59708446001077e-32,-427034.596158363,"MPA"
"1015","Dasyatis","MT_60",2060,910.935431448204,910.935431448163,0.00180114011339967,3.40146355645811e-35,3465.70728352187,-4.24350154446468e-32,9.81463535707157e-39,-324910.487437936,343.6492580632,343.649257968719,2.22296085442162,6.2632146238651e-41,1309.65604171129,-2.04955030237663e-37,4.79046669013118e-44,-247209.068243179,2389.57170660734,2389.57170660734,2.27734415535155e-08,8.4098529727699e-29,9091.26100297605,-4.08533288515166e-26,9.25048018095397e-33,-427034.596158363,"MPA"
"1016","Dasyatis","MT_60",2061,910.935904864747,910.935904864723,0.00129278921548053,5.32047870388929e-36,3465.70857631106,-6.63620516810627e-33,1.53517832541316e-39,-324910.487437936,344.233547100236,344.233547034995,1.86656641640864,7.54492722619698e-42,1311.52260806245,-2.46448612689785e-38,5.76099906074867e-45,-247209.068243179,2389.57170661332,2389.57170661332,1.16744878259663e-08,1.692621744768e-29,9091.26100298772,-8.22070841104502e-27,1.86181184789868e-33,-427034.596158363,"MPA"
"1017","Dasyatis","MT_60",2062,910.936244664966,910.936244664952,0.000927914132622603,8.32379417209189e-37,3465.70950422518,-1.03801699850978e-33,2.40175825197393e-40,-324910.487437936,344.724160463971,344.7241604189,1.56636626712565,9.08749918279869e-43,1313.08897428451,-2.96378020600222e-39,6.92896876267181e-46,-247209.068243179,2389.57170661639,2389.57170661639,5.98457080398132e-09,3.40734803027935e-30,9091.2610029937,-1.65455327922507e-27,3.74793774940525e-34,-427034.596158363,"MPA"
"1018","Dasyatis","MT_60",2063,910.93648856043,910.936488560422,0.000666020731823318,1.30249021303631e-37,3465.7101702459,-1.6239585005819e-34,3.7582209687465e-41,-324910.487437936,345.135868411327,345.135868380175,1.3137821046621,1.09441857992946e-43,1314.40275635802,-3.56464665171246e-40,8.33468714887406e-47,-247209.068243179,2389.57170661797,2389.57170661797,3.06853137228835e-09,6.86046765490184e-31,9091.26100299677,-3.33071394975211e-28,7.54622230364162e-35,-427034.596158363,"MPA"
"1019","Dasyatis","MT_60",2064,910.936663619124,910.936663619119,0.000478043731378694,2.03848283062699e-38,3465.71064828963,-2.5411362211616e-35,5.88186181328128e-42,-324910.487437936,345.48118645582,345.481186434277,1.10146023850329,1.31791516816494e-44,1315.50421657498,-4.28782378969393e-41,1.00267224927073e-47,-247209.068243179,2389.57170661877,2389.57170661877,1.57263462603545e-09,1.38155250085566e-31,9091.26100299835,-6.70617005275986e-29,1.5196489248304e-35,-427034.596158363,"MPA"
"1020","Dasyatis","MT_60",2065,910.936789269434,910.936789269431,0.000343121119819628,3.19092206193599e-39,3465.71099141074,-3.97704451778352e-36,9.2071219607175e-43,-324910.487437936,345.770697247507,345.770697232602,0.923122838384328,1.58697114441572e-45,1316.42733939846,-5.15829774887159e-42,1.20635960297236e-48,-247209.068243179,2389.57170661919,2389.57170661919,8.05747737706137e-10,2.78261754877847e-32,9091.26100299915,-1.35048024035661e-29,3.06076082059545e-36,-427034.596158363,"MPA"
"1021","Epinephelus","MT",2015,4035.18016199566,4035.18016199566,362.924707351306,379.500422791484,16102.9859445598,-238384.332197191,0.0235428500350105,-4982501.89695419,3284.50406774899,3284.50406774899,0,46.8489731400441,13073.94457686,-30520.7923000449,0.00357058991603782,-724913.962257174,4817.08029556237,4817.08029556237,1594.50158427915,2388.71430833974,18448.8494759394,-2092531.67578266,-0.197473322230906,-34504502.2862692,"MPA"
"1022","Epinephelus","MT",2016,4031.03079369856,4026.57068589963,363.167445854559,375.342363704704,16086.3509189107,-223295.958381282,0.0233944613362219,-4967413.52313828,3272.7764506455,3272.77514610407,0,7.57513718385178,13066.3681351347,-4950.83304758407,0.000579408734568882,-699344.003004713,4618.26648808233,4617.79051759878,1536.8555405827,213205.38621492,3188.28296507163,12799664.1598756,10.3831301321906,-19612306.4506109,"MPA"
"1023","Epinephelus","MT",2017,4026.86657838618,4017.25137501849,363.306698635359,385.670738451425,16054.371675727,-221889.093479042,0.0242139842866979,-4966006.65823604,3270.87985395179,3270.86115135232,0,1.22898289386472,13065.1204496413,-803.385058563418,9.40573676105541e-05,-695196.555015693,798.116998640875,812.107087832371,286.781456904157,7477.48176423643,543.747700988177,-673074889.7251,-282.260546781081,-705486860.335587,"MPA"
"1024","Epinephelus","MT",2018,4018.86127337774,4002.5585017635,363.577300011592,405.719241804908,15995.9269623194,-229662.835059776,0.0257210103183426,-4973780.39981677,3270.56752314173,3270.53239367175,0,0.19955941558404,13064.8857607558,-130.416217328178,1.52742832312004e-05,-694523.586174457,136.115359861357,293.140087229111,52.2351724386208,7079731.94859816,145.191052686077,18297173346.9663,8623.99772612465,18264761376.3558,"MPA"
"1025","Epinephelus","MT",2019,4004.23091598403,3979.72080081594,364.155529291527,432.627013602965,15902.9453628399,-243957.645047766,0.0277548093786612,-4988075.20980476,3270.50877390554,3270.46283595806,0,0.0324182983301479,13064.80740451,-21.1787162414056,2.48134147367911e-06,-694414.348673371,36.3454086317956,18.3453044447206,14.0360919940194,36850.1092921267,12.2854280499416,-559041514346.962,-256501.515571411,-559073926317.573,"MPA"
"1026","Epinephelus","MT",2020,3980.95500355141,3947.10270014699,365.15656373925,464.560324366995,15769.6892988077,-263249.131656307,0.0302289596756529,-5007366.69641331,3270.48915913093,3270.43783952375,0,0.00526827633559728,13064.7508166264,-3.44052985399381,4.03243404267333e-07,-694396.610486983,3.07538856169798,4.54646350078746,1.19089541358587,142457873.217867,2.25443127414269,16627437613800.5,7676543.51245291,16627405201829.9,"MPA"
"1027","Epinephelus","MT",2021,3947.59725863316,3903.75783693934,366.629136568298,500.260054242934,15592.2189594393,-286717.73290011,0.0331037692055284,-5030835.29765711,3270.47499359034,3270.42242671454,0,0.000856445990160518,13064.6973933047,-0.559121343986721,6.55541752269635e-08,-694393.729078473,0.564347625939302,0.284526957254973,0.218570295567995,28792.5409224575,0.190550468625979,-497623800297840,-229403351.036876,-497623832709810,"MPA"
"1028","Epinephelus","MT",2022,3903.17143565689,3849.15706662987,368.55462470606,538.784172817342,15367.975042301,-313987.139940741,0.036369583220185,-5058104.70469774,3270.46162022866,3270.41063179552,0,0.000139277547966174,13064.646265594,-0.0908948252744475,1.06606341073677e-08,-694393.260851955,0.0477001476266276,0.0620537175741961,0.0184749145032247,1973984160.09345,0.0307856027598863,14870829170944766,6857860247.23295,14870829138532796,"MPA"
"1029","Epinephelus","MT",2023,3847.0368691612,3783.02532511542,370.849970489226,579.349595625234,15095.4638731192,-344965.971418093,0.0400367601693518,-5089083.53617509,3270.44882152307,3270.40116929212,0,2.2657349122027e-05,13064.5985907057,-0.0147816134765662,1.73425322618903e-09,-694393.184738743,0.00770650320101644,0.00388344818883675,0.0029848411098233,20791.4692774657,0.00260083809171366,-444553524983160128,-204993367621.584,-444553525015572096,"MPA"
"1030","Epinephelus","MT",2024,3778.81965041801,3705.24928842949,373.372927852845,621.22959783051,14774.036841153,-379752.6988729,0.0441297417366027,-5123870.2636299,3270.43688715615,3270.39352987207,0,3.68706777231503e-06,13064.5552297345,-0.00240464692222364,2.82218794525226e-10,-694393.172361776,0.000651063006154076,0.0007967446665871,0.000252166344863716,24074824324.7516,0.000395378177321927,13288477876099811328,6127738330802.07,13288477876067399680,"MPA"
"1031","Epinephelus","MT",2025,3698.35741389593,3615.83145618858,375.928608488102,663.684942830194,14403.7545491036,-418579.405281512,0.0486836467318951,-5162696.97003851,3270.42603268415,3270.38736493056,0,6.00197702778919e-07,13064.5165613807,-0.000391313418746912,4.59409974766023e-11,-694393.170348443,9.89742904470171e-05,4.9861905996582e-05,3.83342099471207e-05,14361.5530906424,3.33940812614292e-05,-3.97224145276455e+20,-183171689135336,-3.97224145276488e+20,"MPA"
"1032","Epinephelus","MT",2026,3605.66533015746,3514.87448147158,378.276957457922,705.917374111192,13985.3232837644,-461779.482450763,0.0537424323399521,-5205897.04720776,3270.41635290641,3270.38239197291,0,9.77340336320023e-08,13064.4826003495,-6.36999704106223e-05,7.4808864542892e-12,-694393.170020829,8.35947881688181e-06,9.89124324986725e-06,3.23775009587756e-06,276209425574.904,4.90919209953564e-06,1.18739106873854e+22,5475415047869194,1.18739106873854e+22,"MPA"
"1033","Epinephelus","MT",2027,3500.92020267393,3402.58492116558,380.141318368219,747.039791647474,13520.0895289768,-509770.19426047,0.0593580414728111,-5253887.75901747,3270.40785150405,3270.37837807474,0,1.5919619004841e-08,13064.4531269043,-1.03727013727533e-05,1.21854318265074e-12,-694393.169967502,1.22890901063572e-06,6.1901417329449e-07,4.75974681681411e-07,9643.42853632799,4.14575848541838e-07,-3.54937979562681e+23,-163672457482264320,-3.54937979562681e+23,"MPA"
"1034","Epinephelus","MT",2028,3384.45909426376,3279.28908532293,381.218579735232,786.060856165698,13010.0772436055,-563044.591992119,0.0655901845706052,-5307162.15674912,3270.40047347083,3270.37513310639,0,2.59389212122475e-09,13064.4277865372,-1.68958380299549e-06,1.98545957971473e-13,-694393.169958819,1.03780008102189e-07,1.20368022687804e-07,4.01955359577986e-08,3064019332101.62,5.97461927812113e-08,1.06098936538923e+25,4892537859002492928,1.06098936538923e+25,"MPA"
"1035","Epinephelus","MT",2029,3256.78865881941,3145.45584103055,381.191507318934,821.883967324318,12458.0519658113,-622169.445689085,0.0725065448585993,-5366287.01044608,3270.39413006345,3270.37250355804,0,4.22766501648506e-10,13064.4061600314,-2.75295976763113e-07,3.23601461051822e-14,-694393.169957405,1.49561543266873e-08,7.53287632029304e-09,5.79274033627294e-09,6357.88951717822,5.0450553543245e-09,-3.17153583322248e+26,-1.46248957295621e+20,-3.17153583322248e+26,"MPA"
"1036","Epinephelus","MT",2030,3118.60118841176,3001.7224294145,379.743756836908,853.321942705861,11867.5950209451,-687787.189676316,0.0801832824566033,-5431904.75443331,3270.3887163401,3270.37036647171,0,6.89248230407615e-11,13064.3878101629,-4.48692994962975e-08,5.27577447119902e-15,-694393.169957174,1.26291940881104e-09,1.44677966916862e-09,4.89147413238161e-10,33317425515568.8,7.18168993744366e-10,9.48043371357894e+27,4.37171018947835e+21,9.48043371357894e+27,"MPA"
"1037","Epinephelus","MT",2031,2970.79318961555,2848.9198582731,376.577726109771,879.129373008899,11243.1700427035,-760620.69978558,0.0887057660252406,-5504738.26454258,3270.38412285135,3270.36862386412,0,1.12402041110755e-11,13064.3723111757,-7.31518036249642e-09,8.60370121439028e-16,-694393.169957137,1.79777920618572e-10,9.05424220420123e-11,6.9630654350862e-11,4142.26495226133,6.06398714198652e-11,-2.8339148143498e+29,-1.30680247654889e+23,-2.8339148143498e+29,"MPA"
"1038","Epinephelus","MT",2032,2814.48203562757,2688.09446878926,371.43485297382,898.054456565745,10590.1628722732,-841480.225400658,0.0981694937643844,-5585597.79015766,3270.38024301844,3270.36719787536,0,1.83355186242813e-12,13064.3592660326,-1.19295520729767e-09,1.40347537242064e-16,-694393.169957131,1.51798672532518e-11,1.72536518578071e-11,5.87938766988926e-12,357833884506789,8.56488286107256e-12,8.47120860535084e+30,3.90632644705355e+24,8.47120860535084e+30,"MPA"
"1039","Epinephelus","MT",2033,2651.01595414599,2520.522059462,364.117230165942,908.910933845548,9914.87527390965,-931272.113975562,0.108681186465697,-5675389.67873256,3270.37697745181,3270.36602670119,0,2.99178023153533e-13,13064.348315282,-1.94600348689662e-10,2.29003272107504e-17,-694393.16995713,2.14403134153318e-12,1.07976871777112e-12,8.30415129655759e-13,2677.96763613091,7.2316531664356e-13,-2.53223473381991e+32,-1.16768881171518e+26,-2.53223473381991e+32,"MPA"
"1040","Epinephelus","MT",2034,2481.97245420267,2347.71071212623,354.508578477859,910.6683468499,9224.45376346116,-1031009.16430124,0.120360048805881,-5775126.72905824,3270.37423617059,3270.36506126525,0,4.88293233510851e-14,13064.3391403766,-3.17526887432189e-11,3.73760192388588e-18,-694393.169957129,1.81028640921704e-13,2.04717175636381e-13,7.01150768695869e-14,3813100792660201,1.01626080907069e-13,7.56941901143048e+33,3.49048442189684e+27,7.56941901143048e+33,"MPA"
"1041","Epinephelus","MT",2035,2309.14050993895,2171.38846154061,342.591858020971,902.555155736892,8526.7384173469,-1141822.57345697,0.133339204117314,-5885940.13821397,3270.37193943345,3270.36426254136,0,7.97155983420135e-15,13064.3314634846,-5.18241113188301e-12,6.10177141439116e-19,-694393.169957129,2.54398695365994e-14,1.28116183208251e-14,9.85323868659214e-15,1722.56909969719,8.58047409129576e-15,-2.26266954664051e+35,-1.04338427988846e+29,-2.26266954664051e+35,"MPA"
"1042","Epinephelus","MT",2036,2134.48271323555,1993.47246681921,328.46034745571,884.164483951327,7830.02403443494,-1264975.52918677,0.147767314311315,-6009093.09394377,3270.3700176912,3270.36359942357,0,1.30171101820096e-15,13064.3250452169,-8.46047513197132e-13,9.96385604488117e-20,-694393.169957129,2.14793426546032e-15,2.42095686299109e-15,8.31926789964172e-16,40426800241196048,1.20183496402695e-15,6.76362805327779e+36,3.11891022544057e+30,6.76362805327779e+36,"MPA"
"1043","Epinephelus","MT",2037,1960.0754858058,1816.01765620665,312.319170036194,855.547201580083,7142.7381732919,-1401878.5615325,0.16381040158201,-6145996.1262895,3270.3684110181,3270.36304704488,0,2.12613885661895e-16,13064.3196812437,-1.38154890808099e-13,1.62743888755052e-20,-694393.169957129,3.00853131563027e-16,1.51508417422265e-16,1.16524878818049e-16,1104.34543223434,1.01471562055168e-16,-2.02180051042171e+38,-9.32312397441442e+31,-2.02180051042171e+38,"MPA"
"1044","Epinephelus","MT",2038,1788.02848285371,1641.14510977791,294.475233885484,817.273176850378,6473.05685725121,-1554106.81531639,0.181653892686538,-6298224.38007339,3270.36706826457,3270.36258545671,0,3.47353418436121e-17,13064.3151984359,-2.25654245639701e-14,2.65879473903681e-21,-694393.169957129,2.54011891171812e-17,2.85675102836549e-17,9.83825718660935e-18,427188687230121856,1.41819097564138e-17,6.04361634279912e+39,2.78689139345228e+33,6.04361634279912e+39,"MPA"
"1045","Epinephelus","MT",2039,1620.38839323191,1470.95367719656,275.315433242394,770.440970977925,5828.49660348034,-1723419.44472215,0.201504910423663,-6467537.00947915,3270.36594609154,3270.36219859481,0,5.67612051476501e-18,13064.3114509391,-3.68657972998241e-15,4.3447519107934e-22,-694393.169957129,3.55013133206338e-18,1.78781304984647e-18,1.37501850523427e-18,706.449844935674,1.19737415436431e-18,-1.80657282015091e+41,-8.33064502865424e+34,-1.80657282015091e+41,"MPA"
"1046","Epinephelus","MT",2040,1459.03681282999,1307.42208745478,255.275443429783,716.621311078074,5215.53601045684,-1911781.36652512,0.223594840705785,-6655898.93128212,3270.36500798759,3270.36187347039,0,9.27745636468222e-19,13064.3083164219,-6.02426133090063e-16,7.10137446749544e-23,-694393.169957129,2.99736465301452e-19,3.36613667702051e-19,1.16092377417335e-19,4504250559914946560,1.67107936836453e-19,5.40025238100465e+42,2.49021711992417e+36,5.40025238100465e+42,"MPA"
"1047","Epinephelus","MT",2041,1305.59551726479,1152.31222245079,234.80386185754,657.731644636294,4639.32493286408,-2121387.6419447,0.248182207534205,-6865505.2067017,3270.36422332968,3270.36159953752,0,1.5167037398862e-19,13064.3056926298,-9.846485252771e-17,1.16095223343469e-23,-694393.169957129,4.18318218483416e-20,2.10659697642162e-20,1.62020848720833e-20,451.261105507967,1.41087767147834e-20,-1.61425686544484e+44,-7.44381891562264e+37,-1.61425686544484e+44,"MPA"
"1048","Epinephelus","MT",2042,1161.35366016801,1007.08605683383,214.327884325408,595.856669537709,4103.5285443176,-2354690.79074251,0.275555892385096,-7098808.35549951,3270.36356652062,3270.36136819765,0,2.48007264855705e-20,13064.3034943068,-1.60973049675871e-17,1.89835784020973e-24,-694393.169957129,3.53182407253624e-21,3.96256362563844e-21,1.36792783216463e-21,47424117126083633152,1.96717761921093e-21,4.82537674869006e+45,2.22512485378258e+39,4.82537674869006e+45,"MPA"
"1049","Epinephelus","MT",2043,1027.22873769592,872.847790711969,194.226381066125,533.047853904643,3610.32612449513,-2614431.37741411,0.306038739103813,-7358548.94217111,3270.36301621848,3270.36117241097,0,4.05617964821316e-21,13064.3016504993,-2.63218797633233e-18,3.10478069647851e-25,-694393.169957129,4.92439947908721e-22,2.47985312350327e-22,1.90729293582935e-22,287.976331487414,1.66086352554312e-22,-1.44241361243226e+47,-6.65139852412276e+40,-1.44241361243226e+47,"MPA"
"1050","Epinephelus","MT",2044,903.766284913818,750.318380742913,174.813991089636,471.145307734717,3160.54690367914,-2903672.25080974,0.339991590480608,-7647789.81556674,3270.36255466155,3270.36100639048,0,6.6352373847632e-22,13064.3001022282,-4.30496624351289e-19,5.07890713574301e-26,-694393.169957129,4.15760905377733e-23,4.66171024172054e-23,1.61030363435899e-23,4.98839750479736e+20,2.31426947605092e-23,4.31169862517924e+48,1.98825258059093e+42,4.31169862517924e+48,"MPA"
"1051","Epinephelus","MT",2045,791.173881510057,639.842831751631,156.336435593058,411.660106054922,2753.89218345885,-3225836.86770918,0.377817808327064,-7969954.43246618,3270.36216708571,3270.36086536057,0,1.08562458489848e-22,13064.2988005031,-7.0422119675458e-20,8.3098565502533e-27,-694393.169957129,5.79326812741183e-24,2.91739333319482e-24,2.24381864665984e-24,183.657321259523,1.95390313937705e-24,-1.28886367087343e+50,-5.94333403702928e+43,-1.28886367087343e+50,"MPA"
"1052","Epinephelus","MT",2046,689.376754861961,541.423586336135,138.974114063371,355.732998365866,2389.18013063053,-3584752.18883653,0.419968335173614,-8328869.75359353,3270.36184122725,3270.3607453657,0,1.77657792292227e-23,13064.2977046416,-1.15221187731614e-20,1.35987240202771e-27,-694393.169957129,4.8911697183677e-25,5.48190032356594e-25,1.89442255678135e-25,5.24381466830709e+21,2.72145193353095e-25,3.85270332299324e+51,1.77659618403273e+45,3.85270332299324e+51,"MPA"
"1053","Epinephelus","MT",2047,598.079058841761,454.769129509345,122.849609558284,304.155995970727,2064.56381488567,-3984696.70142535,0.466947362752793,-8728814.26618234,3270.36156690225,3270.36064311813,0,2.90782156324706e-24,13064.2967808574,-1.88554534483357e-21,2.22577719000644e-28,-694393.169957129,6.81256046884889e-26,3.43068501213991e-26,2.63860568427204e-26,117.077972743697,2.29767673618208e-26,-1.15165965419323e+53,-5.31064547517388e+46,-1.15165965419323e+53,"MPA"
"1054","Epinephelus","MT",2048,516.81845478922,379.347351215693,108.035486368785,257.423788838639,1777.70440884229,-4430454.19316163,0.519318680316997,-9174571.75791862,3270.36133565307,3270.3605558763,0,4.76022750927294e-25,13064.2960010807,-3.08617471276062e-22,3.64369212853447e-29,-694393.169957129,5.75173182750234e-27,6.44458706717311e-27,2.22773102181659e-27,5.50998502944804e+22,3.19937551010011e-27,3.44256966577439e+54,1.58747134641291e+48,3.44256966577439e+54,"MPA"
"1055","Epinephelus","MT",2049,445.009468356266,314.437436767663,94.5608831878433,215.784386342769,1525.90887409876,-4927373.97666049,0.577712784670584,-9671491.54141749,3270.36114045299,3270.36048134714,0,7.79402416178172e-26,13064.2953419748,-5.05219954616875e-23,5.96589681731528e-30,-694393.169957129,8.00893774994295e-28,4.0331540078787e-28,3.10198034477793e-28,74.6138324037306,2.70117618935153e-28,-1.02906148188478e+56,-4.74530880937693e+49,-1.02906148188478e+56,"MPA"
"1056","Epinephelus","MT",2050,381.977956203089,259.178879770744,82.417297277729,179.277439741849,1306.2496552023,-5481438.34364817,0.642834843692998,-10225555.9084052,3270.36097546024,3270.36041760736,0,1.27634339307403e-26,13064.2947841219,-8.27207681990639e-24,9.76970715682181e-31,-694393.169957129,6.76180457212652e-29,7.57491712410022e-29,2.61894717287763e-29,5.78804084174375e+23,3.76052428277374e-29,3.07609616161737e+57,1.41847950498334e+51,3.07609616161737e+57,"MPA"
"1057","Epinephelus","MT",2051,326.991068768677,212.618588163114,71.5645269412704,147.765418624449,1115.67628291356,-6099338.11861325,0.715473616222579,-10843455.6833703,3270.36083581396,3270.36036303961,0,2.09046447076195e-27,13064.2943113476,-1.35462899526032e-24,1.60013572123173e-31,-694393.169957129,9.41365113060496e-30,4.74053760775937e-30,3.64604666579424e-30,47.5424688490866,3.17494144139769e-30,-9.19514311058099e+58,-4.24015419624919e+52,-9.19514311058099e+58,"MPA"
"1058","Epinephelus","MT",2052,279.285187710362,173.756569366859,61.9372171366738,120.965301538695,951.119580168034,-6788557.28645588,0.796511443604534,-11532674.8512129,3270.36071746523,3270.36031628064,0,3.42440631841396e-28,13064.293910163,-2.21868497147609e-25,2.62119502434203e-32,-694393.169957129,7.94777239608007e-31,8.90238975502128e-31,3.07829009628456e-31,6.07899200183084e+24,4.41954312932081e-31,2.74863503550583e+60,1.2674774323356e+54,2.74863503550583e+60,"MPA"
"1059","Epinephelus","MT",2053,238.092011590078,141.589159574707,53.4518082788651,98.4834023382775,809.585134093251,-7557467.78764431,0.88693544214322,-12301585.3524013,3270.36061703743,3270.36027617887,0,5.61038750132407e-29,13064.2935693044,-3.63444546042737e-26,4.29444373155247e-33,-694393.169957129,1.10633608634489e-31,5.57129705067539e-32,4.28500370674604e-32,30.2893282742367,3.73133678109026e-32,-8.21628817252067e+61,-3.78877504714604e+55,-8.21628817252067e+61,"MPA"
"1060","Epinephelus","MT",2054,202.661954552161,115.14770393238,46.0134081452543,79.8529075395857,688.231384079138,-8415435.70723625,0.987850041320894,-13159553.2719932,3270.36053171093,3270.36024175956,0,9.19312948484546e-30,13064.2932793531,-5.95450601000787e-27,7.03683627866929e-34,-694393.169957129,9.34058659556637e-33,1.04616284938197e-32,3.61774768799389e-33,6.38377361023419e+25,5.19362082390406e-33,2.45603328422537e+63,1.13255005506683e+57,2.45603328422537e+63,"MPA"
"1061","Epinephelus","MT",2055,172.28369396609,93.5302516584041,39.5220509557663,64.5717279664038,584.428264760815,-9372940.23274692,1.100491030157,-14117057.7975039,3270.36045912794,3270.36021219623,0,1.50658895772863e-30,13064.2930324214,-9.75699916764461e-28,1.15321121984873e-34,-694393.169957129,1.30010952900472e-33,6.54710045019144e-34,5.03551698233623e-34,19.2957319616643,4.38487427806011e-34,-7.34163574422472e+64,-3.38544677704756e+58,-7.34163574422472e+64,"MPA"
"1062","Epinephelus","MT",2056,146.298850416283,75.9242573604608,33.8779033556083,52.1373382105175,495.794236850084,-10441706.9221935,1.22624129371359,-15185824.4869505,3270.36039731398,3270.36018678688,0,2.46936366945427e-31,13064.2928218943,-1.598997115597e-28,1.89016249467334e-35,-694393.169957129,1.09765749670349e-34,1.22932856153841e-34,4.25139024222861e-35,6.703279800825e+26,6.10293906101968e-35,2.19458000618579e+66,1.01198616599294e+60,2.19458000618579e+66,"MPA"
"1063","Epinephelus","MT",2057,124.111257561903,61.6193156015117,28.9851592869945,42.0753195733213,420.212134603366,-11634857.0099069,1.36664844376128,-16378974.5746639,3270.36034461312,3270.3601649344,0,4.04792298020956e-32,13064.2926422155,-2.6208246373689e-29,3.09846314471984e-36,-694393.169957129,1.52773748742837e-35,7.6933888289343e-36,5.91715381732986e-36,12.2916075157067,5.15259288053536e-36,-6.56009310641574e+67,-3.02505420290262e+61,-6.56009310641574e+67,"MPA"
"1064","Epinephelus","MT",2058,105.190929204296,50.0103154145225,24.7545777687472,33.9593249132013,355.826773669138,-12967074.6863214,1.52344457229505,-17711192.2510784,3270.36029963448,3270.36014613017,0,6.63642869484892e-33,13064.2924887112,-4.29620658050491e-30,5.07982244342093e-37,-694393.169957129,1.28983907955574e-36,1.44451031186588e-36,4.99573800874761e-37,7.03838798645165e+27,7.17119917953843e-37,1.96095933816688e+69,9.04256721881183e+62,1.96095933816688e+69,"MPA"
"1065","Epinephelus","MT",2059,89.0734604638513,40.5926604129041,21.1048045711131,27.4216443176966,301.029133871607,-14454794.5217781,1.6985683842543,-19198912.0865351,3270.36026120803,3270.36012994038,0,1.08815252968247e-33,13064.2923574436,-7.04348110346932e-31,8.32921132856614e-38,-694393.169957129,1.79515307409377e-37,9.04004010342205e-38,6.95289403609886e-38,7.82960745223816,6.05450311465295e-38,-5.86174839833161e+70,-2.70302667067161e+64,-5.86174839833161e+70,"MPA"
"1066","Epinephelus","MT",2060,75.3560682853856,32.9520959443433,17.962749935754,22.1554723691359,254.432439097183,-16116411.4664744,1.89418999681937,-20860529.0312314,3270.36022834804,3270.36011599465,0,1.78441748191889e-34,13064.2922450902,-1.15489553530518e-31,1.36587381348342e-38,-694393.169957129,1.51561260624183e-38,1.69731579815421e-38,5.87019235465191e-39,7.38997642499957e+28,8.42624036672188e-39,1.75220840211115e+72,8.07995451464511e+65,1.75220840211115e+72,"MPA"
"1067","Epinephelus","MT",2061,63.6916035602125,26.7517462412688,15.2633332522815,17.9103691818616,214.845545848659,-17972516.1529104,2.11273872743347,-22716633.7176674,3270.36020022282,3270.36010397637,0,2.92652852899992e-35,13064.2921488437,-1.89386666609582e-32,2.24009726247453e-39,-694393.169957129,2.10932522144049e-39,1.06221483899732e-39,8.16972934731496e-40,4.98724319602613,7.1141090192196e-40,-5.23774491123292e+73,-2.41528008832087e+67,-5.23774491123292e+73,"MPA"
"1068","Epinephelus","MT",2062,53.7818895319538,21.7191913467465,12.9489173054807,14.4865939706668,181.245170998266,-20046158.5563165,2.35693423169007,-24790276.1210735,3270.36017612962,3270.36009361466,0,4.80017371925975e-36,13064.2920663288,-3.10603036121129e-33,3.67427003707265e-40,-694393.169957129,1.78086179947832e-40,1.99433242193582e-40,6.89754181044415e-41,7.75893714003512e+29,9.90076549262615e-41,1.5656797286266e+75,7.21981527800158e+68,1.5656797286266e+75,"MPA"
"1069","Epinephelus","MT",2063,45.3707696211457,17.6327837625484,10.9685208056114,11.7158947704721,152.759811174807,-22363143.4420903,2.62982139593988,-27107261.0068473,3270.36015547381,3270.36008467757,0,7.87421734709276e-37,13064.2919955325,-5.09459766847136e-34,6.02728208141202e-41,-694393.169957129,2.4784403786583e-41,1.24809389907135e-41,9.59936708255321e-42,3.17668345214286,8.35902095123765e-42,-4.68016876380342e+76,-2.15816512960629e+70,-4.68016876380342e+76,"MPA"
"1070","Epinephelus","MT",2064,38.2400819950576,14.3209851430416,9.27760999986068,9.51820710219595,128.637450165528,-24952361.4238405,2.93480943849052,-29696478.9885975,3270.36013775151,3270.36007696627,0,1.29182145204884e-37,13064.2919347473,-8.35719120522546e-35,9.88818569406564e-42,-694393.169957129,2.09249830904771e-42,2.34329899067364e-42,8.10455622057154e-43,8.14618562125774e+30,1.16331935193101e-42,1.39900768063819e+78,6.451240852159e+71,1.39900768063819e+78,"MPA"
"1071","Epinephelus","MT",2065,32.2015758211159,11.5908071832757,7.83674150942439,7.77147278389385,108.22924572815,-27846159.9905884,3.2757157282035,-32590277.5553454,3270.36012253526,3270.36007031024,0,2.1195354543641e-38,13064.2918825223,-1.37105676161314e-35,1.622388312398e-42,-694393.169957129,2.91211589371323e-43,1.46648429408823e-43,1.12790566565188e-43,2.02340379181985,9.82167525646833e-44,-4.18194853489442e+79,-1.9284209517442e+73,-4.18194853489442e+79,"MPA"
"1072","Epinephelus","MT_20",2015,4969.25791631119,4969.25791631119,444.664167921179,558.184274546853,19737.4546133743,-285235.03440607,0.0281187338365042,-6110671.21430963,4046.81444345977,4046.81444345977,0,68.434864573364,16097.6029154266,-36184.0097046814,0.00423324908086191,-880413.995373585,5927.80111004904,5927.80111004904,1963.13289705364,3539.77864922799,22103.4754978256,-2527554.85078767,-0.248793210586567,-42724783.7903601,"MPA"
"1073","Epinephelus","MT_20",2016,4940.84063723714,4934.27768784585,446.526458212128,673.911427655813,19503.5066945393,-327484.67486147,0.0342967258963302,-6152920.85476503,4029.68326993658,4029.68136048037,0,13.4443931186432,16084.1566128518,-7136.11770283236,0.000835182504785816,-851366.103371735,5533.12228466535,5532.46544229424,1848.51292616483,410627.884393594,1885.44015177659,19999482.3168666,16.2858872840431,-20197746.6227058,"MPA"
"1074","Epinephelus","MT_20",2017,4882.2768858812,4866.6307797538,449.989593612525,838.531055592331,19099.3191264321,-399439.647990003,0.0436017600295461,-6224875.82789356,4026.31728179455,4026.28977588702,0,2.65123213137637,16081.4778748129,-1407.89465107811,0.000164835909170134,-845637.880319981,471.978758328035,479.547499066206,176.460840692004,8009.10856788291,321.083600560531,-1309294610.0192,-565.902415503962,-1349491838.95877,"MPA"
"1075","Epinephelus","MT_20",2018,4781.09735687461,4751.69290233567,455.103973660735,1055.28582910767,18469.7328164463,-507818.064379707,0.0568999922602956,-6333254.24428326,4025.64671823818,4025.59340115031,0,0.523366542558796,16080.9011911824,-277.86939547489,3.25448787457197e-05,-844507.855064378,80.3762659712418,170.15501674516,30.9940795594368,10639346.5476727,84.2804092919763,45495337087.9825,21946.2013668733,45455139859.043,"MPA"
"1076","Epinephelus","MT_20",2019,4623.49417622342,4574.41678406444,461.215069904142,1323.21469431031,17558.6557998811,-662711.757793851,0.0754292162931462,-6488147.93769741,4025.50235808781,4025.43119822437,0,0.103366336306228,16080.7266649827,-54.8619918747001,6.4279325607951e-06,-844284.847660778,21.0977595292661,10.64864793653,8.16027501811735,60853.4566494077,7.13116132649025,-1764352941094.1,-830391.519304491,-1764393138323.04,"MPA"
"1077","Epinephelus","MT_20",2020,4395.4259457816,4320.19947636488,466.413516332826,1631.27717805342,16318.5656687438,-878544.055531967,0.100916095033517,-6703980.23543552,4025.45866926588,4025.37811830235,0,0.0204229512169941,16080.625691068,-10.8357813438386,1.27003342762733e-06,-844240.821450247,1.78513047212998,2.62733107264509,0.691339747632758,340336062.435857,1.30282097482611,66758872721464.9,31594800.7333083,66758832524236,"MPA"
"1078","Epinephelus","MT_20",2021,4084.99646874011,3977.20222847143,466.965162722577,1950.2395840381,14727.4970071596,-1175436.97846261,0.135739785097038,-7000873.15836616,4025.43339265189,4025.35015443408,0,0.00403656918359335,16080.538416281,-2.14093793303589,2.51021821877575e-07,-844232.126606836,0.326132773529162,0.16442373631102,0.126313377945036,72974.8299445207,0.11011622590308,-2540046850553547,-1200572438.52274,-2540046890750776,"MPA"
"1079","Epinephelus","MT_20",2022,3686.70718302528,3540.69873110348,457.1983751314,2224.16956925621,12814.517361113,-1581119.01556556,0.183157699777818,-7406555.19546911,4025.41154531531,4025.33030902686,0,0.000798098326163489,16080.4563818942,-0.423155905224058,4.96315147971802e-08,-844230.408824808,0.0275651918861136,0.0357916811795197,0.0106763913223198,7590837670.26741,0.0177568232038453,96519369285870560,45634465474.8111,96519369245673328,"MPA"
"1080","Epinephelus","MT_20",2023,3207.83451385192,3019.66145558015,430.748920477324,2368.26122386138,10688.8319994572,-2133555.82894504,0.247615158030347,-7958992.0088486,4025.39100979846,4025.31474907058,0,0.000157851037275782,16080.3799633153,-0.0836655099144861,9.81636060836859e-09,-844230.069334413,0.00444503282679342,0.00223991639640019,0.0017216266248592,80997.0372143171,0.00150012596690892,-3668758074612502528,-1734467814240.77,-3668758074652699648,"MPA"
"1081","Epinephelus","MT_20",2024,2675.71561490674,2444.28250378792,384.079861519606,2287.39800509659,8554.08074476137,-2884554.91748166,0.335168794517708,-8709991.09738522,4025.37188007644,4025.3022595541,0,3.12307684709599e-05,16080.3103115622,-0.0165477685866616,1.94217136892909e-09,-844230.002216672,0.000375523768564154,0.000459095447223278,0.000145445920705607,149391045895.186,0.000227823426603326,1.39441598195367e+20,65924523459666.3,1.39441598195327e+20,"MPA"
"1082","Epinephelus","MT_20",2025,2141.3272676653,1869.67051942488,321.539396799257,1932.86674697352,6671.09664634669,-3904689.46062059,0.454064655017428,-9730125.64052415,4025.35444428145,4025.29219313158,0,6.18100696540059e-06,16080.2480542313,-0.00327398349077856,3.84384417897785e-10,-844229.988942886,5.70306185030353e-05,2.87311292976235e-05,2.20888040976919e-05,86014.4646118807,1.92421410005728e-05,-5.2999662698171e+21,-2505682058753866,-5.29996626981715e+21,"MPA"
"1083","Epinephelus","MT_20",2026,1669.96332864885,1366.35176952411,257.203101631503,1387.15676000336,5237.53142885009,-5290019.7545946,0.615526951857194,-11115455.9344982,4025.33885951855,4025.28407482254,0,1.22369793556151e-06,16080.1932683116,-0.000647969723764654,7.60995810721181e-11,-844229.986316873,4.81684969340751e-06,5.6962276970087e-06,1.86563730862118e-06,2768285579417.49,2.82714187162165e-06,2.01442948653317e+23,95236923275759456,2.01442948653317e+23,"MPA"
"1084","Epinephelus","MT_20",2027,1311.10158981362,989.409954426848,206.938590041788,878.424739734777,4244.35364377033,-7171280.38897548,0.834833969580191,-12996716.568879,4025.32514506024,4025.27752281586,0,2.42339784328689e-07,16080.1456458249,-0.000128283620449609,1.5070722806993e-11,-844229.985797187,7.07713214300578e-07,3.56481545311135e-07,2.74107821653913e-07,88803.387039459,2.38748417857095e-07,-7.65652073786322e+24,-3619800593985501184,-7.65652073786322e+24,"MPA"
"1085","Epinephelus","MT_20",2028,1062.48122530126,740.529473405297,174.63531745217,576.987699531318,3520.04950979522,-9726448.49921601,1.13278559967477,-15551884.6791196,4025.31322381091,4025.27222689539,0,4.80073504434648e-08,16080.1046488613,-2.54052238615477e-05,2.9855081595251e-12,-844229.985694308,5.97654514288325e-08,6.92942611654053e-08,2.31480455232313e-08,49620135022309.3,3.43951394119658e-08,2.9101190338258e+26,1.37582742442526e+20,2.9101190338258e+26,"MPA"
"1086","Epinephelus","MT_20",2029,881.16750633579,574.591655923765,152.18696319342,400.835721745282,2964.82490083133,-13197873.9373687,1.53770526525082,-19023310.1172722,4025.30296111659,4025.26793656092,0,9.51306154324644e-09,16080.0696242961,-5.03277144637323e-06,5.91604999403526e-13,-844229.985673936,8.61007185875547e-09,4.33657617205315e-09,3.33480849856278e-09,90028.010608971,2.90437110021827e-09,-1.10608898781112e+28,-5.22929655039421e+21,-1.10608898781112e+28,"MPA"
"1087","Epinephelus","MT_20",2030,742.179153252815,456.478551218578,134.808636147198,362.054522146275,2472.92802357877,-17915547.8593589,2.08817148547798,-23740984.0392625,4025.29419348174,4025.26445098341,0,1.88564281407056e-09,16080.0398817959,-9.97288434353541e-07,1.17265921856996e-13,-844229.9856699,7.27045864761703e-10,8.32710568224646e-10,2.81595643849129e-10,872025094811348,4.13350792036324e-10,4.20406456922162e+29,1.98757068047085e+23,4.20406456922162e+29,"MPA"
"1088","Epinephelus","MT_20",2031,619.043514536127,356.64882000285,117.114974510329,156.533309905883,2171.24900939772,-24328992.8745174,2.83674602423284,-30154429.054421,4025.28674809647,4025.26160999809,0,3.73871288089104e-10,16080.0147436972,-1.97679106924967e-07,2.32506576837581e-14,-844229.985669101,1.03473341964943e-10,5.21127254645246e-11,4.00767596159707e-11,90199.1342291882,3.49019723064436e-11,-1.5978966570487e+31,-7.55443331370003e+24,-1.5978966570487e+31,"MPA"
"1089","Epinephelus","MT_20",2032,543.524762910608,307.45903271222,107.929109747308,814.97237579855,1791.34278503613,-33050433.0678905,3.85506336744462,-38875869.247794,4025.28045532254,4025.25928626803,0,7.41490115323035e-11,16079.9935746426,-3.91944154305138e-08,4.61125478851063e-15,-844229.985668942,8.73694640313707e-12,9.92915053815316e-12,3.38394889086289e-12,15138609337025438,4.92893146687414e-12,6.07334564575031e+32,2.87131739578864e+26,6.07334564575031e+32,"MPA"
"1090","Epinephelus","MT_20",2033,448.423537933342,232.222179855837,91.4546800820028,185.259838464613,1583.10755136666,-44914819.3412156,5.24078013982661,-50740255.5211192,4025.27515611212,4025.25737868868,0,1.4709780851258e-11,16079.9757972191,-7.77334725980343e-09,9.14788055073876e-16,-844229.985668911,1.23385033008191e-12,6.2138648869786e-13,4.77888528018476e-13,89679.8895379323,4.1616798299725e-13,-2.30838003052528e+34,-1.09134110324752e+28,-2.30838003052528e+34,"MPA"
"1091","Epinephelus","MT_20",2034,396.296395666399,198.991987098123,83.7590078242376,1287.37354373934,1314.47716698473,-61059450.6053795,7.12706693206832,-66884886.7852831,4025.27070592247,4025.25580697338,0,2.91891639403501e-12,16079.96089827,-1.54208898861937e-09,1.81524974660408e-16,-844229.985668904,1.04178564186109e-13,1.17800173887227e-13,4.03499026390607e-14,260773604323174752,5.84786066304802e-14,8.77377754518866e+35,4.14801026663722e+29,8.77377754518866e+35,"MPA"
"1092","Epinephelus","MT_20",2035,329.050646629869,161.490518755705,70.9977972888041,447.979595194452,1141.67720130331,-83036470.4575708,9.6955759142377,-88861906.6374743,4025.266976296,4025.25450728552,0,5.79360357653989e-13,16079.9484292596,-3.06002754871814e-10,3.60299683415575e-17,-844229.985668903,1.46388418217361e-14,7.37217510586728e-15,5.66984049809376e-15,88717.6062770457,4.93745263592312e-15,-3.33477033223952e+37,-1.57659132611083e+31,-3.33477033223952e+37,"MPA"
"1093","Epinephelus","MT_20",2036,285.793949691175,132.290374539091,63.0947012347088,1699.91468585452,944.796968289825,-112961639.777469,13.1941605071594,-118787075.957373,4025.26385495159,4025.25342875752,0,1.15022985298245e-13,16079.9380030655,-6.07369294726437e-11,7.15319486249871e-18,-844229.985668903,1.23598341862543e-15,1.3930055687383e-15,4.78714704840204e-16,4469477370892534784,6.91529576671975e-16,1.26749203652354e+39,5.99236754441442e+32,1.26749203652354e+39,"MPA"
"1094","Epinephelus","MT_20",2037,236.509283811179,107.130681130075,52.9935259869789,522.232537731629,817.756084802294,-153723389.676434,17.9610970714398,-159548825.856337,4025.26124498164,4025.25253073945,0,2.28415901033067e-14,16079.9292888233,-1.20583811836694e-11,1.42050255754419e-18,-844229.985668903,1.73109324439286e-16,8.71771291782489e-17,6.70478081705997e-17,87477.0331130066,5.83861922017015e-17,-4.81753135176989e+40,-2.2776015694521e+34,-4.81753135176989e+40,"MPA"
"1095","Epinephelus","MT_20",2038,204.707373584094,87.8714812206967,46.6340772197507,2121.4022060036,676.877984016079,-209262101.927559,24.4581977715085,-215087538.107462,4025.25906356146,4025.25178063618,0,4.53702321305907e-15,16079.922005898,-2.3945889430861e-12,2.82154453900443e-19,-844229.985668903,1.46157078880997e-17,1.64369466915263e-17,5.66088038257308e-18,76352403860036861952,8.15987589539008e-18,1.83106541552234e+42,8.65679361408025e+35,1.83106541552234e+42,"MPA"
"1096","Epinephelus","MT_20",2039,169.441618252621,71.2464341080774,39.0269086010829,607.422416771313,584.045962010847,-284959233.662384,33.3160944711725,-290784669.842288,4025.2572404402,4025.25115221262,0,9.01396360579361e-16,16079.9159176704,-4.75637254178211e-13,5.60572638314804e-20,-844229.985668903,2.04264669424172e-18,1.02865764299926e-18,7.91147352457392e-19,86066.6388386904,6.889356162495e-19,-6.95958222397528e+43,-3.29030664019114e+37,-6.95958222397528e+43,"MPA"
"1097","Epinephelus","MT_20",2040,146.203149273467,58.4961934107831,34.0815504147586,2655.39813881992,483.39605994461,-388161127.33177,45.3961752779226,-393986563.511674,4025.25571638541,4025.25062426781,0,1.79125711869332e-16,16079.9108255528,-9.44976153753984e-14,1.11397176120711e-20,-844229.985668903,1.72459983107397e-19,1.93673060948001e-19,6.67963086445126e-20,1.30151720454079e+21,9.61467485787284e-20,2.64522415866039e+45,1.25059210940148e+39,2.64522415866039e+45,"MPA"
"1098","Epinephelus","MT_20",2041,121.007644786996,47.4682063864944,28.4387604598933,708.086956046279,415.877693820461,-528904916.20536,61.8753224667904,-534730352.385264,4025.25444168499,4025.25017959773,0,3.56036584201569e-17,16079.9065634656,-1.87785967216875e-14,2.21417024265043e-21,-844229.985668903,2.40682383732554e-20,1.21204551019155e-20,9.32198559887671e-21,84557.3721974962,8.11758478401319e-21,-1.00540673626294e+47,-4.75329747383787e+40,-1.00540673626294e+47,"MPA"
"1099","Epinephelus","MT_20",2042,104.105896631486,38.9988317107382,24.6808255026121,3331.63534973571,344.111468554323,-720900932.515033,84.3618643031396,-726726368.694936,4025.25337476454,4025.2498041832,0,7.07820550730492e-18,16079.9029928842,-3.73250126484093e-15,4.40189483014432e-22,-844229.985668903,2.03206003827326e-21,2.27984978176413e-21,7.87046983624919e-22,2.2154236710312e+22,1.13181017681064e-21,3.82138769606134e+48,1.80665116187296e+42,3.82138769606134e+48,"MPA"
"1100","Epinephelus","MT_20",2043,86.1407897257672,31.6639754682853,20.5448320350811,826.673653806946,295.230341907029,-982889158.193954,115.054278533997,-988714594.373857,4025.2524809475,4025.24948655275,0,1.40747560551491e-18,16079.8999984895,-7.42042220169677e-16,8.75301078790153e-23,-844229.985668903,2.83323955634852e-22,1.42677648526467e-22,1.09735569063488e-22,82995.436120003,9.55573138320696e-23,-1.45244739237453e+50,-6.86678761146741e+43,-1.45244739237453e+50,"MPA"
"1101","Epinephelus","MT_20",2044,73.9044673800664,26.0256980941362,17.7381690752017,4187.19022033331,244.179833064128,-1340482013.35008,156.958447355568,-1346307449.52999,4025.25173136618,4025.24921728156,0,2.79927211501944e-19,16079.8974844049,-1.47552447542285e-16,1.74085173007769e-23,-844229.985668903,2.39206862594526e-23,2.68207108424324e-23,9.26483647734057e-24,3.76749385728842e+23,1.33149322100689e-23,5.52051661701303e+51,2.60995443371143e+45,5.52051661701303e+51,"MPA"
"1102","Epinephelus","MT_20",2045,61.1250875875109,21.1385308883742,14.7358737511225,966.079173033815,208.951311473748,-1828702644.02336,214.185131581955,-1834528080.20326,4025.25110202001,4025.24898859602,0,5.56843693343734e-20,16079.8953709809,-2.93461232789994e-17,3.46298042476152e-24,-844229.985668903,3.33310244072648e-24,1.678494778654e-24,1.29095999757752e-24,81410.7988651273,1.12415977228144e-24,-2.09825869623361e+53,-9.92001286696888e+46,-2.09825869623361e+53,"MPA"
"1103","Epinephelus","MT_20",2046,52.3063967039562,17.3794695874145,12.6676455409541,5269.07622132601,172.730837384298,-2495442735.34565,292.357355015126,-2501268171.52555,4025.25057297048,4025.24879406058,0,1.10790596226101e-20,16079.893592071,-5.83766260635427e-18,6.89000736754493e-25,-844229.985668903,2.81408843968753e-25,3.15393568544281e-25,1.08993817918483e-25,6.40287919288844e+24,1.56574986369323e-25,7.97514048368563e+54,3.77043575971138e+48,7.97514048368563e+54,"MPA"
"1104","Epinephelus","MT_20",2047,43.239392179478,14.1193461314574,10.5056900531413,1129.73745847528,147.452742563732,-3406217981.8775,399.168420111209,-3412043418.0574,4025.25012765924,4025.24862832872,0,2.20470969120054e-21,16079.8920927405,-1.1614717220588e-18,1.37109720229319e-25,-844229.985668903,3.91951277701327e-26,1.97379726858358e-26,1.51808541594517e-26,79822.8060870889,1.32193659778321e-26,-3.03122135743743e+56,-1.43308138898152e+50,-3.03122135743743e+56,"MPA"
"1105","Epinephelus","MT_20",2048,36.9115732905744,11.61071824594,8.99785034371288,6636.86561641286,121.823568383301,-4650659162.53155,545.146382115571,-4656484598.71145,4025.2497523346,4025.24848694402,0,4.38809883754901e-22,16079.8908273499,-2.31130468218865e-19,2.72893551986577e-26,-844229.985668903,3.30917952193922e-27,3.70778540247863e-27,1.28169429640906e-27,1.08771854351927e+26,1.84070724465052e-27,1.15211800175569e+58,5.44690958374109e+51,1.15211800175569e+58,"MPA"
"1106","Epinephelus","MT_20",2049,30.4958693525552,9.43425726017082,7.45143314587994,1321.6999698646,103.761208094845,-6351430590.83508,744.701560683256,-6357256027.01498,4025.24943557171,4025.2483661806,0,8.73525287674116e-23,16079.8897579588,-4.60025841690389e-20,5.43240810396296e-27,-844229.985668903,4.60780852129913e-28,2.32040771588495e-28,1.78467256355838e-28,78243.8628680964,1.55407655298567e-28,-4.37901338585079e+59,-2.07028185848788e+53,-4.37901338585079e+59,"MPA"
"1107","Epinephelus","MT_20",2050,25.9743519904761,7.75902443501443,6.36168546321824,8366.0157444709,85.6756165462057,-8676421334.64241,1017.56211772874,-8682246770.82232,4025.249167873,4025.24826291457,0,1.73918715144224e-23,16079.8888530004,-9.15759310728551e-21,1.08159146910549e-27,-844229.985668903,3.89029119345817e-29,4.35808717124255e-29,1.50676746334504e-29,1.84729794450344e+27,2.16354748603067e-29,1.66439185953512e+61,7.86880506769904e+54,1.66439185953512e+61,"MPA"
"1108","Epinephelus","MT_20",2051,21.4470191898504,6.30525974825533,5.26181626854253,1546.73319856341,72.8202903132494,-11855485900.6726,1390.74180021097,-11861311336.8525,4025.24894133643,4025.24817451987,0,3.4632722089718e-24,16079.8880861838,-1.82327512839834e-21,2.15379114342579e-28,-844229.985668903,5.41596854760041e-30,2.72737982405623e-30,2.09768492490925e-30,76681.8436679382,1.82664329497696e-30,-6.32608311049625e+62,-2.99080499302982e+56,-6.32608311049625e+62,"MPA"
"1109","Epinephelus","MT_20",2052,18.2289690663207,5.18607436916351,4.47989291160799,10552.089580671,60.0920723308092,-16203353229.5532,1901.23754610752,-16209178665.7331,4025.24874938065,4025.24809878369,0,6.89753926445693e-25,16079.8874355868,-3.63071819262664e-22,4.28954433267043e-29,-844229.985668903,4.5726024952799e-31,5.12181223814902e-31,1.7710367476563e-31,3.13672838870605e+28,2.54269594516412e-31,2.40444143556937e+64,1.1367563981284e+58,2.40444143556937e+64,"MPA"
"1110","Epinephelus","MT_20",2053,15.0427377168822,4.21469648758218,3.70141024594988,1810.43536874056,50.9766488632841,-22151075313.9194,2599.7282537721,-22156900750.0993,4025.24858651791,4025.24803383733,0,1.37393694891741e-25,16079.8868829063,-7.23102919948771e-23,8.54444383972997e-30,-844229.985668903,6.36508389764307e-32,3.20533454518972e-32,2.46529137319015e-32,75141.6678394078,2.14675013392291e-32,-9.13889134255993e+65,-4.32062642565269e+59,-9.13889134255993e+65,"MPA"
"1111","Epinephelus","MT_20",2054,12.7608905599821,3.46677820725196,3.1437439850399,13316.1072047393,42.0419995094607,-30289099410.4007,3555.64703623509,-30294924846.5806,4025.2484481664,4025.24797809952,0,2.73717377799987e-26,16079.8864128394,-1.44036564516395e-23,1.70223447573436e-30,-844229.985668903,5.37392004564425e-33,6.01888009040032e-33,2.08139891661854e-33,5.32553559734322e+29,2.98804160543171e-33,3.4735441560605e+67,1.64219992434471e+61,3.4735441560605e+67,"MPA"
"1112","Epinephelus","MT_20",2055,10.5242962537982,2.81757166613736,2.59503586375405,2119.37470134591,35.6008150710266,-41426388751.607,4864.13800917685,-41432214187.7869,4025.24833049542,4025.24793022974,0,5.4537950863593e-27,16079.8860125737,-2.86951392620252e-24,3.39168757296527e-31,-844229.985668903,7.47990948127041e-34,3.76673790058477e-34,2.89707985204207e-34,73626.329035125,2.52274610160344e-34,-1.32023771285175e+69,-6.24173516947923e+62,-1.32023771285175e+69,"MPA"
"1113","Epinephelus","MT_20",2056,8.91188642442791,2.31766401048919,2.19934789009056,16811.3291317949,29.3445832245526,-56671447450.124,6655.59913572349,-56677272886.3039,4025.24823029765,4025.2478890897,0,1.08681124846022e-27,16079.8856713657,-5.71748185286936e-25,6.75882433794062e-32,-844229.985668903,6.31514382193324e-35,7.07267879821607e-35,2.44594884137066e-35,9.04094778699633e+30,3.5111954006565e-35,5.01800909999912e+70,2.37238215325457e+64,5.01800909999912e+70,"MPA"
"1114","Epinephelus","MT_20",2057,7.34577543653537,1.88370908008488,1.81399724359724,2481.25240278456,24.8076850667307,-77543534341.2454,9108.77424951263,-77549359777.4253,4025.24814488369,4025.2478537113,0,2.16603931240257e-28,16079.8853801933,-1.13935775831016e-25,1.34704895170814e-32,-844229.985668903,8.78951073513217e-36,4.42622662152601e-36,3.40430783605339e-36,72137.5675934786,2.96443404713831e-36,-1.90726375125912e+72,-9.01703921787883e+65,-1.90726375125912e+72,"MPA"
"1115","Epinephelus","MT_20",2058,6.21006208219112,1.54952857893592,1.53447565517514,21231.8535798918,20.4371876097582,-106125160987.758,12468.7166531729,-106130986423.937,4025.24807199504,4025.24782327009,0,4.31751184292256e-29,16079.8851314684,-2.27076573862322e-26,2.68503894327096e-33,-844229.985668903,7.42081311568185e-37,8.31067540955441e-37,2.87419095338571e-37,1.53476127606388e+32,4.1257932449696e-37,7.24919972119549e+73,3.4272301427164e+67,7.24919972119549e+73,"MPA"
"1116","Epinephelus","MT_20",2059,5.116003508614,1.2594263465446,1.26470878423925,2905.09429053501,17.2510653878152,-145271423386.638,17071.4401928724,-145277248822.818,4025.24800973219,4025.24779706304,0,8.60704112026781e-30,16079.8849187992,-4.52626048345812e-27,5.35267575166755e-34,-844229.985668903,1.03280221917629e-37,5.20099014674744e-38,4.00019613581176e-38,70676.3096418758,3.48332647718301e-38,-2.75530306508936e+75,-1.30263450865937e+69,-2.75530306508936e+75,"MPA"
"1117","Epinephelus","MT_20",2060,4.31842740481826,1.03601278856997,1.068003348389,26823.5123175509,14.2046296727521,-198897163137.66,23377.7516321164,-198902988573.84,4025.24795649511,4025.24777448993,0,1.71603267080203e-30,16079.8847367941,-9.0231856028642e-28,1.06719213472189e-34,-844229.985668903,8.71974697262525e-39,9.76513236537618e-39,3.37728729639746e-39,2.6052646295667e+33,4.84785169555314e-39,1.04724594058209e+77,4.95110218015684e+70,1.04724594058209e+77,"MPA"
"1118","Epinephelus","MT_20",2061,3.55581876684755,0.842063900575597,0.8796814306715,3401.47575465417,11.9732360233613,-272371195362.798,32019.689495954,-272377020798.978,4025.24791093409,4025.2477550378,0,3.42173843368214e-31,16079.8845808978,-1.79900168671488e-28,2.12796204100955e-35,-844229.985668903,1.21355378035714e-39,6.11121896971417e-40,4.70027373358673e-40,69242.953807729,4.09294583342969e-40,-3.98041171572574e+78,-1.88183351779788e+72,-3.98041171572574e+78,"MPA"
"1119","Epinephelus","MT_20",2062,2.99723810705405,0.692694154984066,0.741718267827782,33897.6796240998,9.8541086168288,-373057303818.854,43864.2741886138,-373063129255.034,4025.24787190886,4025.24773826782,0,6.82363746087139e-32,16079.8844472567,-3.58717720694107e-29,4.24358609515026e-36,-844229.985668903,1.02457958718328e-40,1.14739486510035e-40,3.96834866287463e-41,4.42234154798939e+34,5.69618553961591e-41,1.51288983921774e+80,7.15254353444868e+73,1.51288983921774e+80,"MPA"
"1120","Epinephelus","MT_20",2063,2.46676084892857,0.563023014463041,0.610580497376162,3982.78562795543,8.29529555657737,-511057050819.739,60101.0324631269,-511062876255.919,4025.24783845474,4025.24772380425,0,1.36091597412995e-32,16079.8843326062,-7.15355585440656e-30,8.46346861975957e-37,-844229.985668903,1.4259156280621e-41,7.18063104829584e-42,5.52278265815191e-42,67837.5583911967,4.80917705183096e-42,-5.75024853978191e+81,-2.71856561849582e+75,-5.75024853978191e+81,"MPA"
"1121","Epinephelus","MT_20",2064,2.0765460484483,0.463153676432081,0.514102963563955,42848.7734869014,6.82404919132356,-700229439699.879,82362.175526814,-700235265136.059,4025.2478097545,4025.24771132507,0,2.71450913642458e-33,16079.8842341768,-1.42671538026187e-30,1.68813971575513e-37,-844229.985668903,1.20387242807154e-42,1.34816476373116e-42,4.66277642066152e-43,7.50664142790047e+35,6.69289820451602e-43,2.18557606853655e+83,1.03328263385917e+77,2.18557606853655e+83,"MPA"
"1122","Epinephelus","MT_20",2065,1.70825165734137,0.376454988581357,0.422989480822957,4663.53553580992,5.73761696494997,-959591178087.17,112887.630567297,-959597003523.35,4025.24778511484,4025.24770055412,0,5.41494911918325e-34,16079.8841496161,-2.84575391571656e-31,3.36752991544118e-38,-844229.985668903,1.6754208725251e-43,8.43709001592904e-44,6.48915346587702e-44,66459.9635265972,5.65068160521333e-44,-8.30701963282592e+84,-3.92733945493542e+78,-8.30701963282592e+84,"MPA"
"1123","Epinephelus","MT_40",2015,5850.18462954075,5850.18462954075,522.852493882307,768.339497803543,23124.5753160788,-332544.495011584,0.0328770838212956,-7185954.33972303,4769.77207136751,4769.77207136751,0,95.4364698555474,18958.6409001445,-42813.9003623354,0.00500871640239106,-1051848.79251182,6985.89549616836,6985.89549616836,2309.68575070809,4804.84686269078,25411.7894280173,-2897168.58238262,-0.266565217703464,-49445832.0033369,"MPA"
"1124","Epinephelus","MT_40",2016,5788.73232028169,5779.70464008621,526.887005650213,1086.04986698073,22556.3847745528,-450471.701629202,0.0472064667940483,-7303881.54634065,4745.88163575798,4745.87898148199,0,22.3910049790348,18936.2472408894,-10091.7139851383,0.00118104932553488,-1019126.60613462,6361.28641358766,6360.29063636332,2128.22754238474,594509.688896111,0,24813788.7082988,20.0925696299326,-21734874.7126554,"MPA"
"1125","Epinephelus","MT_40",2017,5646.49822919665,5623.1606921707,534.965694260294,1562.90414150746,21505.1087902796,-646817.140620835,0.07057247825209,-7500226.98533228,4740.27587230818,4740.23743764969,0,5.27549450898406,18930.9333117219,-2379.61859386639,0.000278594311458246,-1011414.51074335,0,0,0,0,0,-1870564502.63868,-770.404936906748,-1917113166.05964,"MPA"
"1126","Epinephelus","MT_40",2018,5383.3342495552,5335.60469640412,545.744855414616,2226.39158235892,19776.7325101843,-966999.773092119,0.108263990351018,-7820409.61780357,4738.94564621326,4738.86859801524,0,1.24452931767478,18929.6117342063,-561.321605850278,6.57410436850934e-05,-1009596.21375533,0,0,0,0,0,71722639472.0818,33346.0190304841,71676090808.6608,"MPA"
"1127","Epinephelus","MT_40",2019,4950.67300075641,4864.05312186745,552.408315038747,3039.10534405868,17203.4156022754,-1483518.48676251,0.16871926270959,-8336928.33147396,4738.61481814942,4738.50955355834,0,0.293762793852938,18929.2127068213,-132.457379239302,1.55188140297107e-05,-1009167.34952872,0,0,0,0,0,-3104425200538.51,-1403017.59502678,-3104471749201.93,"MPA"
"1128","Epinephelus","MT_40",2020,4306.49932182264,4163.51984378249,538.124578460732,3795.68512757104,13802.8755751249,-2312063.66202063,0.265401184304631,-9165473.50673207,4738.51493035956,4738.39385944768,0,0.0693689030857369,18929.0222670063,-31.2678562518203,3.66467460094747e-06,-1009066.16000573,0,0,0,0,0,130617186261974,59424000.4823888,130617139713310,"MPA"
"1129","Epinephelus","MT_40",2021,3455.24840402134,3239.66759678586,477.636437309273,4008.51419008008,10056.4170151186,-3637236.73097534,0.419792643307232,-10490646.5756868,4738.46725791166,4738.34075725536,0,0.0163866435288835,18928.8793797065,-7.38371631688372,8.65694324563549e-07,-1009042.2758658,0,0,0,0,0,-5532215538103531,-2512839620.84313,-5532215584652195,"MPA"
"1130","Epinephelus","MT_40",2022,2517.40433741809,2222.89653451791,363.003822074069,3068.09481141674,7056.81822287579,-5753584.97655052,0.666182851395823,-12606994.821262,4738.43148919724,4738.30705294783,0,0.00387227152178704,18928.7510711856,-1.74423163742417,2.04570608173334e-07,-1009036.63638112,0,0,0,0,0,233938649070092576,106301154138.828,233938649023543936,"MPA"
"1131","Epinephelus","MT_40",2023,1766.52030001651,1408.04969330218,249.617300596699,1298.97864008429,5649.5363073309,-9131059.9798036,1.05931833953291,-15984469.824515,4738.39936996166,4738.28187497027,0,0.000915353027770834,18928.6326608412,-0.412176122924964,4.83580319159529e-08,-1009035.3043256,0,0,0,0,0,-9896353188463761408,-4496443241188.16,-9896353188510310400,"MPA"
"1132","Epinephelus","MT_40",2024,1414.23801171873,1030.34939428287,211.703807474177,876.161131486538,4689.2633522404,-14519759.3287989,1.68663738282968,-21373169.1735103,4738.36972851838,4738.26199224422,0,0.000216448959376262,18928.5247081181,-0.0974334801285437,1.143504485409e-08,-1009034.98958296,0,0,0,0,0,4.18606841733483e+20,190200080431210,4.18606841733436e+20,"MPA"
"1133","Epinephelus","MT_40",2025,1173.85465265398,807.548081518855,189.106331398904,547.829791924794,4100.69313273391,-23118352.9334916,2.6878384984464,-29971762.778203,4738.34270491216,4738.24604539131,0,5.11992467231541e-05,18928.427997398,-0.0230397346740966,2.70488074797084e-09,-1009034.91518922,0,0,0,0,0,-1.77071188706308e+22,-8045437699212562,-1.77071188706309e+22,"MPA"
"1134","Epinephelus","MT_40",2026,1026.51895433984,660.230366367803,179.234916861065,2178.21585224865,3469.81914046353,-36841415.603268,4.28619128376812,-43694825.4479795,4738.31849549583,4738.23320270675,0,1.21146240216633e-05,18928.3426924943,-0.00544988987919169,6.40024295215512e-10,-1009034.89759937,0,0,0,0,0,7.49008735344545e+23,340321435730555776,7.49008735344545e+23,"MPA"
"1135","Epinephelus","MT_40",2027,868.59343055556,527.839048756968,160.346616004809,1696.34784693077,2936.63470036289,-58749806.0619937,6.83865738808049,-65603215.9067052,4738.29714127651,4738.22284282649,0,2.8674224661732e-06,18928.2683911768,-0.00128954370885377,1.51488599818436e-10,-1009034.89343903,0,0,0,0,0,-3.16830156067372e+25,-14395566874269112320,-3.16830156067372e+25,"MPA"
"1136","Epinephelus","MT_40",2028,735.12235232409,423.771659921989,141.841124308771,3717.71801441832,2480.9890975202,-93735730.3133548,10.9161345780403,-100589140.158066,4738.27854156465,4738.21447187806,0,6.78900058247878e-07,18928.2043208113,-0.000305224619498272,3.58670490209501e-11,-1009034.89245471,0,0,0,0,0,1.34018878054571e+27,6.08931272544642e+20,1.34018878054571e+27,"MPA"
"1137","Epinephelus","MT_40",2029,621.061428319324,340.547016530073,124.523987542997,2624.04132064904,2099.10352884286,-149625110.007957,17.4319957001918,-156478519.852669,4738.26250294814,4738.20769311089,0,1.60786451804153e-07,18928.1495108133,-7.22662065484051e-05,8.4945539968299e-12,-1009034.89222175,0,0,0,0,0,-5.66898731196497e+28,-2.57577412054378e+22,-5.66898731196497e+28,"MPA"
"1138","Epinephelus","MT_40",2030,525.464717727429,274.969897409471,108.71729620275,6281.76576545603,1773.06694831952,-238936354.521569,27.8480142679676,-245789764.36628,4738.24878246235,4738.20218858532,0,3.80907490017387e-08,18928.1029168982,-1.71151297093736e-05,2.01238831239743e-12,-1009034.8921666,0,0,0,0,0,2.39797682697926e+30,1.08955027567041e+24,2.39797682697926e+30,"MPA"
"1139","Epinephelus","MT_40",2031,443.84858141044,222.02996458069,94.3747479879512,4118.07043466882,1499.40747505518,-381707115.05785,44.5044250096883,-388560524.902562,4738.23711869345,4738.1977045878,0,9.02636805581047e-09,18928.0635027835,-4.05463160636989e-06,4.76876904451533e-13,-1009034.89215354,0,0,0,0,0,-1.0143421707859e+32,-4.60878844934205e+25,-1.0143421707859e+32,"MPA"
"1140","Epinephelus","MT_40",2032,375.343909822587,179.975421140848,81.6320653529957,10740.7324049653,1265.85223561841,-610012643.529163,71.1490447530814,-616866053.373874,4738.22725223076,4738.19403928619,0,2.139572662826e-09,18928.0302898368,-9.60828565341532e-07,1.13037130235219e-13,-1009034.89215044,0,0,0,0,0,4.29065880188233e+33,1.94951361610529e+27,4.29065880188233e+33,"MPA"
"1141","Epinephelus","MT_40",2033,316.878457176687,145.796375110489,70.2845688997235,6527.88061254212,1069.63198129036,-975226178.538184,113.785848827389,-982079588.382895,4738.21893809502,4738.19103237103,0,5.07292614986236e-10,18928.0023841123,-2.27751235055325e-07,2.68011436803866e-14,-1009034.89214971,0,0,0,0,0,-1.81494504429375e+35,-8.24642610701141e+28,-1.81494504429375e+35,"MPA"
"1142","Epinephelus","MT_40",2034,267.759002544673,118.495697849444,60.3698934042416,18504.8299715449,902.287216348497,-1559639546.11635,182.036171852267,-1566492955.96107,4738.21195250644,4738.18855653079,0,1.20310788398547e-10,18927.9789881365,-5.3999898748905e-08,6.35623512784873e-15,-1009034.89214954,0,0,0,0,0,7.6772021864384e+36,3.48823126846377e+30,7.6772021864384e+36,"MPA"
"1143","Epinephelus","MT_40",2035,225.867895953179,96.2062986464459,51.6547689926201,10414.147439716,761.643300811827,-2495135455.7754,291.32297570738,-2501988865.62012,4738.20609583494,4738.18651055424,0,2.85405404481829e-11,18927.9594028558,-1.28067689222034e-08,1.50784977236944e-15,-1009034.89214949,0,0,0,0,0,-3.24745003150924e+38,-1.47551887621643e+32,-3.24745003150924e+38,"MPA"
"1144","Epinephelus","MT_40",2036,190.660763783621,78.3356241214163,44.1253620528859,32042.3070311795,641.825569023247,-3993107033.97292,466.376696617078,-3999960443.81763,4738.20119308771,4738.18481381978,0,6.77217975801338e-12,18927.9430235879,-3.03806943038765e-09,3.5778718430054e-16,-1009034.89214948,0,0,0,0,0,1.37366861663728e+40,6.24143236647528e+33,1.37366861663728e+40,"MPA"
"1145","Epinephelus","MT_40",2037,160.667011809066,63.6994143300855,37.5700014455256,16684.7132538007,541.139591413329,-6392538800.19423,746.864060564351,-6399392210.03894,4738.19709289576,4738.18340193166,0,1.60731327153357e-12,18927.9293326238,-7.20882364112639e-10,8.49174975397693e-17,-1009034.89214948,0,0,0,0,0,-5.81060662990369e+41,-2.6401206120224e+35,-5.81060662990369e+41,"MPA"
"1146","Epinephelus","MT_40",2038,135.462476598232,51.9341664210538,31.9520960604426,55674.8570457532,455.479741830689,-10237123198.7635,1196.4276405416,-10243976608.6082,4738.19366566195,4738.18222328529,0,3.8157111145925e-13,18927.9178902471,-1.71094799183435e-10,2.0159160405178e-17,-1009034.89214948,0,0,0,0,0,2.45788168984456e+43,1.11676878587446e+37,2.45788168984456e+43,"MPA"
"1147","Epinephelus","MT_40",2039,114.019404323312,42.2772209635198,27.0969317667978,26808.8434192602,383.534884931089,-16399213844.4803,1917.20706720928,-16406067254.325,4738.19080131289,4738.18123637365,0,9.06046556438466e-14,18927.9083253079,-4.06173945810943e-11,4.7868268302664e-18,-1009034.89214948,0,0,0,0,0,-1.03968187593071e+45,-4.72392251863117e+38,-1.03968187593071e+45,"MPA"
"1148","Epinephelus","MT_40",2040,96.0095808900067,34.5003390542071,22.9613046224945,96970.6713674244,322.422089640043,-26278797835.191,3073.17168684269,-26285651245.0357,4738.18840693928,4738.18040767899,0,2.15190361641758e-14,18927.9003260476,-9.64466924211802e-12,1.13689466073524e-18,-1009034.89214948,0,0,0,0,0,4.3978455415693e+46,1.99821522989265e+40,4.3978455415693e+46,"MPA"
"1149","Epinephelus","MT_40",2041,80.7113274756807,28.1071870875957,19.4081331589731,43164.1716762812,271.134483795061,-42123403338.2259,4927.62149506098,-42130256748.0706,4738.18640449919,4738.17971002336,0,5.11198573566719e-15,18927.8936315717,-2.29065586908461e-12,2.70076763277265e-19,-1009034.89214948,0,0,0,0,0,-1.86028494439102e+48,-8.45243352156406e+41,-1.86028494439102e+48,"MPA"
"1150","Epinephelus","MT_40",2042,67.8725956275641,22.9520096956965,16.3958633722222,169185.760675768,227.6413716072,-67541995004.5063,7903.47409647649,-67548848414.3511,4738.18472868339,4738.17912127717,0,1.21464187953822e-15,18927.8880241655,-5.44160285563887e-13,6.41720606446075e-20,-1009034.89214948,0,0,0,0,0,7.86898958050495e+49,3.57537223056287e+43,7.86898958050495e+49,"MPA"
"1151","Epinephelus","MT_40",2043,56.9850450113825,18.7094227921012,13.8202366881716,69598.4145589986,191.175894515575,-108331482667.328,12680.2070742309,-108338336077.173,4738.18332499173,4738.17862334643,0,2.8866623971423e-16,18927.8833225202,-1.29296154314991e-13,1.52508430953036e-20,-1009034.89214948,0,0,0,0,0,-3.32857593697109e+51,-1.5123794294823e+45,-3.32857593697109e+51,"MPA"
"1152","Epinephelus","MT_40",2044,47.8567093369102,15.28519591486,11.6449884367072,295542.472693199,160.305229890556,-173805268597.347,20349.7787373846,-173812122007.191,4738.18214803752,4738.17820137647,0,6.86167645709247e-17,18927.8793758592,-3.07279420862654e-14,3.62516850650167e-21,-1009034.89214948,0,0,0,0,0,1.407984806033e+53,6.39735219502197e+46,1.407984806033e+53,"MPA"
"1153","Epinephelus","MT_40",2045,40.1289127559642,12.4649138583065,9.79246601998086,112338.717482759,134.450302499131,-278930727321.626,32667.4679839333,-278937580731.471,4738.18116007714,4738.17784312401,0,1.63135467882635e-17,18927.8760589061,-7.30411868122677e-15,8.61879284967087e-22,-1009034.89214948,0,0,0,0,0,-5.9557638208e+54,-2.70607456762103e+48,-5.9557638208e+54,"MPA"
"1154","Epinephelus","MT_40",2046,33.6566964327,10.1871131427,8.23278420436963,516728.061671792,112.59959782615,-447767015176.754,52455.5059261212,-447773868586.599,4738.18032975037,4738.17753846017,0,3.87925144553413e-18,18927.8732676158,-1.73654509486128e-15,2.04949118321598e-22,-1009034.89214948,0,0,0,0,0,2.51928305882008e+56,1.14466725330888e+50,2.51928305882008e+56,"MPA"
"1155","Epinephelus","MT_40",2047,28.1868498027613,8.30998571698841,6.90896871530052,181463.744830323,94.3195546100803,-718998123922.758,84252.7121229941,-719004977332.603,4738.17963101184,4738.17727897549,0,9.22627435625815e-19,18927.8709155795,-4.12938786680751e-16,4.87443800101947e-23,-1009034.89214948,0,0,0,0,0,-1.06565460307413e+58,-4.84193279991386e+51,-1.06565460307413e+58,"MPA"
"1156","Epinephelus","MT_40",2048,23.6108402746022,6.79318226118425,5.79730903376148,904037.233573603,78.8963429316134,-1154836590632.4,135360.290379854,-1154843444042.25,4738.17904223092,4738.17705766482,0,2.19473081351713e-19,18927.8689310134,-9.82119138041406e-17,1.15952335293817e-23,-1009034.89214948,0,0,0,0,0,4.50770995770895e+59,2.04813347906226e+53,4.50770995770895e+59,"MPA"
"1157","Epinephelus","MT_40",2049,19.7499761201108,5.54266994434651,4.8564725857586,293286.773266494,66.0080112002039,-1855359021521.96,217525.721604932,-1855365874931.8,4738.17854543814,4738.17686867466,0,5.22167979491716e-20,18927.8672542499,-2.33624897039595e-17,2.75872569309814e-24,-1009034.89214948,0,0,0,0,0,-1.90675749949489e+61,-8.66358729334353e+54,-1.90675749949489e+61,"MPA"
"1158","Epinephelus","MT_40",2050,16.5236637909824,4.53183658026868,4.06814899333334,1582407.44944687,55.1513192625475,-2981585578450.04,349654.635166822,-2981592431859.88,4738.17812569703,4738.17670709977,0,1.24254166314195e-20,18927.8658356526,-5.55837883270968e-18,6.56461530219995e-25,-1009034.89214948,0,0,0,0,0,8.06556809552999e+62,3.66469009743196e+56,8.06556809552999e+62,"MPA"
"1159","Epinephelus","MT_40",2051,13.8059281071121,3.69821181627377,3.40261645643078,474213.597783625,46.0890453957013,-4792652892775.91,562179.078482232,-4792659746185.75,4738.17777058219,4738.17656881863,0,2.95720310111689e-21,18927.8646338891,-1.32266208402782e-18,1.56235422392869e-25,-1009034.89214948,0,0,0,0,0,-3.41172848256079e+64,-1.55016081162297e+58,-3.41172848256079e+64,"MPA"
"1160","Epinephelus","MT_40",2052,11.5373857917952,3.02418409647227,2.84601694860838,2770794.5407561,38.4669344334741,-7705686757151.32,904095.241907291,-7705693610561.16,4738.17746974693,4738.17645035982,0,7.03912359280673e-22,18927.863614502,-3.14788696502282e-19,3.71892115248985e-26,-1009034.89214948,0,0,0,0,0,1.44315826248712e+66,6.55716712192251e+59,1.44315826248712e+66,"MPA"
"1161","Epinephelus","MT_40",2053,9.62935680217141,2.46819491671211,2.37712855724383,766988.018471744,32.1114546762555,-12392270153520.5,1454304.05610615,-12392277006930.4,4738.17721456564,4738.17634879289,0,1.67579581229522e-22,18927.8627487292,-7.49301486280766e-20,8.8535919879723e-27,-1009034.89214948,0,0,0,0,0,-6.1045472441042e+67,-2.77367614652867e+61,-6.1045472441042e+67,"MPA"
"1162","Epinephelus","MT_40",2054,8.03840126769606,2.01856031212536,1.98562496406775,4852943.3076773,26.7736688809487,-19933882482787.8,2339888.7245514,-19933889336197.7,4738.17699783834,4738.17626163906,0,3.99012558744819e-23,18927.8620125299,-1.78385326388285e-20,2.10806980585829e-27,-1009034.89214948,0,0,0,0,0,2.58221832103691e+69,1.17326266400947e+63,2.58221832103691e+69,"MPA"
"1163","Epinephelus","MT_40",2055,6.70220318709614,1.64760591456847,1.65644099382863,1240802.6152879,22.3274771255484,-32072432146430.1,3765577.60984335,-32072438999839.9,4738.17681354693,4738.17618679764,0,9.50195389041651e-24,18927.8613857806,-4.24741416705663e-21,5.02008832154281e-28,-1009034.89214948,0,0,0,0,0,-1.09227616576127e+71,-4.96289114531771e+64,-1.09227616576127e+71,"MPA"
"1164","Epinephelus","MT_40",2056,5.58919619929818,1.34756618669782,1.38197635713424,8501436.51053919,18.5982881453231,-51614091325028.9,6061245.65270455,-51614098178438.8,4738.17665665394,4738.17612248536,0,2.26307084525017e-24,18927.8608516121,-1.01146528443525e-21,1.19562944888392e-28,-1009034.89214948,0,0,0,0,0,4.6203189427107e+72,2.09929875686166e+66,4.6203189427107e+72,"MPA"
"1165","Epinephelus","MT_40",2057,4.65567519477367,1.09999891920006,1.1515881404193,2007667.11751612,15.4950240825904,-83080399628812.6,9758510.96893559,-83080406482222.5,4738.1765229365,4738.17606718606,0,5.39063963451834e-25,18927.8603958616,-2.40899682075146e-22,2.84799200567416e-29,-1009034.89214948,0,0,0,0,0,-1.95439100490608e+74,-8.88001598567964e+67,-1.95439100490608e+74,"MPA"
"1166","Epinephelus","MT_40",2058,3.87884082126546,0.899735972652284,0.959738052795384,14895134.5522211,12.8954824159272,-133758146086592,15714267.4674913,-133758152940002,4738.17640884933,4738.17601960881,0,1.28421418991754e-25,18927.8600066211,-5.73823578355481e-23,6.78478266358496e-30,-1009034.89214948,0,0,0,0,0,8.26705742053565e+75,3.75623925123499e+69,8.26705742053565e+75,"MPA"
"1167","Epinephelus","MT_40",2059,3.22810234680496,0.734480804855188,0.798938124586604,3248907.35250584,10.7342427850733,-215392626792021,25309945.3056343,-215392633645430,4738.17631141147,4738.17597865307,0,3.05976300561689e-26,18927.8596738627,-1.36702218923137e-23,1.61653932668966e-30,-1009034.89214948,0,0,0,0,0,-3.49695829661875e+77,-1.58888602624948e+71,-3.49695829661875e+77,"MPA"
"1168","Epinephelus","MT_40",2060,2.68708321317795,0.6007904891789,0.66518571474436,26100318.8904204,8.92594458215876,-346918847476672,40772969.9936058,-346918854330082,4738.17622811267,4738.17594337945,0,7.29103989262302e-27,18927.8593891295,-3.25706104231231e-24,3.85201497733574e-31,-1009034.89214948,0,0,0,0,0,1.47921040174635e+79,6.72097445225523e+72,1.47921040174635e+79,"MPA"
"1169","Epinephelus","MT_40",2061,2.23441525673594,0.49046287298513,0.553231105103016,5258064.88244438,7.42383154637619,-558867738144731,65695435.2742606,-558867744998140,4738.17615683593,4738.17591298528,0,1.73756383958117e-27,18927.8591452788,-7.76117704669588e-25,9.17992787423142e-32,-1009034.89214948,0,0,0,0,0,-6.25704748824217e+80,-2.84296650871136e+74,-6.25704748824217e+80,"MPA"
"1170","Epinephelus","MT_40",2062,1.85839406888281,0.40120264168897,0.460201348779741,45738791.574805,6.16839656430704,-900475464925539,105871097.45333,-900475471778948,4738.17609579325,4738.175886784,0,4.14133132197447e-28,18927.8589362696,-1.84960458171824e-25,2.18795548458458e-32,-1009034.89214948,0,0,0,0,0,2.64672579532274e+82,1.20257242860704e+76,2.64672579532274e+82,"MPA"
"1171","Epinephelus","MT_40",2063,1.54412334358811,0.327537071414055,0.382427206080633,8510348.23201105,5.12637370021922,-1451156018506608,170646236.737163,-1451156025360018,4738.17604347235,4738.17586418784,0,9.87155222331617e-29,18927.8587569851,-4.40837068046509e-26,5.21535597772001e-33,-1009034.89214948,0,0,0,0,0,-1.11956277282383e+84,-5.08687120166375e+77,-1.11956277282383e+84,"MPA"
"1172","Epinephelus","MT_40",2064,1.28327568046915,0.267935085657601,0.31785858096483,80158981.6459237,4.25635901367771,-2339017148922548,275100158.748343,-2339017155775957,4738.17599859239,4738.17584469317,0,2.35329071728183e-29,18927.8586030859,-1.05080850788345e-26,1.24329473702049e-33,-1009034.89214948,0,0,0,0,0,4.73574105979549e+85,2.15174221583385e+79,4.73574105979549e+85,"MPA"
"1173","Epinephelus","MT_40",2065,1.06548650742428,0.218744289693468,0.263937797960492,13775069.3734682,3.53478138086211,-3770748209745670,443565315.293589,-3770748216599080,4738.17596006708,4738.17582786812,0,5.61059382474018e-30,18927.8584708869,-2.50503454235158e-27,2.96419893179705e-34,-1009034.89214948,0,0,0,0,0,-2.00321446280905e+87,-9.10185137356579e+80,-2.00321446280905e+87,"MPA"
"1174","Epinephelus","MT_60",2015,6547.55249914838,6547.55249914838,586.63190073295,985.538819090305,25756.9701416426,-380584.082181881,0.0376794407172636,-8061708.60779305,5327.66894993954,5327.66894993954,0,123.085438118974,21159.654041881,-49436.5663144235,0.00578334561838908,-1189227.50879851,7810.42616691602,7810.42616691602,2581.60979147918,6126.69819006211,27655.6612914171,-3296425.37226676,-0.293053819626451,-55060016.9331105,"MPA"
"1175","Epinephelus","MT_60",2016,6447.69486546143,6436.11905868414,593.087515623061,1553.22023884529,24785.2616116431,-578625.889931737,0.0606556228020989,-8259750.41554291,5296.85719906168,5296.85378132429,0,32.5942244143472,21127.0563997293,-13162.6199809929,0.00154040171615839,-1152953.56246507,6922.99072169667,6921.65644676462,2322.51001133591,807888.335641115,0,30335619.6441897,24.51763656768,-21427971.9166541,"MPA"
"1176","Epinephelus","MT_60",2017,6204.44886000547,6172.65621159007,605.915472263538,2461.04559335518,22898.3388421361,-931478.523541009,0.101609259218883,-8612603.04915218,5288.69709137929,5288.64739856905,0,8.67134970603099,21118.335357213,-3505.88978533394,0.000410441556710755,-1143296.83226942,0,0,0,0,0,-2538241824.47382,-1020.24967398571,-2590005416.03467,"MPA"
"1177","Epinephelus","MT_60",2018,5732.09896071344,5662.96134011852,619.629686615101,3753.77482844202,19695.0560797142,-1560457.42854617,0.174637340961465,-9241581.95415733,5286.51396887907,5286.41175951683,0,2.31038306987559,21115.9227647809,-934.148408435864,0.000109402860402247,-1140725.09089252,0,0,0,0,0,105623573739.161,48221.3688618305,105571810147.601,"MPA"
"1178","Epinephelus","MT_60",2019,4930.22709044651,4797.81800071303,610.202793596347,5148.64626074855,15024.2035228285,-2682159.42756177,0.304913006794502,-10363283.9531729,5285.91002906195,5285.76772975251,0,0.61598361821087,21115.1644818533,-248.996537816442,2.91718179100029e-05,-1140039.9390219,0,0,0,0,0,-4992222433047.49,-2210921.54127334,-4992274196639.06,"MPA"
"1179","Epinephelus","MT_60",2020,3760.98117826258,3535.79087603951,526.353575315401,5530.20115348959,9795.16564243129,-4683439.61872166,0.53740520830286,-12364564.1443328,5285.72020949418,5285.55432413248,0,0.164302271627464,21114.8342942199,-66.3938954253825,7.78131779506238e-06,-1139857.33637951,0,0,0,0,0,228890476910318,102106888.293572,228890425146726,"MPA"
"1180","Epinephelus","MT_60",2021,2452.00576277955,2120.14251701181,346.48496455213,3155.29100683945,6727.97076068366,-8255339.91242287,0.952476409040271,-15936464.438034,5285.63755423247,5285.46254601192,0,0.0438408615692743,21114.6154451378,-17.7099697313318,2.07632323803469e-06,-1139808.65245381,0,0,0,0,0,-10570838413326960,-4707183574.30306,-10570838465090552,"MPA"
"1181","Epinephelus","MT_60",2022,1684.20052087183,1277.39307343234,232.028030367364,523.608932134128,6029.58241147741,-14632099.9267018,1.693795137484,-22313224.452313,5285.58277014508,5285.40939824049,0,0.0117021678053764,21114.4303710654,-4.72562915687469,5.54225093585566e-07,-1139795.66811324,0,0,0,0,0,487321450858049792,217100473490.751,487321450806286208,"MPA"
"1182","Epinephelus","MT_60",2023,1509.37425254476,1133.65299316787,242.655973208888,2669.66297594269,4623.72183633798,-26020156.6235083,3.01830324001805,-33701281.1491194,5285.53644089363,5285.37187495201,0,0.00312464616502114,21114.2626804776,-1.26139429855156,1.47987154906595e-07,-1139792.20387838,0,0,0,0,0,-22475800243067154432,-10011788307742,-22475800243118919680,"MPA"
"1183","Epinephelus","MT_60",2024,1157.44776577114,758.015625416165,193.070785773679,363.406409225686,4293.06667013616,-46367870.4736295,5.38568645799007,-54048994.9992406,5285.49446321784,5285.34295795295,0,0.000834602059840171,21114.1103406107,-0.336812890145008,3.95280721522476e-08,-1139791.27929697,0,0,0,0,0,1.03649223082082e+21,461715959341862,1.03649223082077e+21,"MPA"
"1184","Epinephelus","MT_60",2025,1074.67546741331,683.463049075704,199.750001157095,7417.11912128764,3201.41394694777,-82735323.7192688,9.61866444712527,-90416448.2448799,5285.45632825971,5285.31997496472,0,0.000222997102377192,21113.9737643186,-0.0899643240553741,1.0561561927985e-08,-1139791.03244841,0,0,0,0,0,-4.78001521799809e+22,-21292908156024064,-4.78001521799809e+22,"MPA"
"1185","Epinephelus","MT_60",2026,801.404053133532,460.458340830277,151.816255649082,592.906815105259,2928.27680517153,-147764236.580942,17.1902119599217,-155445361.106553,5285.42213936822,5285.30152448237,0,5.96015086141922e-05,21113.8530898312,-0.0240376961703557,2.8228556167882e-09,-1139790.96652178,0,0,0,0,0,2.2043947791259e+24,981964692185133184,2.2043947791259e+24,"MPA"
"1186","Epinephelus","MT_60",2027,733.030135824437,417.707188324191,148.710495995034,14304.0992041175,2206.13455064564,-264078528.123142,30.738468998092,-271759652.648753,5285.39193114621,5285.28665792739,0,1.59349472219693e-05,21113.7478006775,-0.00642470750710175,7.54717207579276e-10,-1139790.94890879,0,0,0,0,0,-1.01660037458363e+26,-45285228254959501312,-1.01660037458363e+26,"MPA"
"1187","Epinephelus","MT_60",2028,552.257596157147,283.146477602049,113.818098434445,1092.5108653066,1994.20969914993,-472211869.737792,54.9900565691515,-479892994.263403,5285.36557430639,5285.27465191448,0,4.26163645859899e-06,21113.6568740239,-0.00171770646549797,2.01842196256514e-10,-1139790.94420179,0,0,0,0,0,4.68825206990409e+27,2.08841739280925e+21,4.68825206990409e+27,"MPA"
"1188","Epinephelus","MT_60",2029,499.206838659726,257.758820064826,107.599776550695,28099.8205738342,1513.99054798481,-844767434.1042,98.4164167358733,-852448558.629811,5285.34281280479,5285.26493345855,0,1.14007018624002e-06,21113.5789935376,-0.000459384845344165,5.39969015379018e-11,-1139790.94294347,0,0,0,0,0,-2.16207967629916e+29,-9.63114737918351e+22,-2.16207967629916e+29,"MPA"
"1189","Epinephelus","MT_60",2030,378.994463592458,175.377416541395,82.7103329018143,2145.47575831095,1354.93209440103,-1511897213.82758,176.205928784241,-1519578338.35319,5285.32331712618,5285.25704524232,0,3.05079630136428e-07,21113.5127213487,-0.000122894810179607,1.44494699475153e-11,-1139790.94260698,0,0,0,0,0,9.97085548112775e+30,4.44159299173007e+24,9.97085548112775e+30,"MPA"
"1190","Epinephelus","MT_60",2031,339.17765405156,159.990917725101,76.2644844643436,55778.616720098,1034.71402562269,-2706912387.86282,315.599022785782,-2714593512.38843,5285.30672733126,5285.25062260564,0,8.1661673477444e-08,21113.4566165414,-3.2886421701371e-05,3.86774848439722e-12,-1139790.94251697,0,0,0,0,0,-4.59825606264212e+32,-2.04832793940215e+26,-4.59825606264212e+32,"MPA"
"1191","Epinephelus","MT_60",2032,259.018055056178,109.104390960514,58.7969686588287,4328.88462267842,917.941694060691,-4848310177.11874,565.467723131158,-4855991301.64435,5285.29268271826,5285.24537541916,0,2.18647136161269e-08,21113.4093092204,-8.80284250225107e-06,1.03558273489957e-12,-1139790.94249288,0,0,0,0,0,2.12057619488598e+34,9.44626704260602e+27,2.12057619488598e+34,"MPA"
"1192","Epinephelus","MT_60",2033,229.786652507671,99.6614421012496,53.2211753067843,111433.114138683,704.206554081507,-8686842020.17522,1013.52222354408,-8694523144.70083,5285.28084036379,5285.24107318867,0,5.85580740983528e-09,21113.3695420394,-2.35694533402786e-06,2.77350332208914e-13,-1139790.94248644,0,0,0,0,0,-9.77945407849729e+35,-4.35633178224529e+29,-9.77945407849729e+35,"MPA"
"1193","Epinephelus","MT_60",2034,176.282728830544,68.0581360657456,41.1213915146181,8834.93085369932,619.895318990174,-15569979481.201,1817.22585494375,-15577660605.7266,5285.27088551866,5285.23753284701,0,1.56871585198305e-09,21113.3361893662,-6.31238385099038e-07,7.4299680956658e-14,-1139790.94248471,0,0,0,0,0,4.50998753507745e+37,2.00900805704781e+31,4.50998753507745e+37,"MPA"
"1194","Epinephelus","MT_60",2035,155.177252735737,62.2174709983676,36.6946693552229,223570.914576334,477.272493570586,-27916647983.775,3259.35758547303,-27924329108.3006,5285.26253640544,5285.23460887004,0,4.20352222710769e-10,21113.3082618304,-1.69103135219325e-07,1.99093302637925e-14,-1139790.94248425,0,0,0,0,0,-2.07986942869762e+39,-9.26493567294166e+32,-2.07986942869762e+39,"MPA"
"1195","Epinephelus","MT_60",2036,119.474743702319,42.5244960824444,28.4013634785663,18124.8582970249,417.216387978184,-50071059944.5466,5847.90114987487,-50078741069.0722,5285.25554535687,5285.23218536675,0,1.1266552673642e-10,21113.2849018401,-4.5312848332943e-08,5.33623431970868e-15,-1139790.94248413,0,0,0,0,0,9.59172682130401e+40,4.27270725584185e+34,9.59172682130401e+40,"MPA"
"1196","Epinephelus","MT_60",2037,104.441009472776,38.8943263810971,25.0583019135165,449929.105576171,322.151968650927,-89836856671.3507,10495.6777127313,-89844537795.8763,5285.24969769357,5285.23016980613,0,3.02046981189148e-11,21113.2653739527,-1.21450583015788e-08,1.43060187953205e-15,-1139790.94248409,0,0,0,0,0,-4.42341341938604e+42,-1.97044296242991e+36,-4.42341341938604e+42,"MPA"
"1197","Epinephelus","MT_60",2038,80.6437085863084,26.597702447833,19.4230875181439,37278.0983852082,279.858745980287,-161237207814.042,18843.4726403502,-161244888938.567,5285.24480931349,5285.2284880735,0,8.09954881974927e-12,21113.2490527127,-3.25599331222833e-09,3.83623760571921e-16,-1139790.94248408,0,0,0,0,0,2.03994407298328e+44,9.08708515632929e+37,2.03994407298328e+44,"MPA"
"1198","Epinephelus","MT_60",2039,70.0565241015764,24.3345843503354,16.9794893138832,907580.91199799,216.599021511432,-289478002596.292,33841.4479357806,-289485683720.817,5285.24072364756,5285.22708059047,0,2.17243706487519e-12,21113.2354096556,-8.73112511708408e-10,1.02894507518297e-16,-1139790.94248408,0,0,0,0,0,-9.40760319318691e+45,-4.19068799314786e+39,-9.40760319318691e+45,"MPA"
"1199","Epinephelus","MT_60",2040,54.2208338629602,16.6465515487562,13.1777913925153,76776.8105560367,187.106421601424,-519880733649.83,60795.5774769969,-519888414774.356,5285.23730840622,5285.22589927636,0,5.8281515162665e-13,21113.2240005257,-2.34183831195438e-10,2.76042587538763e-17,-1139790.94248408,0,0,0,0,0,4.33850118797756e+47,1.93261816674863e+41,4.33850118797756e+47,"MPA"
"1200","Epinephelus","MT_60",2041,46.8380056823494,15.2330130381336,11.4320810201209,1834179.30518407,145.093888883925,-933956560286.802,109251.547220943,-933964241411.328,5285.23445237977,5285.22490517047,0,1.56389993236484e-13,21113.2144533164,-6.28262016459853e-11,7.40720630778651e-18,-1139790.94248408,0,0,0,0,0,-2.0007851278968e+49,-8.91264867380702e+42,-2.0007851278968e+49,"MPA"
"1201","Epinephelus","MT_60",2042,36.3210857962757,10.42253873473,8.88261636061252,158253.082084935,124.702945386574,-1678349431183.96,196387.222315713,-1678357112308.48,5285.23206244446,5285.22406657043,0,4.19738561888698e-14,21113.2064574424,-1.68585087394303e-11,1.9880373457219e-18,-1139790.94248408,0,0,0,0,0,9.22701401835764e+50,4.1102431794043e+44,9.22701401835764e+50,"MPA"
"1202","Epinephelus","MT_60",2043,31.2166584910927,9.53860735641222,7.65633610083021,3712656.11450501,96.8606570319633,-3016948911701.82,353123.263949044,-3016956592826.34,5285.23006085205,5285.22335757251,0,1.12677678304135e-14,21113.1997541628,-4.5246944116269e-12,5.33683426804149e-19,-1139790.94248408,0,0,0,0,0,-4.25521893920034e+52,-1.89551945915796e+46,-4.25521893920034e+52,"MPA"
"1203","Epinephelus","MT_60",2044,24.2469497606205,6.52718076016087,5.95518422496559,326351.157444759,82.8677515288934,-5424767399114.03,635132.485299402,-5424775080238.56,5285.22838283244,5285.22275692445,0,3.02540411333326e-15,21113.1941282549,-1.21464238346074e-12,1.43294444247638e-19,-1139790.94248408,0,0,0,0,0,1.96237788134976e+54,8.74156068928072e+47,1.96237788134976e+54,"MPA"
"1204","Epinephelus","MT_60",2045,20.7441315149618,5.97402653764247,5.10480286631379,7525348.29550534,64.4563494034508,-9757062331846.29,1142679.99691462,-9757070012970.81,5285.22697450926,5285.22224712117,0,8.12480225005717e-16,21113.1894008668,-3.2613249096261e-13,3.84821094834928e-20,-1139790.94248408,0,0,0,0,0,-9.04989144914473e+55,-4.03134259135085e+49,-9.04989144914473e+55,"MPA"
"1205","Epinephelus","MT_60",2046,16.1352391531139,4.08826732931825,3.97449048481889,673211.590614902,54.9169130881977,-17554134332965.7,2056385.90876824,-17554142014090.2,5285.22579111091,5285.22181368942,0,2.18234585007975e-16,21113.1854234453,-8.75837600933105e-14,1.03364103636082e-20,-1139790.94248408,0,0,0,0,0,4.17353538376462e+57,1.85913290160737e+51,4.17353538376462e+57,"MPA"
"1206","Epinephelus","MT_60",2047,13.7472496414977,3.74195381126972,3.3907148999952,15272319.027539,42.7679514764499,-31590710079184.8,3701704.06310412,-31590717760309.4,5285.22479545032,5285.22144461977,0,5.86291021100872e-17,21113.1820726147,-2.35252614247875e-14,2.77689519152924e-21,-1139790.94248408,0,0,0,0,0,-1.92470790367121e+59,-8.57375692468955e+52,-1.92470790367121e+59,"MPA"
"1207","Epinephelus","MT_60",2048,10.7060224717651,2.56087621941239,2.64239028562822,1389008.54391676,36.3020946240498,-56866498644416.3,6665200.75296813,-56866506325540.8,5285.22395664309,5285.22112991356,0,1.5753583717817e-17,21113.1792458852,-6.32010369635293e-15,7.46149200187864e-22,-1139790.94248408,0,0,0,0,0,8.87616894028311e+60,3.9539565858959e+54,8.87616894028311e+60,"MPA"
"1208","Epinephelus","MT_60",2049,9.087436442478,2.34399983204315,2.2448771289716,31029371.5579684,28.3019557222399,-102392468460045,12004293.8496141,-102392476141170,5285.22324903309,5285.22086122011,0,4.23369494700281e-18,21113.1768580722,-1.69820608768592e-15,2.00523802622206e-22,-1139790.94248408,0,0,0,0,0,-4.09341983301304e+62,-1.8234448236023e+56,-4.09341983301304e+62,"MPA"
"1209","Epinephelus","MT_60",2050,7.08477641544393,1.60419571220103,1.75097431250922,2866264.61892929,23.9416476468917,-184412948477905,21625652.958874,-184412956159029,5285.22265129627,5285.22063154473,0,1.13797181418402e-18,21113.1748383207,-4.56384249039317e-16,5.38986543901275e-23,-1139790.94248408,0,0,0,0,0,1.88776104218337e+64,8.40917433585999e+57,1.88776104218337e+64,"MPA"
"1210","Epinephelus","MT_60",2051,5.99326853098979,1.46835587158522,1.48208627266888,63109311.8918037,18.683771742518,-332218653502591,38968030.953032,-332218661183716,5285.22214569559,5285.22043501281,0,3.05923555407229e-19,21113.1731276379,-1.22671207059092e-16,1.44896994158184e-23,-1139790.94248408,0,0,0,0,0,-8.70578122391649e+65,-3.87805608897926e+59,-8.70578122391649e+65,"MPA"
"1211","Epinephelus","MT_60",2052,4.67707414611322,1.00492913971947,1.15697212950315,5915171.65597868,15.7565456987836,-598636586161675,70234697.7279188,-598636593842800,5285.22171746352,5285.22026667822,0,8.2254861710758e-20,21113.1716768526,-3.29779831723013e-17,3.89590240956595e-24,-1139790.94248408,0,0,0,0,0,4.01484218739032e+67,1.78844181706825e+61,4.01484218739032e+67,"MPA"
"1212","Epinephelus","MT_60",2053,3.94430704546277,0.91983800010461,0.976091441896626,128479979.712693,12.3072328874547,-1078962885286223,126618281.803613,-1078962892967348,5285.22135429111,5285.22012236715,0,2.21195002694864e-20,21113.1704449286,-8.86691990153891e-18,1.04766354765674e-24,-1139790.94248408,0,0,0,0,0,-1.85152341588451e+69,-8.24775108882e+62,-1.85152341588451e+69,"MPA"
"1213","Epinephelus","MT_60",2054,3.08084692648631,0.629530102814897,0.762578806055798,12208048.6930043,10.3498764678904,-1945141546654687,228317916.128997,-1945141554335811,5285.22104590586,5285.21999855017,0,5.94911007453601e-21,21113.169397573,-2.38444082656592e-18,2.81772465425355e-25,-1139790.94248408,0,0,0,0,0,8.53866428507607e+70,3.80361258464891e+64,8.53866428507607e+70,"MPA"
"1214","Epinephelus","MT_60",2055,2.59086550138468,0.576225447023049,0.641465932884063,261801509.951951,8.09084724395679,-3507476601598427,411793894.088255,-3507476609279551,5285.22078372324,5285.21989223716,0,1.60025647814733e-21,21113.1685060869,-6.41302994570632e-19,7.57942330217615e-26,-1139790.94248408,0,0,0,0,0,-3.93777292513493e+72,-1.75411073131323e+66,-3.93777292513493e+72,"MPA"
"1215","Epinephelus","MT_60",2056,2.02536687914823,0.394363361728439,0.501529961501203,25196785.103735,6.78661337461574,-6326080253697610,742871383.332709,-6326080261378735,5285.22056055917,5285.21980089044,0,4.30512800700616e-22,21113.1677464181,-1.72504678687804e-19,2.0390724451877e-26,-1139790.94248408,0,0,0,0,0,1.81598141023383e+74,8.08942653656789e+67,1.81598141023383e+74,"MPA"
"1216","Epinephelus","MT_60",2057,1.69888041833911,0.360970173612743,0.420757567866973,533923893.817857,5.30942593719609,-11412174953996252,1340413142.67589,-11412174961677376,5285.2203703927,5285.21972235297,0,1.15834912029845e-22,21113.1670983784,-4.64084829379058e-20,5.48638241055599e-27,-1139790.94248408,0,0,0,0,0,-8.37475533763e+75,-3.73059810434757e+69,-8.37475533763e+75,"MPA"
"1217","Epinephelus","MT_60",2058,1.32909880958629,0.247043323203333,0.329207740258135,52006624.7365662,4.44309270733446,-20591760191024760,2419093107.97557,-20591760198705884,5285.22020817011,5285.21965478856,0,3.11707966612473e-23,21113.1665449969,-1.24867895255192e-20,1.47636764023011e-27,-1139790.94248408,0,0,0,0,0,3.86218309118765e+77,1.72043866808715e+71,3.86218309118765e+77,"MPA"
"1218","Epinephelus","MT_60",2059,1.11223120880718,0.226123633477049,0.275523282216311,1089770027.04318,3.47853200718795,-37162710069472656,4366695576.12774,-37162710077153776,5285.22006964312,5285.21959663215,0,8.38898666816545e-24,21113.1660719859,-3.36015439812109e-21,3.97334367419796e-28,-1139790.94248408,0,0,0,0,0,-1.78112167203645e+79,-7.93414119628714e+72,-1.78112167203645e+79,"MPA"
"1219","Epinephelus","MT_60",2060,0.870774506424871,0.154754975739797,0.215723962794691,107345329.184296,2.90466849325152,-67082263876886760,7883830410.90141,-67082263884567880,5285.21995123516,5285.21954654808,0,2.25799242087002e-24,21113.1656672988,-9.0431731628138e-22,1.06947125515737e-28,-1139790.94248408,0,0,0,0,0,8.2139928006945e+80,3.65898521640482e+74,8.2139928006945e+80,"MPA"
"1220","Epinephelus","MT_60",2061,0.727120310611621,0.14164950517332,0.180149240210388,2225962608.08747,2.27565969223239,-121113364023387024,14236501941.1993,-121113364031068144,5285.21984993059,5285.2195033953,0,6.07834127925345e-25,21113.1653207635,-2.43407430777691e-22,2.87893411021801e-29,-1139790.94248408,0,0,0,0,0,-3.78804428631309e+82,-1.6874129767358e+76,-3.78804428631309e+82,"MPA"
"1221","Epinephelus","MT_60",2062,0.569661696715722,0.0969415774813771,0.141144189867764,221572524.982622,1.89646887297594,-218704684886449248,25712756808.4036,-218704684894130368,5285.21976318305,5285.21946619795,0,1.63642312877733e-25,21113.1650237784,-6.5523402502437e-23,7.75072379891532e-30,-1139790.94248408,0,0,0,0,0,1.74693110442658e+84,7.78183672699854e+77,1.74693110442658e+84,"MPA"
"1222","Epinephelus","MT_60",2063,0.474739557779933,0.0887315020008727,0.117631487359588,4549972135.45562,1.48676799939468,-395005766956717248,46448429630.484,-395005766964398400,5285.21968883932,5285.21943412071,0,4.40608039873533e-26,21113.1647690598,-1.76403410335224e-23,2.08688768106417e-30,-1139790.94248408,0,0,0,0,0,-8.05631627549786e+85,-3.58874701573099e+79,-8.05631627549786e+85,"MPA"
"1223","Epinephelus","MT_60",2064,0.372179893175048,0.0607251909436889,0.0922219685457358,457356579.837437,1.23676347693349,-713552332463846144,83920530622.9343,-713552332471527296,5285.21962507608,5285.21940644793,0,1.18646220405754e-26,21113.1645504317,-4.74967388187467e-24,5.61953746498824e-31,-1139790.94248408,0,0,0,0,0,3.7153286564301e+87,1.65502124944808e+81,3.7153286564301e+87,"MPA"
"1224","Epinephelus","MT_60",2065,0.309596721825673,0.0555819481270687,0.0767171600816954,9306552299.68628,0.9701963988845,-1289208070013644544,151648454839.631,-1289208070021325568,5285.2195703473,5285.219382566,0,3.1952035523677e-27,21113.1643626504,-1.27898451690982e-24,1.51337026958311e-31,-1139790.94248408,0,0,0,0,0,-1.71339686194701e+89,-7.63245590764148e+82,-1.71339686194701e+89,"MPA"
"1225","Lutjanus","MT",2015,63.5194961797061,63.5194961797061,85.1935417351263,2.00484462087063,601.752846414256,-33116.4603836031,0.00386614582511523,-254140.656675444,31.9596102926128,31.9596102926128,14.98581890294,0.43252858735417,275.467011615586,-12823.7186972364,0.00165774565323395,-128793.509927562,89.9719323146734,89.9719323146734,289.277434215926,8.94603728494185,1014.84947953098,-130804.430812677,0.012179465008234,-550882.5518133,"MPA"
"1226","Lutjanus","MT",2016,73.7093716959303,73.6981430546962,87.473986670165,0.120421031727391,689.095183411459,-1708.53187348316,0.000200152117923577,-222732.728165324,33.742258919308,33.7422554214349,14.1927938311159,0.0136906355606961,289.646111313268,-384.340615611617,4.96997726320547e-05,-116354.131845937,124.310035171275,124.309058805581,363.455258018029,1.01656049450549,1377.28720068881,-10231.0444998915,0.00100250884959753,-430309.165500515,"MPA"
"1227","Lutjanus","MT",2017,84.4080311553425,84.3970302242083,86.4804449904665,0.00716269659602382,775.557464774196,-88.4477727081304,1.0395964284597e-05,-221112.644064549,35.4790725233613,35.4790467394739,13.254625384656,0.000431699666642168,302.90027921437,-11.5224199380449,1.49043999993173e-06,-115981.313650264,168.705432492017,168.697851078883,429.695461536909,0.117936563075943,1806.85714424951,-842.084383089749,8.57190137538444e-05,-420920.205383713,"MPA"
"1228","Lutjanus","MT",2018,94.9988916267473,94.989127814794,82.0787755830942,0.000420033357536242,857.626056511979,-4.59381526186745,5.41656295016284e-07,-221028.790107103,37.102590208677,37.1025471524237,12.2299165081631,1.35424118032035e-05,315.130139123868,-0.345537590833329,4.47091940221484e-08,-115970.136767917,221.323929983125,221.307515775873,464.883876540336,0.0135886796557498,2271.71101790294,-71.9972093422068,7.52786978834868e-06,-420150.118209965,"MPA"
"1229","Lutjanus","MT",2019,105.051564196571,105.043291830023,74.7547801483216,2.42729043533567e-05,932.372540020848,-0.239340112010014,2.83051367006802e-08,-221024.435631953,38.6006392752165,38.6005851118856,11.1577637851694,4.22755736214279e-07,326.287848322951,-0.010365011940029,1.34152892578819e-09,-115969.801595338,278.264395095317,278.239787736415,450.020939518821,0.00152819449454211,2721.70582186837,-6.32236109206857,6.73220818054304e-07,-420084.443361715,"MPA"
"1230","Lutjanus","MT",2020,114.207343631183,114.20063040237,65.4180967608264,1.38284528239848e-06,997.783922170016,-0.0125066621964389,1.48325168689604e-09,-221024.208798503,39.9673594154385,39.9672995685358,10.0735738775185,1.31378148340714e-08,336.361362340429,-0.000311003915321396,4.02645328242711e-11,-115969.79154133,333.384756327295,333.355770059787,383.213313559759,0.000165800206438602,3104.88998336041,-0.565372152570035,6.09502332779564e-08,-420078.686372776,"MPA"
"1231","Lutjanus","MT",2021,122.219656175623,122.214427506011,55.1621487567731,7.77520353413539e-08,1052.94084217943,-0.00065535621291598,7.79286708621166e-11,-221024.196947197,41.2012752887459,41.2012141305955,9.0078344316448,4.06601489659537e-10,345.369135613517,-9.33430578237611e-06,1.20882445098251e-12,-115969.79123966,380.321408070138,380.293661505764,285.672289970849,1.72727823663676e-05,3390.5345094941,-0.05118307957655,5.56490880500561e-09,-420078.172183703,"MPA"
"1232","Lutjanus","MT",2022,128.975888311129,128.971966768934,45.0013714658927,4.32141630602264e-09,1097.9382920988,-3.44309001242218e-05,4.10428395657812e-12,-221024.196326272,42.3046473995636,42.304588185671,7.98500850551546,1.25372836232306e-11,353.354084905127,-2.80231416653268e-07,3.63011383413401e-14,-115969.791230606,415.3103219991,415.288306903598,188.633768269139,1.7327716089748e-06,3579.14626093497,-0.00467293592117534,5.11151927255646e-10,-420078.125673559,"MPA"
"1233","Lutjanus","MT",2023,134.487675718933,134.484831002376,35.6870423352456,2.37864148824579e-10,1133.62248971725,-1.8133396426695e-06,2.16651327884204e-13,-221024.196293654,43.2827326696469,43.2826776067302,7.02319188666338,3.85302650169429e-13,360.377221728873,-8.41528275281454e-09,1.09041581826758e-15,-115969.791230334,438.413584037689,438.398716066436,113.169019233885,1.68784333471402e-07,3692.30041202882,-0.000429209229889384,4.71617599111746e-11,-420078.121429832,"MPA"
"1234","Lutjanus","MT",2024,138.85867255194,138.856666835418,27.6456591437444,1.29914907578225e-11,1161.26614314446,-9.57184583640584e-08,1.14603351069174e-14,-221024.196291937,44.1430044667769,44.1429548617449,6.13440171687021,1.18068616590883e-14,366.511573840711,-2.52776159211112e-10,3.27625243288254e-17,-115969.791230326,452.273961153665,452.265117492536,63.5474032655524,1.61228475461091e-08,3755.83897161712,-3.96005684378249e-05,4.36678097752877e-12,-420078.121040224,"MPA"
"1235","Lutjanus","MT",2025,142.244774234119,142.243392972529,21.01800871259,7.0534825687244e-13,1182.28277059546,-5.06320966733511e-09,6.07401989788256e-16,-221024.196291846,44.8944080415494,44.8943644869563,5.32529383611677,3.60879157816748e-16,371.836824122235,-7.5948183767634e-12,9.84632756227325e-19,-115969.791230326,460.056869591283,460.052074665033,34.2542238498962,1.52298514504604e-09,3790.08840053924,-3.66664227338065e-06,4.05504588386672e-13,-420078.12100429,"MPA"
"1236","Lutjanus","MT",2026,144.819124174982,144.818190885959,15.7465915828403,3.81285941725582e-14,1198.02842888928,-2.68349281986984e-10,3.22501851247488e-17,-221024.196291841,45.5467038382601,45.5466664006605,4.59810913050226,1.10061022318701e-17,376.434895815138,-2.28250061182648e-13,2.95992892209285e-20,-115969.791230326,464.252120019822,464.249682553787,18.0377493903292,1.43073646107004e-10,3808.12371246339,-3.40487046783424e-07,3.7749673739923e-14,-420078.121000964,"MPA"
"1237","Lutjanus","MT",2027,146.74782727409,146.747206137037,11.6655819200579,2.05479494173165e-15,1209.69338967228,-1.42479757401703e-11,1.71515394533249e-18,-221024.196291841,46.109926725391,46.1098951150386,3.95168412649297,3.35032147247089e-19,380.386548331278,-6.86143507667124e-15,8.90013741673939e-22,-115969.791230326,466.461285324466,466.460099883378,9.37828966133668,1.34120845197752e-11,3817.50081668362,-3.16969013684874e-08,3.5219760487745e-15,-420078.121000655,"MPA"
"1238","Lutjanus","MT",2028,148.176681221847,148.17627271712,8.56949185410886,1.10510804277586e-16,1218.26247302166,-7.57742484346703e-13,9.13546195800472e-20,-221024.196291841,46.5939690126207,46.593942723549,3.38240902693245,1.01822548683829e-20,383.768931069139,-2.06313599187694e-16,2.67681832385786e-23,-115969.791230326,467.60989719148,467.60933811743,4.84324381635035,1.25689214358867e-12,3822.34350142592,-2.95725906748749e-09,3.29245112500261e-16,-420078.121000626,"MPA"
"1239","Lutjanus","MT",2029,149.226317718719,149.226051538852,6.25566481624844,5.93608621024812e-18,1224.51787165805,-4.03596381208551e-14,4.87259144868258e-21,-221024.196291841,47.0082808150966,47.0082592325479,2.88506361921642,3.09040852887512e-22,386.653973105807,-6.20508695745602e-18,8.05278577125297e-25,-115969.791230326,468.203083001574,468.202825054649,2.49240939578769,1.17859436509089e-13,3824.83565287478,-2.76453431012846e-10,3.08343523467344e-17,-420078.121000623,"MPA"
"1240","Lutjanus","MT",2030,149.99254841616,149.992376225586,4.54548683510743,3.18644052318613e-19,1229.06318630258,-2.15266003895927e-15,2.60220253601288e-22,-221024.196291841,47.3616728050245,47.3616552822599,2.45350022304707,9.36912822483374e-24,389.107455806089,-1.86669460395448e-19,2.42313022545962e-26,-115969.791230326,468.508349388864,468.508232283183,1.28029102298774,1.10631823101469e-14,3826.11582679209,-2.58903135665622e-11,2.89246000555988e-18,-420078.121000623,"MPA"
"1241","Lutjanus","MT",2031,150.549309034087,150.549198273065,3.29166614449845,1.71002008854864e-20,1232.35474168605,-1.14962341670145e-16,1.391320709838e-23,-221024.196291841,47.662202614534,47.6621885237088,2.08117034970851,2.83777868361234e-25,391.188612064973,-5.61697264404533e-21,7.29304691292971e-28,-115969.791230326,468.665159307868,468.665106789121,0.65703243335327,1.03972167604111e-15,3826.7728067067,-2.42867697709117e-12,2.71743405400675e-19,-420078.121000623,"MPA"
"1242","Lutjanus","MT",2032,150.952495293469,150.95242436243,2.37782633573033,9.17722316770714e-22,1234.73249709075,-6.14668661208239e-18,7.44690309960806e-25,-221024.196291841,47.9171257464434,47.9171145091318,1.76150858335626,8.5886983653476e-27,392.950109411017,-1.69057026950325e-22,2.19553909901086e-29,-115969.791230326,468.745633504228,468.745610173012,0.337016672232192,9.78340098646399e-17,3827.10980004771,-2.28171481657117e-13,2.55656704299073e-20,-420078.121000623,"MPA"
"1243","Lutjanus","MT",2033,151.243749182787,151.243703917741,1.71462008636509,4.92629170797127e-23,1236.44707191207,-3.2899479740661e-19,3.98976519309173e-26,-221024.196291841,48.1328935045765,48.1328846073401,1.48819554608074,2.59781917493912e-28,394.438296059861,-5.08937282528621e-24,6.61106649727505e-31,-115969.791230326,468.786912191283,468.786901903406,0.172824130886964,9.21688705883787e-18,3827.28261389072,-2.14664145684655e-14,2.40831531721536e-21,-420078.121000623,"MPA"
"1244","Lutjanus","MT",2034,151.45376934897,151.453740543227,1.23479293351318,2.64534281822766e-24,1237.68183603984,-1.76262655360177e-20,2.13947140366126e-27,-221024.196291841,48.3151831331279,48.3151761327722,1.2553242520989,7.85375546576752e-30,395.693613311605,-1.5324759324909e-25,1.99112404548233e-32,-115969.791230326,468.808080350046,468.808075840322,0.0886131953074148,8.69306400948814e-19,3827.37122257631,-2.022160684841e-15,2.27134103252716e-22,-420078.121000623,"MPA"
"1245","Lutjanus","MT",2035,151.60501697263,151.604998682074,0.888413406694132,1.42111658803913e-25,1238.57023115597,-9.45190179440803e-22,1.14820841253781e-28,-221024.196291841,48.4689483316748,48.4689428538819,1.057492993495,2.37344316109799e-31,396.751100827307,-4.61550950452542e-27,5.99818432038099e-34,-115969.791230326,468.818934125944,468.818932158337,0.0454318742372609,8.20772169240002e-20,3827.41665248294,-1.90714913527992e-16,2.14448017395481e-23,-420078.121000623,"MPA"
"1246","Lutjanus","MT",2036,151.713837472971,151.713825879952,0.638769261477389,7.63802837505593e-27,1239.20898882443,-5.07263080171884e-23,6.1668111605249e-30,-221024.196291841,48.5984811470543,48.598476881142,0.889844883391313,7.170548594658e-33,397.640941444786,-1.39040225028035e-28,1.80731665980607e-35,-115969.791230326,468.824498885453,468.82449803015,0.0232919217445337,7.75708946692769e-21,3827.43994354938,-1.80062941759574e-17,2.02671675858158e-24,-420078.121000623,"MPA"
"1247","Lutjanus","MT",2037,151.792079606246,151.792072268894,0.45905279555626,4.10718438176463e-28,1239.66803428264,-2.72441364643316e-24,3.31435983089991e-31,-221024.196291841,48.7074787084531,48.707475400198,0.74807049607505,2.16586306347429e-34,398.389008632606,-4.1894241932109e-30,5.4467809299716e-37,-115969.791230326,468.827351833941,468.827351463219,0.0119409769220058,7.33782077740505e-22,3827.45188415558,-1.70174844597481e-18,1.91716157206491e-25,-420078.121000623,"MPA"
"1248","Lutjanus","MT",2038,151.848308592126,151.84830395362,0.329784295645263,2.2096277295825e-29,1239.99781393977,-1.46423896146359e-25,1.78243505915681e-32,-221024.196291841,48.7991102856514,48.7991077294649,0.628386398530277,6.54097334447086e-36,399.01739247495,-1.26258176656403e-31,1.64185589397697e-38,-115969.791230326,468.828814452001,468.828814291669,0.00612164657474585,6.94695675864763e-23,3827.45800564182,-1.60975958090193e-19,1.81503438045977e-26,-420078.121000623,"MPA"
"1249","Lutjanus","MT",2039,151.888703667065,151.888700737427,0.236858240316886,1.18932916793437e-30,1240.23466925045,-7.87455370340599e-27,9.59138126150214e-34,-221024.196291841,48.8760817174927,48.876079748748,0.527499131939183,1.97519384612122e-37,399.544889638144,-3.80587253144201e-33,4.9501447808156e-40,-115969.791230326,468.829564279621,468.829564210392,0.00313828725674492,6.58188395440084e-24,3827.46114385985,-1.5240076910629e-20,1.71964890142231e-27,-420078.121000623,"MPA"
"1250","Lutjanus","MT",2040,151.917716336032,151.917714487053,0.170086089501243,6.40451600855959e-32,1240.40475349098,-4.23734025462661e-28,5.16395502019232e-35,-221024.196291841,48.9406954284242,48.9406939163899,0.442561518891438,5.96420211576818e-39,399.987449645001,-1.1474579133628e-34,1.49274895203472e-41,-115969.791230326,468.829948683418,468.829948653559,0.00160884583141831,6.24029273915429e-25,3827.46275267582,-1.44391653328123e-21,1.63040002359127e-28,-420078.121000623,"MPA"
"1251","Lutjanus","MT",2041,151.938550142767,151.938548976481,0.122121703912655,3.45035239411322e-33,1240.5268740286,-2.28136408123875e-29,2.78163429851291e-36,-221024.196291841,48.9949050931355,48.9949039347306,0.371126054441868,1.80088632629954e-40,400.358574541038,-3.46023309372841e-36,4.50235710189792e-43,-115969.791230326,468.830145749066,468.830145736197,0.000824772569367967,5.92013907730846e-26,3827.46357743552,-1.36897802068256e-22,1.54675289085513e-29,-420078.121000623,"MPA"
"1252","Lutjanus","MT",2042,151.953508822486,151.953508087131,0.0876751434507115,1.85962026960803e-34,1240.6145484367,-1.22888758328914e-30,1.49905682213512e-37,-221024.196291841,49.0403645921152,49.0403637065541,0.311098531244169,5.43781982111721e-42,400.669672186721,-1.04365817772365e-37,1.35823738650794e-44,-115969.791230326,468.830246774794,468.830246769249,0.000422817062468205,5.61961044484388e-27,3827.46400024704,-1.29874305697865e-23,1.46823355236772e-30,-420078.121000623,"MPA"
"1253","Lutjanus","MT",2043,151.964248157702,151.964247694186,0.0629406247084976,1.00267294137105e-35,1240.67748859789,-6.62262555173036e-32,8.08206661696328e-39,-221024.196291841,49.0784712868089,49.0784706111093,0.260693867911845,1.64202125752319e-43,400.930365378934,-3.14842841829188e-39,4.09819204093872e-46,-115969.791230326,468.830298565444,468.830298563055,0.000216755256560246,5.33709594004831e-28,3827.46421699991,-1.23281368556641e-24,1.39442093765177e-31,-420078.121000623,"MPA"
"1254","Lutjanus","MT",2044,151.971957767658,151.971957475541,0.0451819231936965,5.40827974121625e-37,1240.72267022897,-3.57054505780526e-33,4.35913425932611e-40,-221024.196291841,49.1104038842497,49.110403369531,0.218395268561549,4.95857717987344e-45,401.148760132776,-9.49970855555655e-41,1.23676768264166e-47,-115969.791230326,468.830325115743,468.830325114713,0.00011111836420753,5.07116028250015e-29,3827.46432811724,-1.17083635130627e-25,1.32493995893626e-32,-420078.121000623,"MPA"
"1255","Lutjanus","MT",2045,151.97749211562,151.977491931534,0.0324327178882223,2.91819815224599e-38,1240.75510276277,-1.9258050802023e-34,2.35201485681864e-41,-221024.196291841,49.1371552991925,49.1371549076671,0.182917260900148,1.49750035158469e-46,401.331677002151,-2.86685656304735e-42,3.73302999387601e-49,-115969.791230326,468.830338726628,468.830338726184,5.69641051091972e-05,4.82052128861418e-30,3827.4643850809,-1.11249610881952e-26,1.25945557564113e-33,-420078.121000623,"MPA"
"1256","Lutjanus","MT",2046,151.981464812555,151.981464696545,0.0232804387081977,1.57513434476344e-39,1240.77838308547,-1.03908753899809e-35,1.26949656840684e-42,-221024.196291841,49.1595609888283,49.1595606913836,0.153172773411487,4.52287040645116e-48,401.484849478118,-8.65324894815746e-44,1.12696571689721e-50,-115969.791230326,468.83034570417,468.830345703978,2.9202235198804e-05,4.58403039766521e-31,3827.46441428295,-1.05751163867407e-27,1.19766768190804e-34,-420078.121000623,"MPA"
"1257","Lutjanus","MT",2047,151.984316445031,151.984316371913,0.0167105671656651,8.50471108807205e-41,1240.79509357952,-5.60845968517174e-37,6.85433531514409e-44,-221024.196291841,49.1783232548182,49.1783230290916,0.12824416570138,1.36616554666578e-49,401.613093418093,-2.61233172941743e-45,3.40278232021746e-52,-115969.791230326,468.83034928116,468.830349281078,1.49702961402119e-05,4.36065584821724e-32,3827.46442925316,-1.00563095465361e-28,1.13930669921964e-35,-420078.121000623,"MPA"
"1258","Lutjanus","MT",2048,151.986363331929,151.986363285836,0.0119945956814922,4.59338853761768e-42,1240.80708812911,-3.02815020796181e-38,3.70197187418837e-45,-221024.196291841,49.1940319968635,49.1940318257218,0.107357978624821,4.1270346290398e-51,401.720451225576,-7.88772400766181e-47,1.02761456208043e-53,-115969.791230326,468.830351114878,468.830351114843,7.67439689806255e-06,4.14946814541336e-33,3827.46443692752,-9.56627703063303e-30,1.08412977366927e-36,-420078.121000623,"MPA"
"1259","Lutjanus","MT",2049,151.987832557574,151.987832528509,0.00860946162474393,2.48159857434279e-43,1240.81569756167,-1.63547978337025e-39,1.99998742610991e-46,-221024.196291841,49.2071823734398,49.207182243786,0.0898630915480928,1.24687033921998e-52,401.81031418747,-2.38203270292388e-48,3.10382589656249e-55,-115969.791230326,468.830352054919,468.830352054904,3.93421198986228e-06,3.94962750298617e-34,3827.46444086172,-9.10297969736239e-31,1.03191749213396e-37,-420078.121000623,"MPA"
"1260","Lutjanus","MT",2050,151.98888713649,151.988887118157,0.00617964405496732,1.34106008013793e-44,1240.82187718739,-8.83566677459117e-41,1.08078909931552e-47,-221024.196291841,49.2181897870307,49.2181896888729,0.0752119403948693,3.76751488198603e-54,401.885526029707,-7.19473437034008e-50,9.37635185061134e-57,-115969.791230326,468.830352536823,468.830352536817,2.01683772603646e-06,3.76037298517003e-35,3827.46444287855,-8.66457522741971e-32,9.82471044021879e-39,-420078.121000623,"MPA"
"1261","Lutjanus","MT",2051,151.989644085679,151.989644074111,0.00443556370841603,7.24898891619579e-46,1240.82631273953,-4.77477617221926e-42,5.84208664403689e-49,-221024.196291841,49.2274025687706,49.2274024944989,0.0629444458173764,1.1385200639823e-55,401.948470401253,-2.1734580381787e-51,2.83294617613807e-58,-115969.791230326,468.830352783867,468.830352783864,1.03391288914844e-06,3.58101311106908e-36,3827.46444391246,-8.24939429225352e-33,9.35609765815587e-40,-420078.121000623,"MPA"
"1262","Lutjanus","MT",2052,151.990187401367,151.990187394063,0.00318370383161098,3.91934737819614e-47,1240.82949643606,-2.58095275594985e-43,3.15865914351151e-50,-221024.196291841,49.2351126944577,49.2351126382851,0.0526743145837845,3.44095884785821e-57,402.001144659664,-6.56682808449786e-53,8.56069646172809e-60,-115969.791230326,468.830352910512,468.830352910511,5.30025303968533e-07,3.4109177169964e-37,3827.46444444248,-7.85591993663137e-34,8.91169014625709e-41,-420078.121000623,"MPA"
"1263","Lutjanus","MT",2053,151.990577375876,151.990577371262,0.00228515359677024,2.11959198383325e-48,1240.83178158504,-1.3954517462447e-44,1.70820567204179e-51,-221024.196291841,49.2415648226282,49.2415647801596,0.0440774013002393,1.04009257950617e-58,402.045222018496,-1.98438706852507e-54,2.58728760709661e-61,-115969.791230326,468.830352975435,468.830352975435,2.71712249217031e-07,3.24951090099089e-38,3827.46444471419,-7.48276972376706e-35,8.48998324650465e-42,-420078.121000623,"MPA"
"1264","Lutjanus","MT",2054,151.990857286302,151.990857283386,0.00164020198543698,1.14653797245011e-49,1240.83342178411,-7.54661543739601e-46,9.2400758061705e-53,-221024.196291841,49.2469639070611,49.2469638749621,0.0368818466766392,3.14426084947442e-60,402.082103833073,-5.99738556208497e-56,7.82066463551246e-63,-115969.791230326,468.830353008718,468.830353008717,1.3929034439207e-07,3.09626489851999e-39,3827.46444485349,-7.12868025588995e-36,8.08959807006436e-43,-420078.121000623,"MPA"
"1265","Lutjanus","MT",2055,151.9910581961,151.991058194256,0.00117727707893861,6.2032334170876e-51,1240.83459905934,-4.08213716931901e-47,4.99924752847536e-54,-221024.196291841,49.25148160132,49.2514815770636,0.0308597393068765,9.50646908155351e-62,402.112963548124,-1.81284595068836e-57,2.36431042104572e-64,-115969.791230326,468.830353025779,468.830353025779,7.14055910014433e-08,2.95069475973301e-40,3827.46444492489,-6.79249373829968e-37,7.70926759019433e-44,-420078.121000623,"MPA"
"1266","Lutjanus","MT",2056,151.991202401846,151.991202400679,0.000845005664032542,3.35689289386006e-52,1240.83544406384,-2.20859812962706e-48,2.70535081501604e-55,-221024.196291841,49.2552616419474,49.2552616236198,0.025820078244105,2.87457630575581e-63,402.13878360804,-5.48051933884787e-59,7.1486785218462e-66,-115969.791230326,468.830353034526,468.830353034526,3.66051442034857e-08,2.81235371698377e-41,3827.4644449615,-6.47314630216905e-38,7.3478245388089e-45,-420078.121000623,"MPA"
"1267","Lutjanus","MT",2057,151.991305907381,151.991305906642,0.000606513178041723,1.81695010539459e-53,1240.83605057628,-1.19518641827204e-49,1.46429578078912e-56,-221024.196291841,49.2584243696435,49.2584243557967,0.0216028422564662,8.69324697570275e-65,402.16038643645,-1.65707806574407e-60,2.16175293960989e-67,-115969.791230326,468.83035303901,468.83035303901,1.87652223979003e-08,2.68082914709665e-42,3827.46444498026,-6.16965784180007e-39,7.0041908570195e-46,-420078.121000623,"MPA"
"1268","Lutjanus","MT",2058,151.991380199761,151.991380199293,0.000435332043394218,9.83629207395019e-55,1240.83648590786,-6.46905539684681e-51,7.9271488520884e-58,-221024.196291841,49.2610705239882,49.2610705135267,0.0180739978796518,2.62931892559156e-66,402.178460423868,-5.01098665247072e-62,6.5379858741085e-69,-115969.791230326,468.830353041308,468.830353041308,9.61966890980998e-09,2.55573904636726e-43,3827.46444498988,-5.88112315668871e-40,6.67736848534054e-47,-420078.121000623,"MPA"
"1269","Lutjanus","MT",2059,151.991433524007,151.99143352371,0.000312464628404408,5.32598220415549e-56,1240.83679837219,-3.5021042691862e-52,4.29225144863508e-59,-221024.196291841,49.2632844266968,49.2632844187928,0.0151213019530567,7.9534758600606e-68,402.193581717917,-1.51551819243605e-63,1.97759866398632e-70,-115969.791230326,468.830353042487,468.830353042487,4.93137591935462e-09,2.43672894788247e-44,3827.46444499481,-5.60670421844992e-41,6.3664313095635e-48,-420078.121000623,"MPA"
"1270","Lutjanus","MT",2060,151.991471798108,151.99147179792,0.000224275050597007,2.8843309088236e-57,1240.83702264705,-1.89625707816476e-53,2.32450465090012e-60,-221024.196291841,49.2651366507291,49.2651366447567,0.0126507751921724,2.40614834809732e-69,402.206232487137,-4.58411312510344e-65,5.9825627695166e-72,-115969.791230326,468.830353043091,468.830353043091,2.52823102736262e-09,2.32346922068716e-45,3827.46444499734,-5.34562340810834e-42,6.07051810429114e-49,-420078.121000623,"MPA"
"1271","Lutjanus","MT",2061,151.991499269784,151.991499269665,0.000160975940986703,1.56230176746053e-58,1240.83718362287,-1.02693387136603e-54,1.25907088436795e-61,-221024.196291841,49.2666862574425,49.2666862529292,0.0105837416143495,7.28012390900667e-71,402.216816224238,-1.38676994988382e-66,1.81004751319913e-73,-115969.791230326,468.8303530434,468.8303530434,1.29621543252565e-09,2.21565269885139e-46,3827.46444499864,-5.09715759108208e-43,5.78882633840621e-50,-420078.121000623,"MPA"
"1272","Lutjanus","MT",2062,151.991518987891,151.991518987815,0.000115542274371784,8.46363239066717e-60,1240.83729916507,-5.56240030325586e-56,6.82090487162587e-63,-221024.196291841,49.2679826711057,49.2679826676944,0.00885434448370322,2.20295298621392e-72,402.22567056531,-4.19572607369697e-68,5.47702855118469e-75,-115969.791230326,468.830353043559,468.830353043559,6.64571868186006e-10,2.11299259580357e-47,3827.4644449993,-4.86063291589649e-44,5.52060672585639e-51,-420078.121000623,"MPA"
"1273","Lutjanus","MT",2063,151.991533140782,151.991533140734,8.29317441303852e-05,4.58583475052776e-61,1240.83738209677,-3.01338104116034e-57,3.69575830257009e-64,-221024.196291841,49.2690672491365,49.2690672465576,0.00740746309970667,6.66685293546054e-74,402.233078025831,-1.26958607609588e-69,1.65749066341754e-76,-115969.791230326,468.83035304364,468.83035304364,3.40673332242496e-10,2.01522066556682e-48,3827.46444499964,-4.63542023870853e-45,5.26515842152307e-52,-420078.121000623,"MPA"
"1274","Lutjanus","MT",2064,151.991543299177,151.991543299147,5.95251702176406e-05,2.48512135428494e-62,1240.83744162191,-1.63273469002055e-58,2.00277763238052e-65,-221024.196291841,49.2699745971684,49.2699745952183,0.00619696646156661,2.0178309483015e-75,402.239274990343,-3.8420961747111e-71,5.01657138247106e-78,-115969.791230326,468.830353043682,468.830353043682,1.74789235509235e-10,1.92208557791419e-49,3827.46444499982,-4.42093108948068e-46,5.02182477599571e-53,-420078.121000623,"MPA"
"1275","Lutjanus","MT",2065,151.991550590478,151.991550590458,4.27248416782778e-05,1.34692174664886e-63,1240.83748434673,-8.84799342645799e-60,1.08549411991333e-66,-221024.196291841,49.2707336702052,49.2707336687303,0.00518424983220327,6.10795719468312e-77,402.2444592387,-1.16285116820758e-72,1.51848851528563e-79,-115969.791230326,468.830353043704,468.830353043704,8.96726765112587e-11,1.83335147907263e-50,3827.46444499991,-4.21661410744439e-47,4.78998957512908e-54,-420078.121000623,"MPA"
"1276","Lutjanus","MT_20",2015,73.9114702231906,73.9114702231906,100.36076972532,2.84795435080093,700.915565474519,-40438.3889266485,0.00471982328607044,-302143.042090005,38.0912174055852,38.0912174055852,17.5580957901545,0.615660300026913,327.913726790128,-15314.3931254332,0.00197979786961419,-151937.024606971,106.50713966546,106.50713966546,342.669366004088,12.6597752046484,1199.51875879944,-156727.765080404,0.0145596799557246,-656642.043626699,"MPA"
"1277","Lutjanus","MT_20",2016,85.8559228275892,85.8399713417746,103.449674934761,0.202708195369453,804.146580728096,-2469.70030426024,0.000289266707940652,-264174.353467617,40.1665150671045,40.1665100665498,16.603314885293,0.0229303236056487,344.49410635126,-540.748849395035,6.99279914101471e-05,-137163.380330933,146.930379433091,146.928974355409,430.263398494977,1.70744623351827,1628.07330598322,-14554.9048919148,0.00142487839284647,-514469.183438209,"MPA"
"1278","Lutjanus","MT_20",2017,98.5008040595028,98.4849231331936,102.738882342891,0.0143009029716894,906.855281241706,-151.355727496068,1.77873824009403e-05,-261856.008890853,42.1974640974475,42.1974271908366,15.4777109889778,0.000851111312101739,359.970929322315,-19.0992717751122,2.47061546829122e-06,-136641.730753313,199.424499898961,199.413545424786,509.144927148884,0.235705573568436,2136.97157308436,-1424.33153202838,0.000144966314239591,-501338.610078323,"MPA"
"1279","Lutjanus","MT_20",2018,111.081706381238,111.067508783883,97.968406028033,0.000994871928657686,1004.80849480046,-9.30667239590695,1.09722761223636e-06,-261713.959835753,44.0932372605382,44.0931754371196,14.2563301265863,3.14303076637236e-05,374.227166195175,-0.674780482994598,8.73135824960294e-08,-136623.306262021,261.760011477663,261.736036295348,551.64395287954,0.0323423608342632,2688.55920842075,-144.901056515716,1.51532019883939e-05,-500059.17960281,"MPA"
"1280","Lutjanus","MT_20",2019,123.080103846303,123.068001554992,89.6429575133678,6.82040346421217e-05,1094.43928181848,-0.574066129176272,6.78857922343742e-08,-261705.227229486,45.8394994824928,45.8394216925307,12.9854403732498,1.15508607226913e-06,387.212527623377,-0.0238468724312375,3.08659472637662e-09,-136622.65532841,329.324590985942,329.288413480856,534.965110766345,0.00433275827798461,3223.48380892373,-15.1452896418221,1.61312111147608e-06,-499929.423835936,"MPA"
"1281","Lutjanus","MT_20",2020,134.059078079791,134.049199124576,78.795002331489,4.60930503879918e-06,1173.22440058545,-0.0355163523214247,4.21194369471005e-09,-261704.688679709,47.430090765643,47.430004873342,11.7061418108725,4.22616064699212e-08,398.918583499687,-0.000842989536506701,1.09143309802814e-10,-136622.632324527,394.84809692816,394.805278975965,456.449097748177,0.000559990836133148,3679.88952872887,-1.61216607906564,1.73840110388776e-07,-499915.890712373,"MPA"
"1282","Lutjanus","MT_20",2021,143.709554413898,143.701817331793,66.7107566770006,3.07385940759487e-07,1239.92741987296,-0.00220352607479208,2.62017793296344e-10,-261704.655366883,48.86397849683,48.8638908119689,10.4534365685197,1.53998564148792e-09,409.371932381805,-2.98080345952197e-05,3.86040486809996e-12,-136622.631511346,450.753738331819,450.712587934617,340.927219096226,6.94906787195894e-05,4020.77552793722,-0.173726817630956,1.88917677025417e-08,-499914.452273112,"MPA"
"1283","Lutjanus","MT_20",2022,151.880081019965,151.874248644828,54.6154400662512,2.02592680643496e-08,1294.53702754381,-0.000137073882510638,1.63398057463916e-11,-261704.653300431,50.1444207628045,50.1443359592194,9.2550936198794,5.59117357059602e-11,418.626941198044,-1.05429805129166e-06,1.36579429490927e-13,-136622.631482592,492.509241394764,492.476477995955,225.492255626972,8.30218899882671e-06,4246.23501186319,-0.0188786135382925,2.06528875768532e-09,-499914.297424908,"MPA"
"1284","Lutjanus","MT_20",2023,158.569272261794,158.565022354665,43.4403895614333,1.32207729153998e-09,1337.97316719679,-8.54793543359985e-06,1.02130508876705e-12,-261704.653171905,51.2780770287453,51.2779982560244,8.13137120721324,2.0233906623327e-12,426.758233632534,-3.7300170848186e-08,4.83340163421534e-15,-136622.631481575,520.126022939046,520.103832028568,135.448185099511,9.62888805221006e-07,4381.66100508934,-0.00206378980613708,2.2678782930747e-10,-499914.280610084,"MPA"
"1285","Lutjanus","MT_20",2024,163.889813048258,163.88680494138,33.733715032967,8.55898266115694e-11,1371.7038741228,-5.34271755350969e-07,6.3971039656338e-14,-261704.653163891,52.2740880322555,52.2740171406903,7.09544945096415,7.30156053767751e-14,433.853612191933,-1.32000020503367e-09,1.71093708646974e-16,-136622.631481539,536.714502630465,536.701273217833,76.1193972439126,1.09495697635269e-07,4457.76717281112,-0.000226619213344224,2.49907680309146e-11,-499914.278772914,"MPA"
"1286","Lutjanus","MT_20",2025,168.021524645786,168.019446283769,25.6958934711626,5.50699975800409e-12,1397.39768923194,-3.34644897856112e-08,4.01476655142636e-15,-261704.65316339,53.1432087994849,53.1431466137472,6.15433240700889,2.62827108760786e-15,440.007882413204,-4.67252145008325e-11,6.05797041086112e-18,-136622.631481538,546.036831288128,546.02964628617,41.0512145083865,1.23113507715327e-08,4498.81120230524,-2.49719387660034e-05,2.76183264989489e-12,-499914.278571266,"MPA"
"1287","Lutjanus","MT_20",2026,171.168788475864,171.167380338807,19.2799050657229,3.52724530317059e-13,1416.6761861606,-2.10018032857653e-09,2.52417353061948e-16,-261704.653163359,53.8970521655113,53.896998759214,5.3099881703706,9.44041008607095e-17,445.317817177277,-1.65440209534146e-12,2.1455101250903e-19,-136622.631481538,551.064359855559,551.060702881056,21.6232000439323,1.37654688965097e-09,4520.43074537329,-2.75973693084264e-06,3.05982751691061e-13,-499914.278549054,"MPA"
"1288","Lutjanus","MT_20",2027,173.530232886674,173.529293609429,14.2993303366237,2.25198390985261e-14,1430.97457721998,-1.32042005996008e-10,1.58963320980286e-17,-261704.653163357,54.5474719475505,54.5474268885416,4.56054043659745,3.38464078204932e-18,449.878312554866,-5.85924435706717e-14,7.60050835407098e-21,-136622.631481538,553.712561597179,553.710781445267,11.2443669344376,1.53578981904772e-10,4531.67333215567,-3.05749702897317e-07,3.39745297577642e-14,-499914.2785466,"MPA"
"1289","Lutjanus","MT_20",2028,175.281658621558,175.28103973764,10.5131323760404,1.43471199177172e-15,1441.4870907121,-8.31547999153393e-12,1.00261500510665e-18,-261704.653163357,55.1060920702592,55.1060546217824,3.90138229549548,1.21159267848883e-19,453.779657401884,-2.07563606335087e-15,2.69315707173862e-22,-136622.631481538,555.089678486453,555.088838372431,5.80754109188905,1.71289273344861e-11,4537.48003313352,-3.39486034759506e-08,3.77982909950739e-15,-499914.278546328,"MPA"
"1290","Lutjanus","MT_20",2029,176.569348026048,176.568944145331,7.67932565788104,9.12821248842619e-17,1449.16601248927,-5.24472535038263e-13,6.33250935248017e-20,-261704.653163357,55.5839721154579,55.5839413895624,3.32613773107422,4.33142643633744e-21,457.105764407063,-7.35475369525166e-17,9.54522120754829e-24,-136622.631481538,555.800947711441,555.800559901201,2.98884749135037,1.91157314354062e-12,4540.46849281462,-3.77694180905979e-09,4.21285418954932e-16,-499914.278546298,"MPA"
"1291","Lutjanus","MT_20",2030,177.50994764742,177.509686045528,5.58252157308925,5.80347817620927e-18,1454.74827246046,-3.31255457933407e-14,4.00470693432512e-21,-261704.653163357,55.9913906411966,55.9913657078474,2.82744014642375,1.54678698231967e-22,459.933179620138,-2.60669754091557e-18,3.38387155489656e-25,-136622.631481538,556.167007443016,556.166831312235,1.53536762192109,2.13550869916769e-13,4542.00368430576,-4.2096344805075e-10,4.70327931525742e-17,-499914.278546295,"MPA"
"1292","Lutjanus","MT_20",2031,178.193724845272,178.193556390692,4.04401055883696,3.6885811094508e-19,1458.79211456472,-2.09486944732007e-15,2.5355478265873e-22,-261704.653163357,56.3377238577673,56.337703816712,2.39752771681241,5.51871885121436e-24,462.330687295895,-9.24095765190794e-20,1.1998959131594e-26,-136622.631481538,556.355054746688,556.354975733112,0.78796050110985,2.38855068653143e-14,4542.7915657933,-4.69968385163326e-11,5.25880438003601e-18,-499914.278546294,"MPA"
"1293","Lutjanus","MT_20",2032,178.689059537111,178.688951561475,2.9220207475544,2.34438563475057e-20,1461.71402733664,-1.32634749083561e-16,1.60707386391072e-23,-261704.653163357,56.6313972246143,56.6313812481935,2.0286735693539,1.9675512862401e-25,464.359344888828,-3.2767656574559e-21,4.25572322012608e-28,-136622.631481538,556.451563221493,556.45152811193,0.404184514858659,2.67488391165429e-15,4543.19571519859,-5.25478369922324e-12,5.88819443091893e-19,-499914.278546294,"MPA"
"1294","Lutjanus","MT_20",2033,179.046967864179,179.046898905373,2.1074074862801,1.49034100406314e-21,1463.82136586411,-8.40660881149304e-18,1.0195848012711e-24,-261704.653163357,56.879889736868,56.8798770915804,1.71347741213665,7.01060814187189e-27,466.072809655677,-1.16218183519521e-22,1.50973780015688e-29,-136622.631481538,556.501067929137,556.501052444846,0.207272222034413,2.99915258682783e-16,4543.40297193634,-5.88369223175978e-13,6.6014163017984e-20,-499914.278546294,"MPA"
"1295","Lutjanus","MT_20",2034,179.305098091126,179.305054177611,1.51785710148828,9.47733875855349e-23,1465.33917905209,-5.33344699809961e-19,6.47438309228035e-26,-261704.653163357,57.0897739312514,57.0897639847374,1.44504732406013,2.49677861052175e-28,467.517847033223,-4.12288581655426e-24,5.35705724544641e-31,-136622.631481538,556.526455036169,556.526448247664,0.106277658772033,3.36656920433219e-17,4543.5092428066,-6.59636858415104e-14,7.40979667053129e-21,-499914.278546294,"MPA"
"1296","Lutjanus","MT_20",2035,179.491016707222,179.490988807357,1.0921757045651,6.02929349173115e-24,1466.43132685679,-3.38674702147131e-20,4.11460648091056e-27,-261704.653163357,57.2667781578383,57.2667703765474,1.21709860034886,8.8888193160433e-30,468.734937852281,-1.46293584558194e-25,1.90127920655175e-32,-136622.631481538,556.539472272604,556.539469310462,0.0544891333143549,3.78301819138125e-18,4543.56372897778,-7.40413072878537e-15,8.32620337442006e-22,-499914.278546294,"MPA"
"1297","Lutjanus","MT_20",2036,179.624795099735,179.624777406866,0.785327583427196,3.83747197562152e-25,1467.21663674734,-2.15234793725153e-21,2.61687822102714e-28,-261704.653163357,57.4158609583672,57.4158548998145,1.02399279391453,3.16363174600622e-31,469.758924587643,-5.19211415138372e-27,6.74929809837855e-34,-136622.631481538,556.546146343972,556.546145056265,0.0279356826916938,4.25516213977954e-19,4543.59166337276,-8.31983663801415e-16,9.36525246903182e-23,-499914.278546294,"MPA"
"1298","Lutjanus","MT_20",2037,179.720988576782,179.720977373551,0.56440492581924,2.44360782314917e-26,1467.78103046993,-1.3688868376088e-22,1.66547178411544e-29,-261704.653163357,57.541290226111,57.5412855284637,0.860735704690054,1.12573897548631e-32,470.619655594686,-1.84313178234908e-28,2.39641854018926e-35,-136622.631481538,556.549568058909,556.549567500742,0.0143218056704594,4.790555905578e-20,4543.60598462027,-9.35809117647346e-17,1.05435440989582e-23,-499914.278546294,"MPA"
"1299","Lutjanus","MT_20",2038,179.790121788082,179.79011470269,0.405483865704936,1.55677821333496e-27,1468.18650725025,-8.71206716997599e-24,1.06063385075701e-30,-261704.653163357,57.6467221191322,57.6467184899388,0.722948816970497,4.00522011229523e-34,471.342600782463,-6.54425150591007e-30,8.5105246234284e-37,-136622.631481538,556.551322284355,556.55132204295,0.00734225534761006,5.39777247693427e-21,4543.61332663421,-1.05354817868329e-17,1.18799308211399e-24,-499914.278546294,"MPA"
"1300","Lutjanus","MT_20",2039,179.83978908736,179.839784610595,0.291234832084323,9.92264870482646e-29,1468.47773760557,-5.54816474505755e-25,6.75843891919321e-32,-261704.653163357,57.7352764747604,57.7352736799447,0.606824955209389,1.42486770015175e-35,471.949422942857,-2.3240916531553e-31,3.02299794722142e-38,-136622.631481538,556.552221615763,556.552221511527,0.00376406147198483,6.08654381456978e-22,4543.61709059144,-1.18708466052933e-18,1.33958226136373e-25,-499914.278546294,"MPA"
"1301","Lutjanus","MT_20",2040,179.875462215684,179.875459389293,0.209137427539293,6.32743675918139e-30,1468.68687220671,-3.53533201901464e-26,4.30884081211214e-33,-261704.653163357,57.8096067923323,57.8096046460824,0.509075862132578,5.06875091635049e-37,472.458496658739,-8.25533005293137e-33,1.07400299860417e-39,-136622.631481538,556.552682667048,556.552682622091,0.00192965993637912,6.86791960659469e-23,4543.61902020642,-1.33855792356154e-19,1.51155334390791e-26,-499914.278546294,"MPA"
"1302","Lutjanus","MT_20",2041,179.901079344281,179.901077560907,0.150162591937854,4.03663311287181e-31,1468.83703301528,-2.25394973346503e-27,2.74846409245341e-34,-261704.653163357,57.8719637948263,57.8719621506768,0.426876997781984,1.80310572175692e-38,472.885372012372,-2.93293073491802e-34,3.81643201351127e-41,-136622.631481538,556.552919027721,556.552919008345,0.000989241941382264,7.75444688312217e-24,4543.62000942899,-1.51039750466982e-20,1.70666749317937e-27,-499914.278546294,"MPA"
"1303","Lutjanus","MT_20",2042,179.9194727078,179.919471583039,0.107807685193823,2.57627996143176e-32,1468.94483957571,-1.43771835694523e-28,1.75395902375119e-35,-261704.653163357,57.9242522290169,57.9242509722111,0.357813041305414,6.41428307678259e-40,473.243183796872,-1.04220610126323e-35,1.35641393928347e-42,-136622.631481538,556.553040198687,556.553040190339,0.000507133692321519,8.76037361190558e-25,4543.62051655433,-1.70536245581754e-21,1.9280603557847e-28,-499914.278546294,"MPA"
"1304","Lutjanus","MT_20",2043,179.932678052621,179.932677343463,0.0773940300958112,1.64490138282818e-33,1469.02223289665,-9.17493876979323e-30,1.11978431129798e-36,-261704.653163357,57.9680809902401,57.9680800313309,0.299826249051861,2.28187734725278e-41,473.543009087014,-3.70414629753152e-37,4.82178599117692e-44,-136622.631481538,556.553102317032,556.553102313435,0.000259980624034463,9.90187969307025e-26,4543.62077653136,-1.92658602582407e-22,2.17929284741196e-29,-499914.278546294,"MPA"
"1305","Lutjanus","MT_20",2044,179.9421580461,179.942157599064,0.0555575982591798,1.0506316672451e-34,1469.07779004787,-5.85757821654138e-31,7.15191128320206e-38,-261704.653163357,58.0048069216364,58.0048061912165,0.25116888084783,8.11824824279036e-43,473.794177237442,-1.31675099448409e-38,1.71436344846033e-45,-136622.631481538,556.553134161905,556.553134160355,0.000133277962514656,1.11973391630447e-26,4543.62090980777,-2.17762640742168e-23,2.46440883026283e-30,-499914.278546294,"MPA"
"1306","Lutjanus","MT_20",2045,179.948963303,179.948963021223,0.0398807963507471,6.71298990528724e-36,1469.11767056245,-3.74115607585843e-32,4.5695265115906e-39,-261704.653163357,58.0355727861743,58.0355722305957,0.210360259586532,2.88845222801448e-44,474.00453694145,-4.68164508187235e-40,6.0964283045379e-47,-136622.631481538,556.55315048708,556.553150486412,6.83242325635908e-05,1.26676178940576e-27,4543.62097813134,-2.46252437057423e-24,2.78800061570182e-31,-499914.278546294,"MPA"
"1307","Lutjanus","MT_20",2046,179.953848311338,179.953848133726,0.0286268077227867,4.29069757241112e-37,1469.14629719256,-2.39031371058716e-33,2.92059489847936e-40,-261704.653163357,58.0613399789761,58.0613395569121,0.176148600925289,1.02779496215652e-45,474.180685120311,-1.66483402990301e-41,2.16832305022024e-48,-136622.631481538,556.553158856109,556.553158855821,3.50259882415296e-05,1.43364116339911e-28,4543.62101315704,-2.78586871503304e-25,3.15528335285753e-32,-499914.278546294,"MPA"
"1308","Lutjanus","MT_20",2047,179.957354818921,179.957354706956,0.0205482059899396,2.74333127533338e-38,1469.16684528658,-1.52775958963008e-34,1.86729618496709e-41,-261704.653163357,58.0829165642247,58.082916243934,0.147477479081111,3.65755328808055e-47,474.328162279102,-5.92133135483282e-43,7.71341685981771e-50,-136622.631481538,556.553163146446,556.553163146322,1.79558258368861e-05,1.62306298754989e-29,4543.62103111274,-3.15287060205235e-26,3.57217950803996e-33,-499914.278546294,"MPA"
"1309","Lutjanus","MT_20",2048,179.959871777684,179.95987170709,0.0147492200798735,1.75452529267784e-39,1469.18159443607,-9.76780323440763e-36,1.1942314778785e-42,-261704.653163357,58.1009812045147,58.1009809616806,0.123456634713546,1.30173087288443e-48,474.451618670981,-2.10640608570586e-44,2.74436767035232e-51,-136622.631481538,556.55316534586,556.553165345806,9.20491609481857e-06,1.8380831780413e-30,4543.6210403176,-3.56944796920593e-27,4.04541480342425e-34,-499914.278546294,"MPA"
"1310","Lutjanus","MT_20",2049,179.961678417317,179.961678372795,0.0105866848618446,1.12244529677915e-40,1469.19218107641,-6.24701004406354e-37,7.63993573778473e-44,-261704.653163357,58.1161035144988,58.1161033305346,0.103336746817864,4.63341061162284e-50,474.554955233835,-7.49441132960133e-46,9.76582317646796e-53,-136622.631481538,556.553166473373,556.55316647335,4.71882445706537e-06,2.08217212257652e-31,4543.6210450364,-4.04232139570837e-28,4.58262716916854e-35,-499914.278546294,"MPA"
"1311","Lutjanus","MT_20",2050,179.962975186601,179.962975158514,0.00759884998639198,7.18271429818377e-42,1469.19977989831,-3.99644088854169e-38,4.88888682571186e-45,-261704.653163357,58.1287613243729,58.1287611850992,0.086487757005667,1.64942060785779e-51,474.641442851567,-2.66688342076528e-47,3.47572096806225e-54,-136622.631481538,556.553167051385,556.553167051375,2.41906449532596e-06,2.35927089938387e-32,4543.62104745546,-4.57912297121991e-29,5.19249047400469e-36,-499914.278546294,"MPA"
"1312","Lutjanus","MT_20",2051,179.9639059747,179.963905956973,0.00545423135512256,4.59752449087236e-43,1469.20523411193,-2.55737061414081e-39,3.12927115420118e-46,-261704.653163357,58.1393552883242,58.1393551829425,0.0723803333912702,5.87238510620608e-53,474.713823079577,-9.49161320620105e-49,1.23722553014779e-55,-136622.631481538,556.553167347697,556.553167347693,1.24011148344221e-06,2.67385512154755e-33,4543.62104869556,-5.18851993182373e-30,5.88485503879109e-37,-499914.278546294,"MPA"
"1313","Lutjanus","MT_20",2052,179.96457406736,179.964574056167,0.00391487272194787,2.94351487494973e-44,1469.20914897346,-1.63691784266856e-40,2.00347426394491e-47,-261704.653163357,58.1482212225057,58.1482211428043,0.0605700798579816,2.09098588281332e-54,474.774393079733,-3.37865588945149e-50,4.40472929483086e-57,-136622.631481538,556.553167499599,556.553167499598,6.35731545180112e-07,3.03100744106704e-34,4543.62104933129,-5.88035506613206e-31,6.67090720943204e-38,-499914.278546294,"MPA"
"1314","Lutjanus","MT_20",2053,179.965053603078,179.965053596008,0.00280996287903724,1.8849952281481e-45,1469.21195892927,-1.04801489010878e-41,1.28299992515224e-48,-261704.653163357,58.1556405088153,58.1556404485578,0.050684126080313,7.44632044299383e-56,474.825077145556,-1.20285777203542e-51,1.56839133543823e-58,-136622.631481538,556.553167577471,556.55316757747,3.2590171451982e-07,3.4364998873117e-35,4543.62104965719,-6.66580616618479e-32,7.56335057435626e-39,-499914.278546294,"MPA"
"1315","Lutjanus","MT_20",2054,179.965397797673,179.965397793204,0.002016892161566,1.20740126584866e-46,1469.21397581696,-6.71135660806396e-43,8.21801958878292e-50,-261704.653163357,58.1618488560945,58.16184881055,0.0424097685412438,2.65208024367666e-57,474.867486868553,-4.2830136920127e-53,5.5853836951178e-60,-136622.631481538,556.553167617391,556.55316761739,1.67070228810551e-07,3.8968873738442e-36,4543.62104982426,-7.55756710635636e-33,8.57661176241406e-40,-499914.278546294,"MPA"
"1316","Lutjanus","MT_20",2055,179.965644848477,179.965644845651,0.00144765195515938,7.73546150643572e-48,1469.21542346609,-4.29883579462274e-44,5.26503397992826e-51,-261704.653163357,58.1670436699695,58.1670436355525,0.0354848691623909,9.44682614153408e-59,474.902971703298,-1.52527453021457e-54,1.9893604854827e-61,-136622.631481538,556.553167637855,556.553167637855,8.56468778459364e-08,4.41961388851324e-37,4543.62104990991,-8.57005348388536e-34,9.72707415528014e-41,-499914.278546294,"MPA"
"1317","Lutjanus","MT_20",2056,179.96582217262,179.965822170831,0.00103907093444801,4.95690129671129e-49,1469.21646253524,-2.7541327049736e-45,3.37384240428624e-52,-261704.653163357,58.1713902466237,58.1713902206189,0.0296897537327422,3.36542021011245e-60,474.932661431026,-5.43260930851183e-56,7.08654274831262e-63,-136622.631481538,556.553167648346,556.553167648346,4.39061367791986e-08,5.01313308718981e-38,4543.62104995382,-9.71963615256442e-35,1.10333433006901e-41,-499914.278546294,"MPA"
"1318","Lutjanus","MT_20",2057,179.965949449349,179.965949448216,0.000745806052551282,3.17702225610842e-50,1469.21720834016,-1.76485275092122e-46,2.16239222546558e-53,-261704.653163357,58.1750269742099,58.1750269545625,0.0248403857203543,1.19907514438696e-61,474.957501797099,-1.93521571139305e-57,2.52472664401784e-64,-136622.631481538,556.553167653724,556.553167653724,2.25077022303477e-08,5.68704524486876e-39,4543.62104997632,-1.10249064330232e-35,1.25165483264203e-42,-499914.278546294,"MPA"
"1319","Lutjanus","MT_20",2058,179.966040803818,179.966040803101,0.000535311247337528,2.03663384967566e-51,1469.21774365069,-1.13114467400289e-47,1.38620337286819e-54,-261704.653163357,58.1780696981237,58.1780696832797,0.0207826215721132,4.27274228677337e-63,474.978284403827,-6.89460388561729e-59,8.99605179561461e-66,-136622.631481538,556.553167656481,556.553167656481,1.15385394118887e-08,6.45225278285896e-40,4543.62104998786,-1.25069772962258e-36,1.42006842381641e-43,-499914.278546294,"MPA"
"1320","Lutjanus","MT_20",2059,179.966106374597,179.966106374142,0.000384225915375682,1.30582620685491e-52,1469.21812787615,-7.25121253905693e-49,8.88790114670661e-56,-261704.653163357,58.1806153826073,58.180615371392,0.0173873809623118,1.52271823051897e-64,474.995671773574,-2.45667039643315e-60,3.20586915348847e-67,-136622.631481538,556.553167657895,556.553167657895,5.91505513509183e-09,7.32113689173191e-41,4543.62104999378,-1.41898253996024e-37,1.61130006468111e-44,-499914.278546294,"MPA"
"1321","Lutjanus","MT_20",2060,179.966153438799,179.96615343851,0.000275782564588478,8.37403448946597e-54,1469.21840365842,-4.64924999407135e-50,5.6996536665208e-57,-261704.653163357,58.1827451807581,58.1827451722835,0.0145465896221384,5.42730473957758e-66,475.010218354722,-8.75468911476124e-62,1.1426008829481e-68,-136622.631481538,556.553167658619,556.553167658619,3.03251060230477e-09,8.30775811146761e-42,4543.62104999681,-1.610067951708e-38,1.82844432228321e-45,-499914.278546294,"MPA"
"1322","Lutjanus","MT_20",2061,179.966187219675,179.966187219491,0.000197946058168604,5.37104093252701e-55,1469.2186016043,-2.98148171710334e-51,3.655713077888e-58,-261704.653163357,58.1845270075714,58.184527001167,0.0121697735093125,1.9346386892354e-67,475.022388121827,-3.12025065643786e-63,4.07283594015103e-70,-136622.631481538,556.553167658991,556.553167658991,1.55448435657769e-09,9.42808411836209e-43,4543.62104999836,-1.82704616559007e-39,2.07501550296953e-46,-499914.278546294,"MPA"
"1323","Lutjanus","MT_20",2062,179.966211466284,179.966211466167,0.000142077999652966,3.44551471983265e-56,1469.21874368218,-1.91229894683761e-52,2.34513415231108e-59,-261704.653163357,58.1860176958038,58.1860176909632,0.0101812013889883,6.89708633757188e-69,475.032569318375,-1.11222291284826e-64,1.45194974175642e-71,-136622.631481538,556.553167659181,556.553167659181,7.97032782544141e-10,1.07002484090337e-43,4543.62104999916,-2.0734288006683e-40,2.35500458583305e-47,-499914.278546294,"MPA"
"1324","Lutjanus","MT_20",2063,179.966228869561,179.966228869487,0.000101978061568681,2.21064709262491e-57,1469.21884566017,-1.22673674707283e-53,1.5046412265914e-60,-261704.653163357,58.1872648018294,58.1872647981699,0.00851748866481824,2.4591254162372e-70,475.04108680338,-3.96503020074947e-66,5.17675118524655e-73,-136622.631481538,556.553167659279,556.553167659279,4.0859607791135e-10,1.21448440724237e-44,4543.62104999957,-2.35320378425329e-41,2.67294387863308e-48,-499914.278546294,"MPA"
"1325","Lutjanus","MT_20",2064,179.966241360957,179.96624136091,7.31958783513009e-05,1.41857483011035e-58,1469.218918856,-7.87075946988086e-55,9.65529971454307e-62,-261704.653163357,58.1883081179881,58.1883081152208,0.00712558880455962,8.76887691301566e-72,475.048212389418,-1.4136835444431e-67,1.84591968077007e-74,-136622.631481538,556.553167659329,556.553167659329,2.09460805283094e-10,1.3785257409141e-45,4543.62104999978,-2.67089995838418e-42,3.03398044366889e-49,-499914.278546294,"MPA"
"1326","Lutjanus","MT_20",2065,179.966250326796,179.966250326766,5.25371447672886e-05,9.10438452372166e-60,1469.21897139311,-5.050675225262e-56,6.19675148943148e-63,-261704.653163357,58.1891809389027,58.1891809368096,0.00596111022411739,3.12719227396237e-73,475.054173497549,-5.04089565144436e-69,6.58289451978214e-76,-136622.631481538,556.553167659354,556.553167659354,1.07188862797457e-10,1.56480468030628e-46,4543.62104999989,-3.03166044955559e-43,3.44395948316675e-50,-499914.278546294,"MPA"
"1327","Lutjanus","MT_40",2015,85.902521681198,85.902521681198,116.326626446818,3.85627268284691,813.766345663971,-46995.2725042832,0.00549878043990987,-349979.11196493,43.9612148003701,43.9612148003701,21.4636998279063,0.87703444258098,379.479782085325,-18911.0242153192,0.00244372043310626,-186205.7245322,123.218258404434,123.218258404434,393.781188181417,16.6016568412694,1383.11590034015,-173421.527278474,0.016503684877974,-720629.03114116,"MPA"
"1328","Lutjanus","MT_40",2016,99.6791397059581,99.657552135089,119.795786299064,0.318063754798786,933.222480637368,-3331.13759735961,0.000390949591266481,-306314.977058007,46.4828982122705,46.4828914368746,20.4388057744654,0.0400909519479836,399.878490132447,-817.317688706506,0.000105647271286755,-168112.018005587,169.41939635885,169.417867712211,491.693754519888,2.46935551727213,1872.33877069612,-18058.9822681858,0.00178690672766699,-565266.486130871,"MPA"
"1329","Lutjanus","MT_40",2017,114.311453797335,114.289811683615,118.883479951301,0.0260083723753031,1052.05831010257,-236.825714173175,2.78756106827901e-05,-303220.66517482,48.9815585219335,48.9815083601933,19.1818273718791,0.00182689129112047,419.058440451295,-35.3336393212869,4.56862364505536e-06,-167330.033956202,229.344846829249,229.332893837531,578.28200913198,0.373153299175845,2450.23567353721,-1955.19292659743,0.000199534378419559,-549162.696789283,"MPA"
"1330","Lutjanus","MT_40",2018,128.867785980955,128.848494507153,113.277214457226,0.00209645557681046,1165.31413663042,-16.8855212310791,1.99307337863155e-06,-303000.724981878,51.3309318495142,51.3308464779071,17.7807247830118,8.28143127215712e-05,436.838997048387,-1.52794152663987,1.97620300240046e-07,-167296.228258408,300.132077612228,300.105776136406,621.772292939222,0.0558136207088661,3071.9258513799,-218.311373767564,2.28046911982667e-05,-547425.815236453,"MPA"
"1331","Lutjanus","MT_40",2019,142.740617433295,142.72424884943,103.572622939454,0.000166473011506783,1268.870224513,-1.20724718483437,1.42876343610263e-07,-302985.046707832,53.5088918923876,53.5087832105267,16.2920624622897,3.73521997521845e-06,453.130947093595,-0.0660913780467965,8.5505783774573e-09,-167294.766408259,376.283595085516,376.243954411797,597.45869049676,0.00813602252088392,3669.33676518042,-24.9489048753767,2.6509290629911e-06,-547232.452767561,"MPA"
"1332","Lutjanus","MT_40",2020,155.425317171065,155.412019874242,90.9736971505584,1.30271480434353e-05,1359.83061133958,-0.086540129690806,1.02677728545856e-08,-302983.926000777,55.504510872322,55.5043897053435,14.7677234573111,1.67686819099103e-07,467.898549216241,-0.00285957389587692,3.70063154632565e-10,-167294.703176455,449.461118653412,449.414442352016,504.660044653633,0.00114389811725688,4173.94898963454,-2.89998169050686,3.11945553202289e-07,-547210.403844376,"MPA"
"1333","Lutjanus","MT_40",2021,166.567155555642,166.556790421041,76.9713608013314,1.00568936049346e-06,1436.79160600063,-0.00621898739367288,7.3962341596212e-10,-302983.845679634,57.3134107892928,57.3132860492068,13.2535480647532,7.49587551833174e-09,481.151972533413,-0.000123758475712821,1.60203216188744e-11,-167294.700440639,511.271628127917,511.227088382729,373.259505469241,0.000154513431431359,4547.16380084516,-0.341232564038847,3.70331686063297e-08,-547207.845095249,"MPA"
"1334","Lutjanus","MT_40",2022,175.994192910533,175.986414884605,62.979701709499,7.67140074422656e-08,1499.76352960748,-0.000447963271521165,5.3395276870269e-11,-302983.83990861,58.9368372696993,58.9367157276109,11.7873779552524,3.33781307610789e-10,492.939228946243,-5.35752613825514e-06,6.9371361907936e-13,-167294.700322238,556.987123128688,556.951922089387,244.840249609773,2.01169050941436e-05,4791.96882929873,-0.0405082693200139,4.42500378422804e-09,-547207.544370955,"MPA"
"1335","Lutjanus","MT_40",2023,183.707693480084,183.70205011279,50.0691378891452,5.79296103780697e-09,1549.82702412354,-3.23388856467182e-05,3.86271483676007e-12,-302983.839492986,60.3806713444125,60.3805576971661,10.3981644222975,1.48113397170032e-11,503.337279721279,-2.31989281269644e-07,3.00470168807049e-14,-167294.700317113,586.973561818327,586.949868787415,146.181277840992,2.54579259987745e-06,4938.12641156302,-0.00484009730926145,5.31317639688736e-10,-547207.508702783,"MPA"
"1336","Lutjanus","MT_40",2024,189.840026293581,189.836047848028,38.8660861582063,4.33904858885781e-10,1588.68913183576,-2.33941497184e-06,2.79976165772244e-13,-302983.839462986,61.6543400840908,61.6542372054332,9.10605981925102,6.5522722850548e-13,512.443236661872,-1.00481086665456e-08,1.30176672252714e-15,-167294.700316891,604.876565720165,604.862504549132,81.8304061783188,3.16218508138812e-07,5019.94275625408,-0.000581148734828419,6.40391120478368e-11,-547207.504443834,"MPA"
"1337","Lutjanus","MT_40",2025,194.600288848742,194.597550195109,29.5962206004008,3.22970908062798e-11,1618.28261378249,-1.69562490472177e-07,2.03296919929617e-14,-302983.839460816,62.7697388209324,62.7696481066601,7.92322640187369,2.8908104982251e-14,520.366372349473,-4.35323366967791e-10,5.64123407392034e-17,-167294.700316881,614.898340270251,614.890725551709,44.0297117657498,3.88651494555856e-08,5063.96485326243,-7.00445308010434e-05,7.74230266703252e-12,-547207.50393273,"MPA"
"1338","Lutjanus","MT_40",2026,198.225227182789,198.223377951338,22.2010747882543,2.3928588410945e-12,1640.4818393393,-1.23121822951122e-08,1.47865456603037e-15,-302983.839460659,63.7402524742948,63.7401742099189,6.85507298902874,1.27242356262946e-15,527.221367074126,-1.88646749054026e-11,2.44524673831582e-18,-167294.700316881,620.290655621242,620.286786501115,23.1625296795139,4.75223506521899e-09,5087.12351381706,-8.46831200744858e-06,9.38449150606436e-13,-547207.503871154,"MPA"
"1339","Lutjanus","MT_40",2027,200.944434873585,200.943205172257,16.4629087348776,1.76703483725046e-13,1656.94351837285,-8.95504146669503e-10,1.07715004967012e-16,-302983.839460648,64.5799283597417,64.5798620621611,5.90166494928474,5.5894637936645e-17,533.12296572583,-8.17701455078572e-13,1.06017438911015e-19,-167294.700316881,623.127385566058,623.125503941623,12.0366233947606,5.79941028659561e-10,5099.15825558681,-1.02644641471878e-06,1.14002130266904e-13,-547207.503863712,"MPA"
"1340","Lutjanus","MT_40",2028,202.960844145021,202.960036176676,12.1022108852575,1.30201337019876e-14,1669.04492128976,-6.52340861096621e-11,7.85795080031413e-18,-302983.839460647,65.302821705757,65.3027664120169,5.05911608845239,2.45111487272988e-18,538.182026520542,-3.54524866830776e-14,4.59765523586996e-21,-167294.700316881,624.601534395859,624.600646870619,6.21450121179213,7.07557451007528e-11,5105.37186927329,-1.24691800427052e-07,1.38759837128107e-14,-547207.50386281,"MPA"
"1341","Lutjanus","MT_40",2029,204.443158372465,204.442632444471,8.83919591056426,9.58045278240396e-16,1677.88359127233,-4.75889198387817e-12,5.74009359697803e-19,-302983.839460647,65.9225116578226,65.9224661510304,4.32083962037435,1.07331564845458e-19,542.502820634125,-1.53745881569004e-15,1.99433619072107e-22,-167294.700316881,625.362646808573,625.362237244648,3.19769231342021,8.63781244282624e-12,5108.56915202278,-1.51770860634848e-08,1.69190748537376e-15,-547207.503862701,"MPA"
"1342","Lutjanus","MT_40",2030,205.525816834199,205.525476974903,6.42523168462299,7.04404862540245e-17,1684.30848309765,-3.47627540784654e-13,4.19818051976112e-20,-302983.839460647,66.4517705075935,66.4517334815196,3.67859536931589,4.69422094813768e-21,546.181378977366,-6.66904259677288e-17,8.65289836091482e-24,-167294.700316881,625.754285508752,625.754099539576,1.64249171373559,1.05555581396717e-12,5110.21145776733,-1.8505510318321e-09,2.06624594211194e-16,-547207.503862687,"MPA"
"1343","Lutjanus","MT_40",2031,206.312808939814,206.312590560272,4.65423184631819,5.17744927087385e-18,1688.96249656443,-2.54246707326007e-14,3.07393426699392e-21,-302983.839460647,66.9023611875428,66.9023313578751,3.12331532025514,2.05097943111597e-22,549.304664467954,-2.89351040015517e-18,3.75512564679482e-25,-167294.700316881,625.955453355793,625.955369944101,0.842894733975369,1.29139962858177e-13,5111.05426908962,-2.2599893100977e-10,2.52709646637194e-17,-547207.503862686,"MPA"
"1344","Lutjanus","MT_40",2032,206.882884196698,206.882744495231,3.36281313524741,3.80540570815833e-19,1692.32516999821,-1.86160740965567e-15,2.25310368385539e-22,-302983.839460647,67.2849358816386,67.2849120545073,2.64571889499053,8.95361859180314e-24,551.950359535813,-1.25570173868953e-19,1.62999152823124e-26,-167294.700316881,626.058690246809,626.058653189638,0.43235161095311,1.58181605278671e-14,5111.4865836434,-2.76405161844677e-11,3.09489201092818e-18,-547207.503862685,"MPA"
"1345","Lutjanus","MT_40",2033,207.294781784719,207.294692725952,2.42524881562749,2.79749462843904e-20,1694.75032975507,-1.36450204363206e-16,1.65304843888934e-23,-302983.839460647,67.6090099966394,67.6089911051755,2.23674531287581,3.90609290530098e-25,554.187085957225,-5.45062325058376e-21,7.0768922152873e-28,-167294.700316881,626.111644934642,626.111628594535,0.221713646442511,1.93979183645556e-15,5111.70828094974,-3.38508678080348e-12,3.79496615839568e-19,-547207.503862685,"MPA"
"1346","Lutjanus","MT_40",2034,207.591842285564,207.591785667617,1.74674846597313,2.05722057346126e-21,1696.4970216031,-1.00110176014455e-17,1.21387847850659e-24,-302983.839460647,67.8829890898176,67.8829742082918,1.88783665690975,1.703142167797e-26,556.074907732609,-2.36647749895827e-22,3.07322618726497e-29,-167294.700316881,626.138800882892,626.138793720694,0.11368155513202,2.38140889773448e-16,5111.82195534267,-4.15080377609585e-13,4.65873398556869e-20,-547207.503862685,"MPA"
"1347","Lutjanus","MT_40",2035,207.805796501869,207.805760586792,1.25685771696869,1.51346782597164e-22,1697.75384340499,-7.35135832650788e-19,8.92113557767226e-26,-302983.839460647,68.1142304670152,68.1142188103026,1.59110527106142,7.42288625121845e-28,557.666001346958,-1.02766949088588e-23,1.33487169908523e-30,-167294.700316881,626.152724985006,626.15272186053,0.058284904733138,2.92659943201301e-17,5111.88023712293,-5.09556332169698e-14,5.7251591764078e-21,-547207.503862685,"MPA"
"1348","Lutjanus","MT_40",2036,207.959745994428,207.959723252088,0.903733359018012,1.11395493034865e-23,1698.65755402167,-5.40271836939331e-20,6.56134579788816e-27,-302983.839460647,68.3091252835864,68.3091161978307,1.33941564834919,3.23407495054938e-29,559.005407909551,-4.46372816813625e-25,5.79930468426169e-32,-167294.700316881,626.15986398473,626.159862626797,0.0298816387531439,3.60008088336098e-18,5111.91011740375,-6.26198254784845e-15,7.04257674094601e-22,-547207.503862685,"MPA"
"1349","Lutjanus","MT_40",2037,208.070442507369,208.070428126665,0.64949730810706,8.20303000805341e-25,1699.30703694907,-3.973607617511e-21,4.8291253980874e-28,-302983.839460647,68.4731906748221,68.4731836235031,1.1264059989406,1.40869855905945e-30,560.131806857173,-1.93924879246175e-26,2.52000888113974e-33,-167294.700316881,626.163524053375,626.16352346493,0.015319417122908,4.43251556591345e-19,5111.92543623243,-7.7029286229049e-16,8.67095755873874e-23,-547207.503862685,"MPA"
"1350","Lutjanus","MT_40",2038,208.149998389475,208.149989306383,0.466614381827731,6.04360059076933e-26,1699.77364224781,-2.92455933717655e-22,3.55650897969654e-29,-302983.839460647,68.6111645277135,68.6111590759521,0.94646945242634,6.13488651048794e-32,561.078270857838,-8.42673160283725e-28,1.09525767748882e-34,-167294.700316881,626.165400473642,626.165400219217,0.00785368572285429,5.46195017470497e-20,5111.93328966372,-9.48399563188794e-17,1.06847219183156e-23,-547207.503862685,"MPA"
"1351","Lutjanus","MT_40",2039,208.207153388582,208.207147656717,0.335140155819406,4.45481247918831e-27,1700.10877667176,-2.153851679739e-23,2.62082693410114e-30,-302983.839460647,68.7270979499442,68.7270937488404,0.794710032958052,2.67140924155682e-33,561.872976689692,-3.66246063273539e-29,4.76120608330975e-36,-167294.700316881,626.166362449128,626.166362339304,0.00402624723865232,6.7356035674755e-21,5111.93731580114,-1.16865819285078e-17,1.31762352638621e-24,-547207.503862685,"MPA"
"1352","Lutjanus","MT_40",2040,208.248204374831,208.248200760306,0.240665570830256,3.28525819515971e-28,1700.34943862807,-1.58719459622839e-24,1.93238119152006e-31,-302983.839460647,68.8244423462326,68.8244391182773,0.666884457841018,1.16316302315839e-34,562.539857919578,-1.59211075775219e-30,2.07015301078041e-37,-167294.700316881,626.166855615153,626.166855567801,0.00206406936875637,8.31208763578979e-22,5111.93937982315,-1.44117136623328e-18,1.62601517241672e-25,-547207.503862685,"MPA"
"1353","Lutjanus","MT_40",2041,208.277683324031,208.27768104594,0.172799835086,2.42386380366373e-29,1700.52223618506,-1.17026602844083e-25,1.42550922837361e-32,-302983.839460647,68.906129365652,68.9061268917367,0.559337526074136,5.0643575934174e-36,563.099192971737,-6.92242787948082e-32,9.00266453675129e-39,-167294.700316881,626.167108439492,626.167108419091,0.00105814663611592,1.02641665796636e-22,5111.94043794939,-1.77847955812777e-19,2.00788112242623e-26,-547207.503862685,"MPA"
"1354","Lutjanus","MT_40",2042,208.298849487901,208.298848052681,0.124059741243368,1.7891085317729e-30,1700.64629449109,-8.63300124168377e-27,1.05209358587247e-33,-302983.839460647,68.9746429348155,68.9746410430282,0.468936333883559,2.20498741327295e-37,563.568127413833,-3.01041802661002e-33,3.91580640200296e-40,-167294.700316881,626.167238050545,626.167238041759,0.000542457425951068,1.26821854168657e-23,5111.94098039803,-2.19615142067794e-20,2.48089459782266e-27,-547207.503862685,"MPA"
"1355","Lutjanus","MT_40",2043,208.314045527015,208.314044623056,0.0890611596369495,1.32113014536373e-31,1700.73535474676,-6.37156509346508e-28,7.76840047278692e-35,-302983.839460647,69.0320832332693,69.0320817894564,0.393006672921727,9.60058466178076e-39,563.961132642942,-1.30941326701046e-34,1.70353578061847e-41,-167294.700316881,626.167304495679,626.167304491895,0.000278089159924877,1.56783303009136e-24,5111.9412584834,-2.71351731652001e-21,3.06700143077734e-28,-547207.503862685,"MPA"
"1356","Lutjanus","MT_40",2044,208.324954616233,208.324954046974,0.0639328676614789,9.75945526361219e-33,1700.79928704517,-4.70460692950738e-29,5.73837384353423e-36,-302983.839460647,69.0802228784467,69.0802217784083,0.329273610722081,4.18031274563332e-40,564.290405153626,-5.69648037572468e-36,7.41241286934233e-43,-167294.700316881,626.167338558664,626.167338557034,0.000142561194635911,1.93919226938858e-25,5111.94140104297,-3.35458084323343e-22,3.79345569781584e-29,-547207.503862685,"MPA"
"1357","Lutjanus","MT_40",2045,208.332785754174,208.332785395706,0.04589278915749,7.21219466424983e-34,1700.84517947586,-3.47520610459622e-30,4.240473713727e-37,-302983.839460647,69.1205558324557,69.1205549955852,0.275807305229159,1.82031817466684e-41,564.566211621984,-2.47864766584346e-37,3.22585349989839e-44,-167294.700316881,626.167356020943,626.16735602024,7.30832177121681e-05,2.39959985140312e-26,5111.94147412548,-4.1491515737936e-23,4.69410672609416e-30,-547207.503862685,"MPA"
"1358","Lutjanus","MT_40",2046,208.338407168766,208.338406943027,0.0329422689992305,5.3316593578944e-35,1700.87812151912,-2.56806550114896e-31,3.13471174469554e-38,-302983.839460647,69.1543396718069,69.1543390359681,0.230974464545352,7.92719745392234e-43,564.797185450691,-1.07869759491359e-38,1.40412183774125e-45,-167294.700316881,626.167364972901,626.167364972598,3.7465646068408e-05,2.97054843836705e-27,5111.94151159083,-5.13425273983757e-24,5.8109985284513e-31,-547207.503862685,"MPA"
"1359","Lutjanus","MT_40",2047,208.342442276079,208.342442133905,0.0236458258925164,3.94277611945404e-36,1700.90176720283,-1.89840700320363e-32,2.31808268358961e-39,-302983.839460647,69.1826319115422,69.1826314289835,0.193395446962478,3.45247877826908e-44,564.990580415095,-4.6952612151327e-40,6.11277618057517e-47,-167294.700316881,626.167369562072,626.167369561941,1.92064965414769e-05,3.67873589377054e-28,5111.94153079719,-6.35587063879742e-25,7.19635755892249e-32,-547207.503862685,"MPA"
"1360","Lutjanus","MT_40",2048,208.34533866203,208.345338572468,0.0169726494428733,2.91661301055244e-37,1700.91873976272,-1.40384977076737e-33,1.71474512356028e-40,-302983.839460647,69.2063210746269,69.2063207087494,0.161906740410944,1.50378378480048e-45,565.152486789628,-2.0440587364776e-41,2.66160859692035e-48,-167294.700316881,626.167371914681,626.167371914625,9.84606154884564e-06,4.557328141999e-29,5111.9415406432,-7.87112877261926e-26,8.91506312140535e-33,-547207.503862685,"MPA"
"1361","Lutjanus","MT_40",2049,208.347417649661,208.347417593227,0.0121826170171937,2.15816778334236e-38,1700.9309223233,-1.03846361970425e-34,1.26882474340092e-41,-302983.839460647,69.2261531655119,69.2261528883302,0.135528415850745,6.55067406182921e-47,565.288014928297,-8.90018417318805e-43,1.15909851213585e-49,-167294.700316881,626.167373120729,626.167373120705,5.04750198627896e-06,5.64752869729445e-30,5111.94154569068,-9.75098989592689e-27,1.10477176868965e-33,-547207.503862685,"MPA"
"1362","Lutjanus","MT_40",2050,208.348909904981,208.348909869408,0.00874436958066599,1.59740329373814e-39,1700.93966665731,-7.68410600558542e-36,9.39134724905292e-43,-302983.839460647,69.2427541571116,69.2427539472697,0.113436079828709,2.85387685354021e-48,565.401450798284,-3.87592254482969e-44,5.04853593105744e-51,-167294.700316881,626.167373739,626.16737373899,2.58755793006149e-06,7.00052936831808e-31,5111.94154827822,-1.20836142235789e-27,1.36944628684565e-34,-547207.503862685,"MPA"
"1363","Lutjanus","MT_40",2051,208.349981008125,208.349980985692,0.00627645212692969,1.18266215964486e-40,1700.945943087,-5.68747637938651e-37,6.95299300065583e-44,-302983.839460647,69.2566490422864,69.2566488835164,0.0949368314449346,1.2434688822485e-49,565.496387470959,-1.68818540446514e-45,2.19926723017824e-52,-167294.700316881,626.167374055952,626.167374055947,1.32648799714729e-06,8.67993475042655e-32,5111.94154960471,-1.49785332130432e-28,1.69797222218828e-35,-547207.503862685,"MPA"
"1364","Lutjanus","MT_40",2052,208.35074981494,208.350749800787,0.00450503681195963,8.75826030729247e-42,1700.95044810966,-4.21078917879735e-38,5.14905270390631e-45,-302983.839460647,69.2682779403223,69.2682778202512,0.079448739939222,5.4185908679211e-51,565.575836090827,-7.35415280682903e-47,9.58200793002806e-54,-167294.700316881,626.167374218434,626.167374218432,6.80011580796326e-07,1.07647756241284e-32,5111.94155028472,-1.85718370769036e-29,2.10580960671603e-36,-547207.503862685,"MPA"
"1365","Lutjanus","MT_40",2053,208.351301640148,208.351301631214,0.00323356288403568,6.48755028071723e-43,1700.95368166361,-3.11830824085816e-39,3.8140736480578e-46,-302983.839460647,69.2780096896401,69.2780095988701,0.0664833883117823,2.36151337342762e-52,565.642319388369,-3.20413743605907e-48,4.17541419403442e-55,-167294.700316881,626.16737430173,626.167374301728,3.48601375278545e-07,1.3353254354631e-33,5111.94155063332,-2.3032622336132e-30,2.61216882534333e-37,-547207.503862685,"MPA"
"1366","Lutjanus","MT_40",2054,208.351697721748,208.351697716105,0.00232093745265261,4.80667216219333e-44,1700.95600259542,-2.30983405268559e-40,2.8258689310829e-47,-302983.839460647,69.2861533022865,69.2861532336874,0.0556310672280009,1.02931327488205e-53,565.697950386998,-1.39622092727008e-49,1.81972465588883e-56,-167294.700316881,626.16737434443,626.16737434443,1.78707279656825e-07,1.65674001634724e-34,5111.94155081202,-2.85710055840113e-31,3.24092128193834e-38,-547207.503862685,"MPA"
"1367","Lutjanus","MT_40",2055,208.351982015252,208.351982011686,0.00166588473236152,3.56208817587988e-45,1700.95766847659,-1.71136922945307e-41,2.09416832090796e-48,-302983.839460647,69.2929676048365,69.2929675530042,0.046548246257407,4.48702062784399e-55,565.744498581423,-6.08499511686762e-51,7.93183115682826e-58,-167294.700316881,626.16737436632,626.16737436632,9.16123246011517e-08,2.05588553716838e-35,5111.94155090364,-3.54480840385303e-32,4.02173130645793e-39,-547207.503862685,"MPA"
"1368","Lutjanus","MT_40",2056,208.352186070879,208.352186068624,0.00119571040722379,2.64032323973927e-46,1700.95886418474,-1.26824538257692e-42,1.55225687780346e-49,-302983.839460647,69.2986693446539,69.2986693054961,0.0389469926552644,1.95623874132761e-56,565.78344553492,-2.65233266716013e-52,3.45781310530803e-59,-167294.700316881,626.167374377542,626.167374377542,4.6964190654862e-08,2.55160674491951e-36,5111.9415509506,-4.39883159539262e-33,4.99146306645167e-40,-547207.503862685,"MPA"
"1369","Lutjanus","MT_40",2057,208.352332534493,208.352332533066,0.000858236023916812,1.95748295293468e-47,1700.95972241934,-9.40059400847198e-44,1.15081145943854e-50,-302983.839460647,69.3034400000631,69.303439970483,0.0325860492265721,8.52979732318138e-58,565.816031554567,-1.1562614105285e-53,1.50760814776157e-60,-167294.700316881,626.167374383294,626.167374383294,2.40760696831847e-08,3.16732285011068e-37,5111.94155097468,-5.45949089355766e-34,6.19592931284925e-41,-547207.503862685,"MPA"
"1370","Lutjanus","MT_40",2058,208.352437660598,208.352437659694,0.000616009239271464,1.45152263768482e-48,1700.96033842767,-6.96940787438917e-45,8.53355090396526e-52,-302983.839460647,69.3074314976498,69.3074314753053,0.0272633210935782,3.71970281489627e-59,565.843294853316,-5.0413050410256e-55,6.57404988119449e-62,-167294.700316881,626.167374386244,626.167374386243,1.2341764118693e-08,3.93213868525859e-38,5111.94155098702,-6.7768947120897e-35,7.6920650325293e-42,-547207.503862685,"MPA"
"1371","Lutjanus","MT_40",2059,208.35251311614,208.352513115567,0.000442147863481233,1.07654282175624e-49,1700.96078057496,-5.16798788941722e-46,6.32902953370385e-53,-302983.839460647,69.3107710092668,69.3107709923874,0.0228095558340627,1.62229535609175e-60,565.86610439227,-2.19830264962753e-56,2.86703999302692e-63,-167294.700316881,626.167374387755,626.167374387755,6.3268722802746e-09,4.88222586067296e-39,5111.94155099335,-8.4133165844699e-36,9.55062927065412e-43,-547207.503862685,"MPA"
"1372","Lutjanus","MT_40",2060,208.352567275251,208.352567274888,0.000317356720778273,7.98578195898269e-51,1700.96109793132,-3.83291180248299e-47,4.69486542557768e-54,-302983.839460647,69.3135649749207,69.3135649621688,0.0190830322917189,7.07624931530487e-62,565.88518741181,-9.5871214492796e-58,1.25051655515348e-64,-167294.700316881,626.16737438853,626.16737438853,3.24337257841181e-09,6.06253953492197e-40,5111.94155099659,-1.04461503244073e-36,1.1859563483749e-43,-547207.503862685,"MPA"
"1373","Lutjanus","MT_40",2061,208.352606148582,208.352606148351,0.000227786387528388,5.92487799859396e-52,1700.96132571748,-2.84324871655984e-48,3.48325308897465e-55,-302983.839460647,69.3159024750899,69.3159024654551,0.0159651004597322,3.08693247767552e-63,565.901152502635,-4.18161374719895e-59,5.45505085904952e-66,-167294.700316881,626.167374388927,626.167374388927,1.66289919336723e-09,7.52895236577623e-41,5111.94155099825,-1.29715832771099e-37,1.47281659828611e-44,-547207.503862685,"MPA"
"1374","Lutjanus","MT_40",2062,208.35263405036,208.352634050214,0.000163496235318596,4.39657588595353e-53,1700.96148921357,-2.10948642317565e-49,2.58475946482762e-56,-302983.839460647,69.3178580567225,69.3178580494416,0.0133564384279574,1.34679394231489e-64,565.914508933782,-1.82411941592162e-60,2.37991023056065e-67,-167294.700316881,626.167374389131,626.167374389131,8.52470943772369e-10,9.35090703231928e-42,5111.9415509991,-1.61091621818603e-38,1.82922808076576e-45,-547207.503862685,"MPA"
"1375","Lutjanus","MT_40",2063,208.352654077177,208.352654077084,0.000117351241280455,3.2630255639156e-54,1700.96160656472,-1.5653513708711e-50,1.91834182290891e-57,-302983.839460647,69.3194941007459,69.3194940952428,0.0111739127644825,5.87657608924187e-66,565.925682841044,-7.95820334414133e-62,1.03842117431344e-68,-167294.700316881,626.167374389236,626.167374389236,4.36746145430498e-10,1.16147133625203e-42,5111.94155099954,-2.00074685843161e-39,2.27207475802423e-46,-547207.503862685,"MPA"
"1376","Lutjanus","MT_40",2064,208.352668451649,208.35266845159,8.42301497051259e-05,2.4221153233808e-55,1700.96169079481,-1.16176342248817e-51,1.42396825068417e-58,-302983.839460647,69.3208628050047,69.3208628008443,0.00934794620605839,2.56445972918572e-67,565.935030783089,-3.47238591568282e-63,4.53144256737708e-70,-167294.700316881,626.167374389289,626.167374389289,2.24043304495715e-10,1.44276467341763e-43,5111.94155099976,-2.48511734651248e-40,2.82234188130639e-47,-547207.503862685,"MPA"
"1377","Lutjanus","MT_40",2065,208.352678769086,208.352678769048,6.04571154405977e-05,1.79818939483465e-56,1700.96175125188,-8.62366763120533e-53,1.05716043139952e-59,-302983.839460647,69.3220078447647,69.3220078416186,0.00782031149370762,1.11921831941697e-68,565.942851091437,-1.51527314577354e-64,1.97764453257491e-71,-167294.700316881,626.167374389317,626.167374389317,1.14787618970032e-10,1.79230424967362e-44,5111.94155099988,-3.08698062959968e-41,3.50611256367571e-48,-547207.503862685,"MPA"
"1378","Lutjanus","MT_60",2015,97.7871267022124,97.7871267022124,131.974176691957,4.98616173347212,925.308235058485,-53452.0652335297,0.00624581666345309,-396704.88722009,49.5734866821878,49.5734866821878,23.7319192317919,1.09668649806269,427.346140333729,-20965.168945033,0.00270980217599325,-204705.415646133,139.509559456099,139.509559456099,447.625920928569,21.9752447948352,1564.58691413373,-205391.842425632,0.019294534726039,-844860.459192087,"MPA"
"1379","Lutjanus","MT_60",2016,113.342029103222,113.314108251889,135.757138963738,0.464863462163858,1060.57258970873,-4286.56711672892,0.000502528949169317,-347539.389103289,52.3461013743097,52.3460926595012,22.5541331235029,0.0549982136768326,449.845266528747,-995.39938764408,0.000128697297845216,-184735.646088744,191.647981545368,191.645737553157,559.750504037099,3.79219666905553,2120.54297750957,-24672.6081090952,0.00242664277235278,-664141.224875551,"MPA"
"1380","Lutjanus","MT_60",2017,129.910709506706,129.882392833177,134.591302597532,0.0430044224522073,1195.09257121028,-344.876331543102,4.05588203572758e-05,-343597.698318103,55.102044225971,55.1019796485648,21.1204430581162,0.00275033720447394,470.962894672252,-47.273746380122,6.11397431257338e-06,-183787.52044748,259.74765463568,259.730029421724,660.996843798197,0.669199895846763,2780.85299619796,-3102.86096174193,0.000316099591959338,-642571.477728197,"MPA"
"1381","Lutjanus","MT_60",2018,146.388210819931,146.362883494818,128.116574425217,0.0039229271053212,1323.17989538328,-27.8336154834547,3.28321755231053e-06,-343280.655602043,57.6887658533657,57.6886558567377,19.5362464142794,0.000136831051130302,490.498894258852,-2.24577155432687,2.90535241616952e-07,-183742.492472654,340.629759127702,340.590468503948,714.72581417821,0.117263103798272,3495.42225664862,-404.158321015251,4.22345307445769e-05,-639872.775087471,"MPA"
"1382","Lutjanus","MT_60",2019,162.077768822462,162.056236565217,117.024933232149,0.000352603908869618,1440.18294375427,-2.25302925078084,2.66525232502504e-07,-343255.075015811,60.0817520495439,60.0816122051007,17.8650186333206,6.77377746138819e-06,508.363766273952,-0.106716803066471,1.38100006566145e-08,-183740.353417903,428.158138153905,428.098303396282,691.493335635649,0.0200530618964878,4186.83570446475,-53.9962961430708,5.74422812011377e-06,-639522.613062599,"MPA"
"1383","Lutjanus","MT_60",2020,176.409601622796,176.392076900805,102.693098809897,3.12391264541004e-05,1542.85848660305,-0.182889950729504,2.16936821604424e-08,-343253.004876511,62.2700399812219,62.2698843808337,16.1637112012062,3.33795675449081e-07,524.527321540975,-0.00507248053422959,6.56609025664459e-10,-183740.25177358,512.850136080176,512.779004451193,588.492440893842,0.00330863101576358,4775.25370509859,-7.34340804861832,7.90950243449287e-07,-639475.960174504,"MPA"
"1384","Lutjanus","MT_60",2021,188.986442425494,188.972755257475,86.8126837187937,2.73088932437204e-06,1629.65748042294,-0.0148857610730022,1.77017154214181e-09,-343252.836872321,64.2499317427716,64.2497718936951,14.4819813520026,1.63796380786709e-08,539.009143027521,-0.000241172028131327,3.12274718471541e-11,-183740.246942272,584.926107768124,584.857598810659,438.456493383503,0.00052429393764913,5213.64116523069,-1.0110888515567,1.09854180693454e-07,-639469.627855307,"MPA"
"1385","Lutjanus","MT_60",2022,199.618547178179,199.608255073583,70.9790638298107,2.35931428599148e-07,1700.62625191222,-0.0012146230230881,1.44782284711013e-10,-343252.823201183,66.0238260735533,66.0236706452692,12.8602928555784,8.00714591800962e-10,551.869280454015,-1.14696719680319e-05,1.48553248697624e-12,-183740.246712569,638.624672616236,638.570061235068,289.389671490129,8.00190390061071e-05,5502.97614532061,-0.140422756630778,1.53525844466883e-08,-639468.757189212,"MPA"
"1386","Lutjanus","MT_60",2023,208.311590489362,208.304107032343,56.3932566748143,2.01816454709988e-08,1757.01202510983,-9.93418129736191e-05,1.18676639548888e-11,-343252.822085902,67.5990785302365,67.5989334805261,11.3291405465291,3.90101024324439e-11,563.198275950794,-5.45620993866394e-07,7.06872883918803e-14,-183740.246701645,674.065634331939,674.028610687126,173.564957223629,1.1860355138621e-05,5676.50406703907,-0.0196240973579529,2.15557416972227e-09,-639468.636390553,"MPA"
"1387","Lutjanus","MT_60",2024,215.218346211003,215.213059049339,43.7528585298489,1.71262149285906e-09,1800.7595964763,-8.14281090449769e-06,9.74761192460354e-13,-343252.821994703,68.986779718506,68.986648647304,9.90931941354409,1.89484520536986e-12,573.107464293135,-2.59624463955501e-08,3.36444001119965e-15,-183740.246701126,695.321261385114,695.299167867009,97.4462787043412,1.72414267304353e-06,5773.92825050117,-0.00275526606626733,3.03752895077201e-10,-639468.619521721,"MPA"
"1388","Lutjanus","MT_60",2025,220.577034612496,220.573387157847,33.3040595311261,1.4444362701653e-10,1834.06000855264,-6.6880803908354e-07,8.02139918171791e-14,-343252.821987229,70.2005671581216,70.2004517713841,8.61293509434738,9.17974788168709e-14,581.720284000744,-1.23569995797591e-09,1.60175093188156e-16,-183740.246701101,707.254857368533,707.242846068928,52.5242333726055,2.47870116736341e-07,5826.4404723263,-0.00038825469881738,4.29303803933575e-11,-639468.61715471,"MPA"
"1389","Lutjanus","MT_60",2026,224.656038917982,224.653570775702,24.9747055981642,1.21274148752349e-11,1859.03224600851,-5.50362616510513e-08,6.61240508766533e-15,-343252.821986615,71.2555609698853,71.2554615629427,7.44483650289413,4.43711094958278e-15,589.165021096696,-5.88290329987454e-11,7.62757201004942e-18,-183740.2467011,713.687137498411,713.681018071454,27.6587989460372,3.54404432388844e-08,5854.09315180994,-5.48730027289417e-05,6.08276071224463e-12,-639468.616821329,"MPA"
"1390","Lutjanus","MT_60",2027,227.714915903246,227.71327124911,18.5153253130239,1.01496666716562e-12,1877.5459266674,-4.53685507676088e-09,5.4596882186228e-16,-343252.821986564,72.1674750506476,72.1673909511046,6.40419793986666,2.14053303765564e-16,595.56913493702,-2.80143144789339e-12,3.63316536621849e-19,-183740.2467011,717.074344792225,717.071363324809,14.38116212257,5.05648435610728e-09,5868.47133246004,-7.77487666066766e-06,8.63755870280374e-13,-639468.61677423,"MPA"
"1391","Lutjanus","MT_60",2028,229.982677123284,229.981594377858,13.6086159300935,8.47635286998869e-14,1891.15345985206,-3.74594002805508e-10,4.51461077215023e-17,-343252.82198656,72.9519220378988,72.9518519760181,5.48605103849445,1.03091280658633e-17,601.055115913633,-1.33436988697786e-13,1.73097141533087e-20,-183740.2467011,718.835544042324,718.834135922889,7.42731554159408,7.21203503295259e-10,5875.89723988147,-1.10403580224345e-06,1.22894833632911e-13,-639468.616767559,"MPA"
"1392","Lutjanus","MT_60",2029,231.649478913006,231.64877280499,9.93817271966647,7.06953746995456e-15,1901.09092646371,-3.09750110522539e-11,3.73822443256286e-18,-343252.82198656,73.6239059152192,73.6238483111611,4.68264256499244,4.95807441896352e-19,605.737700874568,-6.35738806253741e-15,8.2489534768675e-22,-183740.2467011,719.745151655429,719.744501241872,3.82244655429124,1.0292535948057e-10,5879.71903602211,-1.5708164674708e-07,1.75165475168364e-14,-639468.616766612,"MPA"
"1393","Lutjanus","MT_60",2030,232.866730189105,232.866273090101,7.2234099191297,5.891925656026e-16,1908.31387928384,-2.56481000010705e-12,3.09923900249191e-19,-343252.82198656,74.197480926023,74.1974340974326,3.98455827101373,2.38174296224468e-20,609.722212316991,-3.02960331478638e-16,3.93197158806029e-23,-183740.2467011,720.213287691602,720.212992150277,1.96361440973872,1.47036719550303e-11,5881.6823548905,-2.2389281845026e-08,2.50074468196684e-15,-639468.616766478,"MPA"
"1394","Lutjanus","MT_60",2031,233.751477668628,233.751183468655,5.23205652474948,4.90901502684306e-17,1913.54564160862,-2.12639493388121e-13,2.57243836965247e-20,-343252.82198656,74.6855481394751,74.6855104406064,3.38159992926907,1.14302233565194e-21,613.103774547391,-1.44409464097959e-17,1.87466108905308e-24,-183740.2467011,720.453776791222,720.453644159866,1.00776128297786,2.10300487562411e-12,5882.68998354212,-3.19639851150989e-09,3.57551629409588e-16,-639468.616766459,"MPA"
"1395","Lutjanus","MT_60",2032,234.392322022119,234.392133524495,3.78012674368405,4.09008832199399e-18,1917.32557985468,-1.76495297547627e-14,2.13744092077181e-21,-343252.82198656,75.0997594370846,75.099729343586,2.86343240523886,5.48110707013128e-23,615.967176859132,-6.88504319167338e-19,8.93993467136938e-26,-183740.2467011,720.577202339197,720.577143388859,0.516943489980003,3.01148970008881e-13,5883.20686808177,-4.57014819637637e-10,5.11923939608079e-17,-639468.616766456,"MPA"
"1396","Lutjanus","MT_60",2033,234.855330838491,234.855210497703,2.72612118939103,3.40847837745701e-19,1920.05158070328,-1.46649900882576e-15,1.77772603762866e-22,-343252.82198656,75.4505007531726,75.4504769065399,2.42003319858235,2.626642367725e-24,618.387186211081,-3.28334923662252e-20,4.26425740023326e-27,-183740.2467011,720.640516098132,720.640490094796,0.265102796786827,4.31754293880768e-14,5883.47194487522,-6.54330159560110e-11,7.33875777247863e-18,-639468.616766455,"MPA"
"1397","Lutjanus","MT_60",2034,235.189241697393,235.1891650881,1.96340009861355,2.84142001966955e-20,1922.0149041926,-1.21969746959333e-16,1.47986682567897e-23,-343252.82198656,75.7469303752233,75.746911599169,2.04198235639051,1.25808131989152e-25,620.429149791418,-1.56612043855752e-21,2.03445580489145e-28,-183740.2467011,720.672985647736,720.672974246439,0.135932754233288,6.19698545321661e-15,5883.60786622815,-9.38024195439713e-12,1.05328716667492e-18,-639468.616766455,"MPA"
"1398","Lutjanus","MT_60",2035,235.429731363036,235.429682704577,1.41272379475382,2.369696523214e-21,1923.4275793289,-1.01533571121131e-17,1.2329232352396e-24,-343252.82198656,75.9970527525904,75.9970380511762,1.72062977232124,6.02336740574897e-27,622.149764862325,-7.47186766269236e-23,9.70838926112829e-30,-183740.2467011,720.689634804587,720.689629829526,0.069694727697041,8.90392623626387e-16,5883.67755598079,-1.34628892813399e-12,1.51334461138021e-19,-639468.616766455,"MPA"
"1399","Lutjanus","MT_60",2036,235.602771502899,235.602740654186,1.01579576502462,1.97720715027798e-22,1924.44334424521,-8.4590749879712e-19,1.02796035964874e-25,-343252.82198656,76.2078127956261,76.2078013405698,1.44817258509281,2.88292531197889e-28,623.597925992361,-3.56555704956809e-24,4.63381259321819e-31,-183740.2467011,720.698171179464,720.698169016766,0.0357319035412639,1.28058053780555e-16,5883.71328572163,-1.93432441302364e-13,2.17649680314773e-20,-639468.616766455,"MPA"
"1400","Lutjanus","MT_60",2037,235.727193670934,235.727174142311,0.730028759150357,1.65052718375038e-23,1925.17335347573,-7.05282437466503e-20,8.57664771942561e-27,-343252.82198656,76.3851996541105,76.3851907665333,1.21766971389539,1.3795106386489e-29,624.815586818679,-1.70183747345287e-25,2.2121797041223e-32,-183740.2467011,720.702547754937,720.702546817577,0.0183189467962618,1.84341761404457e-17,5883.73160373107,-2.78195121874932e-14,3.13308539229425e-21,-639468.616766455,"MPA"
"1401","Lutjanus","MT_60",2038,235.816613308972,235.81660096125,0.524467267004086,1.37849708092399e-24,1925.69780839502,-5.88442695438571e-21,7.16037918164955e-28,-343252.82198656,76.5343522754591,76.534345405605,1.02301477286821,6.59998783241768e-31,625.838594721694,-8.12455387567478e-27,1.05630974996776e-33,-183740.2467011,720.704791548172,720.704791142821,0.00939154826118621,2.65583129585561e-18,5883.74099487398,-4.00464209128252e-15,4.51385527952111e-22,-639468.616766455,"MPA"
"1402","Lutjanus","MT_60",2039,235.880854372082,235.880846572244,0.376690944999566,1.15185668493929e-25,1926.07449154018,-4.91272614083225e-22,5.98150291060206e-29,-343252.82198656,76.659661644946,76.6596563520912,0.858883366234863,3.15727022161529e-32,626.697472795074,-3.879448490808e-28,5.04486347506821e-35,-183740.2467011,720.705941879654,720.705941704657,0.00481469341347357,3.82919283849508e-19,5883.7458093924,-5.76951233874968e-16,6.5080921170221e-23,-639468.616766455,"MPA"
"1403","Lutjanus","MT_60",2040,235.926994707144,235.926989783867,0.270502745629558,9.62928826740229e-27,1926.34498936253,-4.1039003039688e-23,4.99943714956034e-30,-343252.82198656,76.7648665700735,76.7648625038991,0.720666366424429,1.51025761416625e-33,627.418135095324,-1.85279669940689e-29,2.40986711457973e-36,-183740.2467011,720.70653161534,720.70653153988,0.00246829049217464,5.52479213886318e-20,5883.74827760743,-8.31850279360761e-17,9.38992321894443e-24,-639468.616766455,"MPA"
"1404","Lutjanus","MT_60",2041,235.960128284575,235.96012517882,0.194222892898989,8.05350600756111e-28,1926.53920914968,-3.43010615133713e-24,4.18071845974348e-31,-343252.82198656,76.8531412922836,76.853138176342,0.604397272547378,7.22399932266119e-35,628.022529251929,-8.85056816934186e-31,1.15138517299459e-37,-183740.2467011,720.706833949729,720.706833917214,0.001265380122196,7.9762814186107e-21,5883.74954295503,-1.2001997068357e-17,1.3556462721295e-24,-639468.616766455,"MPA"
"1405","Lutjanus","MT_60",2042,235.983918481109,235.983916522767,0.139440076374142,6.73847795110635e-29,1926.67864726771,-2.86838434381671e-25,3.49771130729989e-32,-343252.82198656,76.9271742009862,76.9271718184735,0.506679064909916,3.45545762626787e-36,628.529205934327,-4.22861788004523e-32,5.50212370664441e-39,-183740.2467011,720.706988943557,720.706988929551,0.00064869936124762,1.15222311951707e-21,5883.75019164039,-1.73275778751032e-18,1.95831435568328e-25,-639468.616766455,"MPA"
"1406","Lutjanus","MT_60",2043,236.000998410405,236.00099717595,0.100102497076642,5.64046967576627e-30,1926.77874853033,-2.39977411027708e-26,2.92756121843805e-33,-343252.82198656,76.9892375881974,76.9892357699909,0.424613988135855,1.65289795630156e-37,628.953818104256,-2.02072843570588e-33,2.62978704538345e-40,-183740.2467011,720.707068401743,720.707068395711,0.000332555475770164,1.66533614602781e-22,5883.75052418983,-2.50307511608544e-19,2.83039913624536e-26,-639468.616766455,"MPA"
"1407","Lutjanus","MT_60",2044,236.013259924776,236.013259146777,0.0718589213073554,4.72319623982641e-31,1926.85060667364,-2.00859498808017e-27,2.45134333644858e-34,-343252.82198656,77.0412488025131,77.0412474172918,0.355738273846838,7.90693970103438e-39,629.309554992881,-9.65824038729429e-35,1.25715744119501e-41,-183740.2467011,720.707109136093,720.707109133494,0.00017048384927741,2.40810719602306e-23,5883.75069467108,-3.61775504822657e-20,4.09280982618824e-27,-639468.616766455,"MPA"
"1408","Lutjanus","MT_60",2045,236.022061908225,236.022061417944,0.0515823331293803,3.95653380783281e-32,1926.90218851649,-1.68186263694151e-28,2.05336822545132e-35,-343252.82198656,77.0848234074459,77.0848223536482,0.297962825898632,3.78268606817788e-40,629.607516764982,-4.61707526092336e-36,6.01085117317259e-43,-183740.2467011,720.707130018529,720.707130017409,8.73979308153105e-05,3.48368879883315e-24,5883.7507820679,-5.23134112791984e-21,5.92086405358593e-28,-639468.616766455,"MPA"
"1409","Lutjanus","MT_60",2046,236.028380225205,236.028379916235,0.037026282146058,3.31545602113278e-33,1926.93921448966,-1.40881254455012e-29,1.7206145918799e-36,-343252.82198656,77.1213210744562,77.1213202738088,0.249520227664132,1.80978828733061e-41,629.857036191999,-2.20756315485056e-37,2.8744705903263e-44,-183740.2467011,720.707140723861,720.707140723378,4.48041289518409e-05,5.04167834039634e-25,5883.75082687154,-7.56792056104893e-22,8.56881694541256e-29,-639468.616766455,"MPA"
"1410","Lutjanus","MT_60",2047,236.03291557761,236.032915382881,0.0265773196946422,2.77915647342243e-34,1926.96579161463,-1.18051081324805e-30,1.4422647343014e-37,-343252.82198656,77.15188498504,77.1518843773999,0.208918003539347,8.65955806203881e-43,630.065953587898,-1.05568640658519e-38,1.37484501643202e-45,-183740.2467011,720.70714621191,720.707146211701,2.29685762184169e-05,7.29906524813927e-26,5883.75084983991,-1.09524767597872e-22,1.24054628805899e-29,-639468.616766455,"MPA"
"1411","Lutjanus","MT_60",2048,236.036171039041,236.03617091629,0.0190768403317268,2.33032475607024e-35,1926.98486833221,-9.89535430248775e-32,1.20932336557341e-38,-343252.82198656,77.1774755079263,77.1774750472032,0.174897807182681,4.14388807972155e-44,630.240850934358,-5.04929469330513e-40,6.57691160720401e-47,-183740.2467011,720.70714902533,720.70714902524,1.1774688159731e-05,1.05706365226229e-26,5883.75086161451,-1.5856394734455e-23,1.79658126123928e-30,-639468.616766455,"MPA"
"1412","Lutjanus","MT_60",2049,236.038507767276,236.038507689879,0.0136929654072945,1.95454897956299e-36,1926.99856122022,-8.29714740552907e-33,1.01430426978393e-39,-343252.82198656,77.1988988773306,77.1988985282848,0.146400065339367,1.98320509215242e-45,630.387250650651,-2.41545476153609e-41,3.14674158381749e-48,-183740.2467011,720.707150467614,720.707150467575,6.03620744907272e-06,1.53131147532443e-27,5883.75086765068,-2.29635136753127e-24,2.60261100672139e-31,-639468.616766455,"MPA"
"1413","Lutjanus","MT_60",2050,236.040185024273,236.040184975456,0.00982846147484219,1.63982236583544e-37,1927.00838963287,-6.95912461838675e-34,8.50972283495106e-41,-343252.82198656,77.2168315404975,77.2168312762394,0.122533540503467,9.49241753380333e-47,630.509783926897,-1.15568086499893e-42,1.50580734755497e-49,-183740.2467011,720.707151206991,720.707151206974,3.09441394551717e-06,2.21892352431373e-28,5883.75087074507,-3.32660118046115e-25,3.77127375755073e-32,-639468.616766455,"MPA"
"1414","Lutjanus","MT_60",2051,236.04138891741,236.041388886607,0.0070545833152731,1.37613546226744e-38,1927.01544418539,-5.8385065764984e-35,7.14130498714998e-42,-343252.82198656,77.2318407770266,77.2318405770739,0.102549260850844,4.54398928399617e-48,630.612332987795,-5.53026834587069e-44,7.20684976096443e-51,-183740.2467011,720.707151586027,720.70715158602,1.58632517836588e-06,3.21607754252548e-29,5883.75087233139,-4.82036066907694e-26,5.46603283037752e-33,-639468.616766455,"MPA"
"1415","Lutjanus","MT_60",2052,236.042253037349,236.042253017905,0.00506355574358608,1.1551388224894e-39,1927.02050772169,-4.89963737366277e-36,5.99444506788742e-43,-343252.82198656,77.2444021249153,77.2444019736903,0.0858182826280895,2.17545545902262e-49,630.698151119198,-2.64680666664285e-45,3.4497508941296e-52,-183740.2467011,720.707151780337,720.707151780333,8.13215515239115e-07,4.66236258208226e-30,5883.7508731446,-6.98656511441981e-27,7.92413323277714e-34,-639468.616766455,"MPA"
"1416","Lutjanus","MT_60",2053,236.042873275511,236.04287326323,0.00363444967862584,9.69863719752291e-41,1927.02414215908,-4.11277870025453e-37,5.03297041146328e-44,-343252.82198656,77.2549140827457,77.2549139684163,0.0718127852602236,1.04163671750104e-50,630.769963790129,-1.26696451717471e-46,1.65156139405893e-53,-183740.2467011,720.707151879948,720.707151879947,4.16887379393995e-07,6.76039117523349e-31,5883.75087356149,-1.01284559614157e-27,1.14899344329655e-34,-639468.616766455,"MPA"
"1417","Lutjanus","MT_60",2054,236.043318461767,236.043318454007,0.00260868040088468,8.14490693899107e-42,1927.02675083172,-3.45311254831385e-38,4.22667612764163e-45,-343252.82198656,77.2637104962328,77.2637104098222,0.0600900439214873,4.98810933373528e-52,630.83005374764,-6.06556707158367e-48,7.90796902317591e-55,-183740.2467011,720.707151931013,720.707151931012,2.13713311422924e-07,9.80427731685334e-32,5883.7508737752,-1.46861860452407e-28,1.6663311427594e-35,-639468.616766455,"MPA"
"1418","Lutjanus","MT_60",2055,236.043638000964,236.043637996057,0.00187241653757273,6.8415756402572e-43,1927.02862324335,-2.89991539172283e-39,3.55032727871334e-46,-343252.82198656,77.2710709815878,77.2710709162922,0.0502788723521151,2.38896274059498e-53,630.880332554696,-2.90430098277791e-49,3.78701478573249e-56,-183740.2467011,720.707151957191,720.70715195719,1.09558061037272e-07,1.42209898100084e-32,5883.75087388476,-2.12986847908639e-29,2.4169938726321e-36,-639468.616766455,"MPA"
"1419","Lutjanus","MT_60",2056,236.043867354736,236.043867351631,0.00134395152233472,5.74800036580064e-44,1927.02996719177,-2.43587358111581e-40,2.98283081864233e-47,-343252.82198656,77.2772296882725,77.2772296389392,0.0420681766076047,1.1442908168619e-54,630.92240068197,-1.39082869591206e-50,1.81380011056722e-57,-183740.2467011,720.707151970611,720.70715197061,5.61637394828552e-08,2.06304043675488e-33,5883.75087394092,-3.089349368421e-30,3.50633546690728e-37,-639468.616766455,"MPA"
"1420","Lutjanus","MT_60",2057,236.044031976464,236.044031974498,0.00096463807709368,4.83019263021276e-45,1927.03093182788,-2.04651521244929e-41,2.5065477509203e-48,-343252.82198656,77.2823826597097,77.2823826224394,0.0351973059828966,5.48171911030822e-56,630.957597950683,-6.66140822080443e-52,8.68842048509049e-59,-183740.2467011,720.707151977491,720.70715197749,2.87916632320403e-08,2.993251241174e-34,5883.75087396972,-4.48172226782095e-31,5.08731811612059e-38,-639468.616766455,"MPA"
"1421","Lutjanus","MT_60",2058,236.044150135808,236.044150134563,0.000692380689559359,4.05971702320269e-46,1927.03162420733,-1.71973819949979e-42,2.10672125504273e-49,-343252.82198656,77.2866940120825,77.2866939839261,0.0294479293487721,2.62633439726795e-57,630.987045851875,-3.19093120525078e-53,4.16245783535238e-60,-183740.2467011,720.707151981017,720.707151981017,1.47600176567677e-08,4.34340711666146e-35,5883.75087398448,-6.50250014571964e-32,7.38203776756953e-39,-639468.616766455,"MPA"
"1422","Lutjanus","MT_60",2059,236.044234946132,236.044234945342,0.000496964429964539,3.41277462779295e-47,1927.03212117097,-1.44541791230273e-43,1.77100084135813e-50,-343252.82198656,77.2903011180689,77.2903010967971,0.024637203016208,1.25844884648028e-58,631.01168303362,-1.52871471313341e-54,1.99441312589062e-61,-183740.2467011,720.707151982825,720.707151982825,7.56672561454037e-09,6.3032537873028e-36,5883.75087399204,-9.43556124536853e-33,1.07129855126484e-39,-639468.616766455,"MPA"
"1423","Lutjanus","MT_60",2060,236.044295819758,236.044295819257,0.000356701982105045,2.86943968614072e-48,1927.03247787245,-1.21508070053549e-44,1.48904611117643e-51,-343252.82198656,77.2933189537095,77.2933189376376,0.0206120298710071,6.03076958812066e-60,631.032295047419,-7.3247315397706e-56,9.5573025831219e-63,-183740.2467011,720.707151983752,720.707151983752,3.87887011476264e-09,9.14832044115562e-37,5883.75087399592,-1.36931067149796e-33,1.55484496829972e-40,-639468.616766455,"MPA"
"1424","Lutjanus","MT_60",2061,236.044339512517,236.044339512199,0.000256026920600676,2.4130234694701e-49,1927.03273389905,-1.02163203395858e-45,1.25219657539696e-52,-343252.82198656,77.2958437420767,77.295843729932,0.0172442390186411,2.89041878275005e-61,631.049539274293,-3.51003878783419e-57,4.58046094546283e-64,-183740.2467011,720.707151984227,720.707151984227,1.98878049958455e-09,1.32787175596415e-37,5883.75087399791,-1.98736925864785e-34,2.25684564897686e-41,-639468.616766455,"MPA"
"1425","Lutjanus","MT_60",2062,236.044370873499,236.044370873297,0.000183766210979131,2.02954382618265e-50,1927.03291766506,-8.59129965510035e-47,1.05319634196168e-53,-343252.82198656,77.2979560064986,77.29795599732,0.0144265408180851,1.38547549751577e-62,631.063965805932,-1.68223148572636e-58,2.19550987886479e-65,-183740.2467011,720.707151984471,720.707151984471,1.01969968627685e-09,1.92754868399537e-38,5883.75087399893,-2.88465136765016e-35,3.27605421316154e-42,-639468.616766455,"MPA"
"1426","Lutjanus","MT_60",2063,236.0443933832,236.044393383072,0.000131900252116888,1.70728259641478e-51,1927.03304956518,-7.22596239817032e-48,8.85964417506465e-55,-343252.82198656,77.2997231283149,77.2997231213766,0.0120691343087011,6.64180472506132e-64,631.076034933303,-8.06328410896671e-60,1.05247725824871e-66,-183740.2467011,720.707151984595,720.707151984595,5.22743329649352e-10,2.7982445224969e-39,5883.75087399945,-4.18738174264456e-36,4.75588545881967e-43,-639468.616766455,"MPA"
"1427","Lutjanus","MT_60",2064,236.044409539792,236.044409539711,9.46728695930115e-05,1.43641613907807e-52,1927.03314423797,-6.07858697537269e-49,7.45402959955588e-56,-343252.82198656,77.3012014890749,77.301201483829,0.0100968630189697,3.18435607176413e-65,631.086131791076,-3.86535407416533e-61,5.04591506492159e-68,-183740.2467011,720.707151984659,720.707151984659,2.68057176348839e-10,4.06250591307301e-40,5883.75087399972,-6.07887008107587e-37,6.90461917928137e-44,-639468.616766455,"MPA"
"1428","Lutjanus","MT_60",2065,236.044421136367,236.044421136315,6.7952496597322e-05,1.20870673806477e-53,1927.03321219042,-5.11419717781732e-50,6.27237129615005e-57,-343252.82198656,77.3024382643507,77.3024382603832,0.00844683136172027,1.5268785048043e-66,631.09457861847,-1.85317526017584e-62,2.41944550496889e-69,-183740.2467011,720.707151984692,720.707151984692,1.37530522782308e-10,5.89831056383525e-41,5883.75087399986,-8.82533511658058e-38,1.00247455919656e-44,-639468.616766455,"MPA"
"1429","Micropogonias","MT",2015,423.0465276,423.0465276,140.817580967312,5.73918177251624,558.124926794796,-36028.3219325629,0.0135663133912844,-93870.0340761257,223.2301066,223.2301066,53.584201161209,1.71052552891206,275.103782232297,-19889.9583660359,0.00766261126227522,-63581.7127132725,605.1753686,605.1753686,327.302061976983,20.6196317620216,911.857798814961,-94508.6243919666,0.0340721596282457,-171082.882361673,"MPA"
"1430","Micropogonias","MT",2016,558.124926794796,557.863524205825,144.317622262313,0.329777994097484,701.85136847404,-1568.89242166575,0.000591151651181315,-59410.6045652286,275.103782232297,275.103733538037,55.3315353036295,0.0709595815986464,330.364309260068,-669.384665762258,0.000257938025426745,-44361.1390129989,911.857798814961,911.855681394217,380.405268119651,1.71861397689175,1290.54233553698,-5216.65034010636,0.00188491961163415,-81790.9083098131,"MPA"
"1431","Micropogonias","MT",2017,701.85136847404,701.832747569553,126.005549272196,0.0180896989373777,827.820207142812,-68.3587529826304,2.5774344661979e-05,-57910.0708965455,330.364309260068,330.361724796817,52.7521332060653,0.00286892206791904,383.110989080814,-22.5313967796327,8.68411785682466e-06,-43714.2857440162,1290.54233553698,1290.4296933423,341.324555923087,0.134853272143188,1631.61939599324,-288.559081657737,0.000104495670413014,-76862.8170513644,"MPA"
"1432","Micropogonias","MT",2018,827.820207142812,827.798303490343,91.2712264979067,0.000930809482192169,919.068599178768,-2.980240248053,1.12441079305439e-06,-57844.6923838109,383.110989080814,383.107398247692,46.0167250541978,0.000112029399185288,429.124011272491,-0.758531156372361,2.92420218164909e-07,-43692.512878393,1631.61939599324,1631.46852717456,207.135612191391,0.00947136548792335,1838.59466800046,-15.9953973982474,5.80486602447746e-06,-76590.2533671049,"MPA"
"1433","Micropogonias","MT",2019,919.068599178768,919.089435421412,55.2099624710443,4.51082112929052e-05,974.299352784245,-0.130006711183305,4.90803478475151e-08,-57841.842150274,429.124011272491,429.126155076648,36.7325250975342,4.22612921235685e-06,465.858675948053,-0.0255407282584278,9.84827020088634e-09,-43691.7798879649,1838.59466800046,1838.75077946159,79.9667902102837,0.000594062984507285,1918.71697560889,-0.888508372946575,3.23107817912108e-07,-76575.1464780797,"MPA"
"1434","Micropogonias","MT",2020,974.299352784245,974.278206116416,28.9335435997529,2.08845120077084e-06,1003.21174762772,-0.0056745908121783,2.14354171683908e-09,-57841.7178181536,465.858675948053,465.85699531825,27.0403598032219,1.54538626655388e-07,492.897354966933,-0.000860138529172744,3.31728557858788e-10,-43691.7552073751,1918.71697560889,1918.53097140003,21.4630565240792,3.45737999864482e-05,1939.99399335031,-0.0494545411292272,1.80191975850768e-08,-76574.3074242478,"MPA"
"1435","Micropogonias","MT",2021,1003.21174762772,1003.23325466322,13.8403295750247,9.39695072689413e-08,1017.07358414428,-0.000247828705963537,9.36686643167738e-11,-57841.7123913915,492.897354966933,492.898619688869,18.612972034388,5.50848356230037e-09,511.511591717749,-2.89719998881339e-05,1.11757214848664e-11,-43691.7543762086,1939.99399335031,1940.22285046407,5.05704929411785,1.95310990047561e-06,1945.27989780508,-0.00275798144475333,1.00676227943327e-09,-76574.2607276881,"MPA"
"1436","Micropogonias","MT",2022,1017.07358414428,1017.05154658171,6.27790908168754,4.16527374583774e-09,1023.32945565923,-1.08295527473484e-05,4.09535150935994e-12,-57841.7121543924,511.511591717749,511.510585182754,12.1738738107563,1.92616294935386e-10,523.684458993317,-9.76028164263904e-07,3.76562912989088e-13,-43691.7543482126,1945.27989780508,1944.99722426441,0.924645745803625,1.09616206511272e-07,1945.9218699006,-0.000154092722071479,5.6349766908113e-11,-76574.2581237994,"MPA"
"1437","Micropogonias","MT",2023,1023.32945565923,1023.35207211207,2.79576030109146,1.83330335801548e-10,1026.14783241298,-4.73484546050419e-07,1.7915084077018e-13,-57841.7121440363,523.684458993317,523.685280234777,7.68188179939586,6.64565734534363e-12,531.367162034167,-3.28865675439618e-08,1.26901939314337e-14,-43691.7543472695,1945.9218699006,1946.27039500674,0.421243954346178,6.14788146084819e-09,1946.69163895493,-8.62476421575379e-06,3.15937038378864e-12,-76574.2579783315,"MPA"
"1438","Micropogonias","MT",2024,1026.14783241298,1026.1246464266,1.21292780726818,8.0460646203807e-12,1027.33757423386,-2.07125118073893e-08,7.84103859744323e-15,-57841.7121435835,531.367162034167,531.366478065957,4.73241179601994,2.27280360416775e-13,536.098889861977,-1.10827009659135e-09,4.27727523837776e-16,-43691.7543472377,1946.69163895493,1946.26391083987,0.00380647373150521,3.45397204331895e-10,1946.26771731326,-4.83565766104019e-07,1.77427642652201e-13,-76574.2579701903,"MPA"
"1439","Micropogonias","MT",2025,1027.33757423386,1027.36130776695,0.542132678654031,3.52748158560352e-13,1027.9034404456,-9.06540501144145e-10,3.43361482510696e-16,-57841.7121435637,536.098889861977,536.099467282015,2.87178977298449,7.72998693677059e-15,538.971257054999,-3.73544467056985e-11,1.44189571768266e-17,-43691.7543472366,1946.26771731326,1946.60935052325,0.152090107345824,1.94234240689787e-11,1946.76144063058,-2.71566592891891e-08,9.97983160249431e-15,-76574.2579697339,"MPA"
"1440","Micropogonias","MT",2026,1027.9034404456,1027.87917382879,0.222542064212987,1.54632647135007e-14,1028.101715893,-3.96976733214764e-11,1.50434995854254e-17,-57841.7121435629,538.971257054999,538.970764944429,1.72592672258723,2.62019322801562e-16,540.696691667017,-1.25923735710583e-12,4.86147117136954e-19,-43691.7543472366,1946.76144063058,1946.46595074038,0.000107361500030614,1.09443002936757e-12,1946.46605810188,-1.52748941333694e-09,5.62179856280435e-16,-76574.2579697082,"MPA"
"1441","Micropogonias","MT",2027,1028.101715893,1028.12651636581,0.11047648802274,6.7794986762881e-16,1028.23699285383,-1.73925118045543e-12,6.59419048896488e-19,-57841.7121435628,540.696691667017,540.697113939137,1.03165462554796,8.86384160845814e-18,541.728768564685,-4.24561533194534e-14,1.63933712635772e-20,-43691.7543472366,1946.46605810188,1946.61584294493,0.0028922817428183,6.17296119112688e-14,1946.61873522668,-8.60459264641126e-11,3.17136841296137e-17,-76574.2579697068,"MPA"
"1442","Micropogonias","MT",2028,1028.23699285383,1028.21164264376,0.0339929335166503,2.97357252240604e-17,1028.24563557728,-7.62385948259013e-14,2.89191363198073e-20,-57841.7121435628,541.728768564685,541.728404345356,0.614237715335507,2.99513852562309e-19,542.342642060692,-1.43166270915052e-15,5.52885262828092e-22,-43691.7543472366,1946.61873522668,1946.57929057115,0,3.48728978193742e-15,1946.57929057115,-4.85402167143522e-12,1.79146024354449e-18,-76574.2579697067,"MPA"
"1443","Micropogonias","MT",2029,1028.24563557728,1028.27156547605,0.0291057828044919,1.30470731024791e-18,1028.30067125885,-3.34347985433925e-15,1.26886732165591e-21,-57841.7121435628,542.342642060692,542.342957503875,0.36520259353139,1.01144241047149e-20,542.708160097407,-4.82844357927408e-17,1.86495092208078e-23,-43691.7543472366,1946.57929057115,1946.63520240884,0,1.97241903196766e-16,1946.63520240884,-2.74196681606521e-13,1.01327442935185e-19,-76574.2579697067,"MPA"
"1444","Micropogonias","MT",2030,1028.30067125885,1028.2741207643,0.000574753959427258,5.72756562561386e-20,1028.27469551826,-1.46699823471972e-16,5.56993289826683e-23,-57841.7121435628,542.708160097407,542.707885958317,0.216651352973956,3.41453266793269e-22,542.924537311291,-1.6286935669579e-18,6.29165529322365e-25,-43691.7543472366,1946.63520240884,1946.62707374609,0,1.11702313824324e-17,1946.62707374609,-1.55089392773031e-14,5.73822532347846e-21,-76574.2579697067,"MPA"
"1445","Micropogonias","MT",2031,1028.27469551826,1028.29933311427,0.0126951913489991,2.51530975900019e-21,1028.31202830562,-6.43966608024531e-18,2.4461456746328e-24,-57841.7121435628,542.924537311291,542.924776262006,0.128618420346301,1.15256779257491e-23,543.053394682352,-5.49460897717206e-20,2.12288764515764e-26,-43691.7543472366,1946.62707374609,1946.63923029956,0,6.33305960889008e-19,1946.63923029956,-8.78279227658711e-16,3.25335021088678e-22,-76574.2579697067,"MPA"
"1446","Micropogonias","MT",2032,1028.31202830562,1028.28751948645,0.000174666539505175,1.10518224019543e-22,1028.28769415299,-2.8281060610357e-19,1.07475380195755e-25,-57841.7121435628,543.053394682352,543.053185857287,0.0761595113859826,3.89041252305047e-25,543.129345368673,-1.85395342344327e-21,7.16395949520514e-28,-43691.7543472366,1946.63923029956,1946.63738938914,0,3.59455655672179e-20,1946.63738938914,-4.97950104579956e-17,1.84654480554358e-23,-76574.2579697067,"MPA"
"1447","Micropogonias","MT",2033,1028.28769415299,1028.30501144193,0.0054402505423249,4.85780774515916e-24,1028.31045169247,-1.24257431419236e-20,4.72417172945316e-27,-57841.7121435628,543.129345368673,543.129528294534,0.0452276863570117,1.31324562816046e-26,543.174755980891,-6.2564055895382e-23,2.41792427402976e-29,-43691.7543472366,1946.63738938914,1946.64010042253,0,2.04232077375769e-21,1946.64010042253,-2.8262778979985e-18,1.04915316242509e-24,-76574.2579697067,"MPA"
"1448","Micropogonias","MT",2034,1028.31045169247,1028.29948932818,1.27237448812032e-06,2.13625112891997e-25,1028.29949060055,-5.46184099011953e-22,2.07743794069065e-28,-57841.7121435628,543.174755980891,543.174595402566,0.0267295377488822,4.43337775453598e-28,543.201324940315,-2.11161358498869e-24,8.1619731143369e-31,-43691.7543472366,1946.64010042253,1946.63967606564,0,1.16152600155748e-22,1946.63967606564,-1.60580906741292e-19,5.96682458908228e-26,-76574.2579697067,"MPA"
"1449","Micropogonias","MT",2035,1028.29949060055,1028.30455940407,7.92446012921067e-06,9.39791347206992e-27,1028.30456732853,-2.40182542473242e-23,9.13927654509348e-30,-57841.7121435628,543.201324940315,543.201466172155,0.0159051582085362,1.49682406776793e-29,543.217371330364,-7.12798700655229e-26,2.75556041377881e-32,-43691.7543472366,1946.63967606564,1946.64029278268,0,6.61203327503605e-24,1946.64029278268,-9.13268088322026e-21,3.39663953010157e-27,-76574.2579697067,"MPA"
"1450","Micropogonias","MT",2036,1028.30456732853,1028.30320277901,0,4.13613218588249e-28,1028.30320277901,-1.05663549680348e-24,4.02228319916502e-31,-57841.7121435628,543.217371330364,543.217246897073,0.00936723395056582,5.05428922637384e-31,543.226614131023,-2.40647674350236e-27,9.30435861089609e-34,-43691.7543472366,1946.64029278268,1946.64019366287,0,3.76721855486611e-25,1946.64019366287,-5.19881629412651e-22,1.93524123022026e-28,-76574.2579697067,"MPA"
"1451","Micropogonias","MT",2037,1028.30320277901,1028.304715826,0,1.82107331982922e-29,1028.304715826,-4.6503540940119e-26,1.77094976596247e-32,-57841.7121435628,543.226614131023,543.226723938309,0.00560118165548687,1.70688835912503e-32,543.232325119964,-8.12565105529718e-29,3.14212948091494e-35,-43691.7543472366,1946.64019366287,1946.64033598538,0,2.14815055271463e-26,1946.64033598538,-2.96203454970023e-23,1.10351700312819e-29,-76574.2579697067,"MPA"
"1452","Micropogonias","MT",2038,1028.304715826,1028.30439707049,0,8.0210305022199e-31,1028.30439707049,-2.04747977192601e-27,7.80024673508574e-34,-57841.7121435628,543.232325119964,543.232228078929,0.00327412994364473,5.76511337098805e-34,543.235502208873,-2.74407389491914e-30,1.06126110405093e-36,-43691.7543472366,1946.64033598538,1946.64031260946,0,1.22587702448026e-27,1946.64031260946,-1.68901707873053e-24,6.29739866080844e-31,-76574.2579697067,"MPA"
"1453","Micropogonias","MT",2039,1028.30439707049,1028.30473662283,0,3.53424289218687e-32,1028.30473662283,-9.01823852715275e-29,3.43696176020639e-35,-57841.7121435628,543.235502208873,543.235588081453,0.00197954309959077,1.94745974268296e-35,543.237567624552,-9.26816956110854e-32,3.58492722718031e-38,-43691.7543472366,1946.64031260946,1946.64034580463,0,7.00081155336024e-29,1946.64034580463,-9.63864975311162e-26,3.59635599241658e-32,-76574.2579697067,"MPA"
"1454","Micropogonias","MT",2040,1028.30473662283,1028.30466160522,0,1.55784038396703e-33,1028.30466160522,-3.97363596420075e-30,1.51495984458919e-36,-57841.7121435628,543.237567624552,543.237491543063,0.00113792807156526,6.57941910804622e-37,543.238629471135,-3.13077650767752e-33,1.21114950443316e-39,-43691.7543472366,1946.64034580463,1946.64034025184,0,4.00084198281564e-30,1946.64034025184,-5.50449759736296e-27,2.05525483505302e-33,-76574.2579697067,"MPA"
"1455","Micropogonias","MT",2041,1028.30466160522,1028.30473906515,0,6.86918565412721e-35,1028.30473906515,-1.75151757367193e-31,6.68010747190241e-38,-57841.7121435628,543.238629471135,543.238696952592,0.000705244619618903,2.2231282141421e-38,543.239402197211,-1.05771698309947e-34,4.0923603247166e-41,-43691.7543472366,1946.64034025184,1946.64034805742,0,2.28791119788027e-31,1946.64034805742,-3.14572454044939e-28,1.17531274297033e-34,-76574.2579697067,"MPA"
"1456","Micropogonias","MT",2042,1028.30473906515,1028.30472132186,0,3.0299775962802e-36,1028.30472132186,-7.72319191978617e-33,2.94657554437312e-39,-57841.7121435628,543.239402197211,543.239342282852,0.000390371528766295,7.51275652176875e-40,543.239732654381,-3.5739262551123e-36,1.38295500869573e-42,-43691.7543472366,1946.64034805742,1946.64034673098,0,1.3091697326118e-32,1946.64034673098,-1.79890594353496e-29,6.72527790723609e-36,-76574.2579697067,"MPA"
"1457","Micropogonias","MT",2043,1028.30472132186,1028.30473923764,0,1.33696886823455e-37,1028.30473923764,-3.40667699304153e-34,1.30016797596798e-40,-57841.7121435628,543.239732654381,543.239785899839,0.000255715426593645,2.53916670520821e-41,543.240041615265,-1.20775758272799e-37,4.67411817019049e-44,-43691.7543472366,1946.64034673098,1946.64034857819,0,7.49561035452495e-34,1946.64034857819,-1.02935516283786e-30,3.85053683239983e-37,-76574.2579697067,"MPA"
"1458","Micropogonias","MT",2044,1028.30473923764,1028.30473501962,0,5.90128996251481e-39,1028.30473501962,-1.50318641557722e-35,5.73885321864482e-42,-57841.7121435628,543.240041615265,543.239994255752,0.000129818574294339,8.58301593752046e-43,543.240124074326,-4.08198504305086e-39,1.579967469283e-45,-43691.7543472366,1946.64034857819,1946.6403482599,0,4.29396461297331e-35,1946.6403482599,-5.89354079161731e-32,2.20583356145379e-38,-76574.2579697067,"MPA"
"1459","Micropogonias","MT",2045,1028.30473501962,1028.30473920661,0,2.60562822608236e-40,1028.30473920661,-6.63496283459604e-37,2.53390666922864e-43,-57841.7121435628,543.240124074326,543.240166231944,9.6217739484125e-05,2.90164735333271e-44,543.240262449684,-1.37981183673754e-40,5.3413715679415e-47,-43691.7543472366,1946.6403482599,1946.64034869932,0,2.46114590137509e-36,1946.64034869932,-3.37619678496761e-33,1.26430437115668e-39,-76574.2579697067,"MPA"
"1460","Micropogonias","MT",2046,1028.30473920661,1028.30473819934,0,1.1508373325442e-41,1028.30473819934,-2.92957075849321e-38,1.11915980610231e-44,-57841.7121435628,543.240262449684,543.240224895081,3.98318262935087e-05,9.8108116549059e-46,543.240264726908,-4.66470851839069e-42,1.80598021412839e-48,-43691.7543472366,1946.64034869932,1946.64034862266,0,1.41133969319051e-37,1946.64034862266,-1.9351144291711e-34,7.25013068866865e-41,-76574.2579697067,"MPA"
"1461","Micropogonias","MT",2047,1028.30473819934,1028.30473918566,0,5.08449286555088e-43,1028.30473918566,-1.29391420838646e-39,4.94453898408198e-46,-57841.7121435628,543.240264726908,543.24029820381,3.89038910189374e-05,3.3175696732779e-47,543.240337107701,-1.57719252100549e-43,6.1070025339714e-50,-43691.7543472366,1946.64034862266,1946.64034872764,0,8.09710330828106e-39,1946.64034872764,-1.10968789075559e-35,4.15952711244788e-42,-76574.2579697067,"MPA"
"1462","Micropogonias","MT",2048,1028.30473918566,1028.30473894419,0,2.24703506009949e-44,1028.30473894419,-5.71661813669168e-41,2.18518399699212e-47,-57841.7121435628,543.240337107701,543.240307246903,9.52109547655515e-06,1.12199132050983e-48,543.240316767999,-5.33334675885585e-45,2.06536820607694e-51,-43691.7543472366,1946.64034872764,1946.64034870912,0,4.64751815721242e-40,1946.64034870912,-6.36647402117438e-37,2.38745598808233e-43,-76574.2579697067,"MPA"
"1463","Micropogonias","MT",2049,1028.30473894419,1028.30473917799,0,9.93337727836427e-46,1028.30473917799,-2.52639578925973e-42,9.65995478009714e-49,-57841.7121435628,543.240316767999,543.240343307631,1.76996377401452e-05,3.79500630608906e-50,543.240361007269,-1.80372036309043e-46,6.98587013688357e-53,-43691.7543472366,1946.64034870912,1946.64034873429,0,2.66867597218041e-41,1946.64034873429,-3.65418378433851e-38,1.37091372525494e-44,-76574.2579697067,"MPA"
"1464","Micropogonias","MT",2050,1028.30473917799,1028.3047391199,0,4.39243495651164e-47,1028.3047391199,-1.11683359911415e-43,4.27153040257597e-50,-57841.7121435628,543.240361007269,543.240337340592,8.28108645126325e-07,1.28377392292306e-51,543.240338168701,-6.10087643555203e-48,2.36317846588553e-54,-43691.7543472366,1946.64034873429,1946.6403487298,0,1.53300868210011e-42,1946.6403487298,-2.09828819025791e-39,7.87515106782247e-46,-76574.2579697067,"MPA"
"1465","Micropogonias","MT",2051,1028.3047391199,1028.3047391756,0,1.9428157018089e-48,1028.3047391756,-4.93852070929324e-45,1.88933846932527e-51,-57841.7121435628,543.240338168701,543.240358177387,8.98931912578466e-06,4.34327064611073e-53,543.240367166706,-2.06380300998788e-49,7.99511807376384e-56,-43691.7543472366,1946.6403487298,1946.64034873585,0,8.80965054165566e-44,1946.64034873585,-1.20535203475594e-40,4.52556659857792e-47,-76574.2579697067,"MPA"
"1466","Micropogonias","MT",2052,1028.3047391756,1028.30473916159,0,8.5955236702224e-50,1028.30473916159,-2.18435461725852e-46,8.35892643761762e-53,-57841.7121435628,543.240367166706,543.240349869542,2.85612397961905e-07,1.46959269100482e-54,543.240350155155,-6.9822694237934e-51,2.70523469873232e-57,-43691.7543472366,1946.64034873585,1946.64034873476,0,5.06442191837748e-45,1946.64034873476,-6.92672541903086e-42,2.60162177449281e-48,-76574.2579697067,"MPA"
"1467","Micropogonias","MT",2053,1028.30473916159,1028.30473917492,0,3.80385752823475e-51,1028.30473917492,-9.66415486466814e-48,3.69915394082115e-54,-57841.7121435628,543.240350155155,543.24036253632,4.13266366245319e-06,4.97311040096627e-56,543.240366668983,-2.3625264001389e-52,9.15453058582471e-59,-43691.7543472366,1946.64034873476,1946.64034873622,0,2.91239689598485e-46,1946.64034873622,-3.98198088207259e-43,1.49611452258132e-49,-76574.2579697067,"MPA"
"1468","Micropogonias","MT",2054,1028.30473917492,1028.30473917153,0,1.68377512334485e-52,1028.30473917153,-4.27676889121322e-49,1.63742814673389e-55,-57841.7121435628,543.240366668983,543.240357984123,6.45210464863185e-08,1.68309901458483e-57,543.240358048644,-7.99480363002681e-54,3.09825837301096e-60,-43691.7543472366,1946.64034873622,1946.64034873596,0,1.67538086167612e-47,1946.64034873596,-2.28991757553667e-44,8.60652489179005e-51,-76574.2579697067,"MPA"
"1469","Micropogonias","MT",2055,1028.30473917153,1028.30473917473,0,7.45501879836487e-54,1028.30473917473,-1.89310903833158e-50,7.24981468467325e-57,-57841.7121435628,543.240358048644,543.24036340952,9.61266529951748e-07,5.69693141468024e-59,543.240364370786,-2.70576050353659e-55,1.04869443705094e-61,-43691.7543472366,1946.64034873596,1946.64034873631,0,9.64077896634436e-49,1946.64034873631,-1.31729438599394e-45,4.95252190400993e-52,-76574.2579697067,"MPA"
"1470","Micropogonias","MT",2056,1028.30473917473,1028.3047391739,0,3.30152926124856e-55,1028.3047391739,-8.38185769138025e-52,3.21065257746282e-58,-57841.7121435628,543.240364370786,543.240361706698,4.76994155718294e-11,1.92850810577946e-60,543.240361706745,-9.15842272145245e-57,3.55000885844576e-63,-43691.7543472366,1946.64034873631,1946.64034873625,0,5.54932262702903e-50,1946.64034873625,-7.5802131321175e-47,2.8507179719312e-53,-76574.2579697067,"MPA"
"1471","Micropogonias","MT",2057,1028.3047391739,1028.30473917467,0,1.46244769386683e-56,1028.30473917467,-3.71198908816929e-53,1.42219289492111e-59,-57841.7121435628,543.240361706745,543.24036326818,8.17817220767157e-11,6.52905671562035e-62,543.240363268262,-3.10028170665908e-58,1.20187253669892e-64,-43691.7543472366,1946.64034873625,1946.64034873633,0,3.19514937547909e-51,1946.64034873633,-4.36324164246502e-48,1.64136604768999e-54,-76574.2579697067,"MPA"
"1472","Micropogonias","MT",2058,1028.30473917467,1028.30473917447,0,6.47949902873708e-58,1028.30473917447,-1.64426526378971e-54,6.3011467144823e-61,-57841.7121435628,543.240363268262,543.240362845651,0,2.21068713113341e-63,543.240362845651,-1.04961525106971e-59,4.06944564618498e-66,-43691.7543472366,1946.64034873633,1946.64034873632,0,1.84017924094354e-52,1946.64034873632,-2.51223613150254e-49,9.45310335387889e-56,-76574.2579697067,"MPA"
"1473","Micropogonias","MT",2059,1028.30473917447,1028.30473917466,0,2.87141263329356e-59,1028.30473917466,-7.28505725325023e-56,2.7923751820873e-62,-57841.7121435628,543.240362845651,543.240363240575,0,7.48602642135267e-65,543.240363240575,-3.5539144819539e-61,1.37803207076473e-67,-43691.7543472366,1946.64034873632,1946.64034873634,0,1.06008724866679e-53,1946.64034873634,-1.44686968722578e-50,5.44572729808544e-57,-76574.2579697067,"MPA"
"1474","Micropogonias","MT",2060,1028.30473917466,1028.30473917461,0,1.27274134148866e-60,1028.30473917461,-3.22839857502546e-57,1.23770833003278e-63,-57841.7121435628,543.240363240575,543.24036313641,0,2.53525722765302e-66,543.24036313641,-1.20345829842372e-62,4.66691615573203e-69,-43691.7543472366,1946.64034873634,1946.64034873633,0,6.10844511450849e-55,1946.64034873633,-8.33510166718391e-52,3.13794231095322e-58,-76574.2579697067,"MPA"
"1475","Micropogonias","MT",2061,1028.30473917461,1028.30473917466,0,5.64251105617386e-62,1028.30473917466,-1.43097382995221e-58,5.48719736593155e-65,-57841.7121435628,543.24036313641,543.240363231543,0,8.58694488499161e-68,543.240363231543,-4.07569540275449e-64,1.58068977706561e-70,-43691.7543472366,1946.64034873633,1946.64034873634,0,3.5206484786447e-56,1946.64034873634,-4.80286043642848e-53,1.80857675169948e-59,-76574.2579697067,"MPA"
"1476","Micropogonias","MT",2062,1028.30473917466,1028.30473917465,0,2.50201463148442e-63,1028.30473917465,-6.34401146045676e-60,2.43314509421847e-66,-57841.7121435628,543.240363231543,543.240363205886,0,2.90871163828105e-69,543.240363205886,-1.38044263976201e-65,5.35437319307094e-72,-43691.7543472366,1946.64034873634,1946.64034873634,0,2.02961273994306e-57,1946.64034873634,-2.76816488839245e-54,1.04262337994822e-60,-76574.2579697067,"MPA"
"1477","Micropogonias","MT",2063,1028.30473917465,1028.30473917466,0,1.10966003210145e-64,1028.30473917466,-2.81307547975461e-61,1.07911593696641e-67,-57841.7121435628,543.240363205886,543.240363228858,0,9.85388267524581e-71,543.240363228858,-4.67606305307759e-67,1.81390841746256e-73,-43691.7543472366,1946.64034873634,1946.64034873634,0,1.17030232666712e-58,1946.64034873634,-1.59581473635424e-55,6.01190829845287e-62,-76574.2579697067,"MPA"
"1478","Micropogonias","MT",2064,1028.30473917466,1028.30473917465,0,4.92232522983358e-66,1028.30473917465,-1.24761757500848e-62,4.78683511055718e-69,-57841.7121435628,543.240363228858,543.240363222542,0,3.33855252074295e-72,543.240363222542,-1.5841163525059e-68,6.14562677356965e-75,-43691.7543472366,1946.64034873634,1946.64034873634,0,6.74952795606478e-60,1946.64034873634,-9.20168494280066e-57,3.46727014080759e-63,-76574.2579697067,"MPA"
"1479","Micropogonias","MT",2065,1028.30473917465,1028.30473917466,0,2.18387911166939e-67,1028.30473917466,-5.53428914170942e-64,2.12376645606266e-70,-57841.7121435628,543.240363222542,543.240363228101,0,1.13123421306029e-73,543.240363228101,-5.36707794874697e-70,2.08238247679117e-76,-43691.7543472366,1946.64034873634,1946.64034873634,0,3.89345766435245e-61,1946.64034873634,-5.30692183969307e-58,2.00009090887276e-64,-76574.2579697067,"MPA"
"1480","Micropogonias","MT_20",2015,513.421977,513.421977,171.033181527262,8.36543997856316,676.089718548699,-43282.0925420177,0.0162934980451044,-113558.622613373,273.5374602,273.5374602,64.9590564916745,2.48342240354232,336.013094288132,-23561.0879839385,0.00907891153820956,-75955.2384934176,735.1614422,735.1614422,398.825600034667,30.1425116470147,1103.84453058765,-113931.603659931,0.041001214041928,-208193.856978051,"MPA"
"1481","Micropogonias","MT_20",2016,676.089718548699,675.708677929639,175.438501616206,0.582739789104602,850.564439756741,-2289.36612835548,0.000862425820856434,-72565.8961997109,336.013094288132,336.013021394042,66.748385006854,0.123170390204616,402.638236010691,-951.074419139542,0.000366565165898321,-53345.2249286187,1103.84453058765,1103.84124780486,464.671130240522,3.07680015494219,1565.43557789044,-7727.60733826537,0.00278769790439253,-101989.860656385,"MPA"
"1482","Micropogonias","MT_20",2017,850.564439756741,850.531055188079,153.540326854534,0.0388504481634915,1004.03253159445,-121.167624790394,4.56765603871695e-05,-70397.6976961459,402.638236010691,402.634366349274,63.3106824121753,0.00596014536315981,465.939088616086,-38.3977444742304,1.48027345012309e-05,-52432.5482539534,1565.43557789044,1565.26080879779,420.766679999498,0.297372492525993,1985.73011630476,-525.34434048355,0.000189967746934464,-94787.5976586036,"MPA"
"1483","Micropogonias","MT_20",2018,1004.03253159445,1003.99963570337,111.495995047786,0.00243037728961171,1115.49320037387,-6.4169191580662,2.42061644021213e-06,-70282.9469905135,465.939088616086,465.933788680392,54.9328978814308,0.000278570273139764,520.866407991549,-1.55049933040505,5.97868434134825e-07,-52395.7010088096,1985.73011630476,1985.49220117886,258.597998549201,0.0257628575677777,2244.06443687049,-35.7958522019816,1.29739388737516e-05,-94298.049170322,"MPA"
"1484","Micropogonias","MT_20",2019,1115.49320037387,1115.52329079659,67.5936508375734,0.000143180117774728,1183.11679845405,-0.340044812345963,1.28355896432955e-07,-70276.8701161678,520.866407991549,520.869542180256,43.6272454781722,1.25796357158274e-05,564.496775078792,-0.0626200860626908,2.41513668908098e-08,-52394.2131295652,2244.06443687049,2244.29219697099,101.125631503132,0.00199262098313477,2345.41583585314,-2.44453752134121,8.87954475246327e-07,-94264.6978556414,"MPA"
"1485","Micropogonias","MT_20",2020,1183.11679845405,1183.08649196239,35.4761761242257,8.05724710846385e-06,1218.56266002937,-0.0180306774470575,6.81018723180135e-09,-70276.5481020329,564.496775078792,564.494303967648,31.9742537524082,5.50821828995531e-07,596.468557169234,-0.00252948783388605,9.75774979880956e-10,-52394.153038967,2345.41583585314,2345.15256998994,27.3271144917772,0.000142831678252818,2372.47954165004,-0.167303329341146,6.08980907067248e-08,-94262.4206214494,"MPA"
"1486","Micropogonias","MT_20",2021,1218.56266002937,1218.59330244393,16.9876371987371,4.40554459930233e-07,1235.58093920211,-0.000956638725274903,3.61536158413364e-10,-70276.5310279942,596.468557169234,596.470423113261,21.9328017261301,2.35188729235273e-08,618.403224815872,-0.000102194608713543,3.94301973299913e-11,-52394.1506116738,2372.47954165004,2372.79714074476,6.47508688814551,9.92839253492636e-06,2379.27221770451,-0.0114739943011766,4.18482525611313e-09,-94262.2647921144,"MPA"
"1487","Micropogonias","MT_20",2022,1235.58093920211,1235.54965777038,7.70676358325248,2.37280003689222e-08,1243.2564213299,-5.07851959217019e-05,1.92039223754726e-11,-70276.5301221407,618.403224815872,618.401736295138,14.3088373565265,9.85486593329313e-10,632.710573650679,-4.12951104459147e-06,1.59359873011442e-12,-52394.1505136087,2379.27221770451,2378.88547367966,1.16565386496864,6.85523641841025e-07,2380.05112685911,-0.000788474304469127,2.8812275591571e-10,-94262.2541065944,"MPA"
"1488","Micropogonias","MT_20",2023,1243.2564213299,1243.28844489097,3.43516560163319,1.26890869720893e-09,1246.72361049133,-2.69757638481124e-06,1.02063312417447e-12,-70276.530074053,632.710573650679,632.711790075648,9.01367345646088,4.07571959768431e-11,641.725463532068,-1.66894886353443e-07,6.44168086645866e-14,-52394.1505096461,2380.05112685911,2380.52285046085,0.554899269787059,4.72993608437243e-08,2381.07774968334,-5.42859813554214e-05,1.98732829139545e-11,-94262.2533724061,"MPA"
"1489","Micropogonias","MT_20",2024,1246.72361049133,1246.69083534737,1.48810038352123,6.76638930100574e-11,1248.17893573082,-1.43368173615171e-07,5.42733716875405e-14,-70276.5300714988,641.725463532068,641.724449452277,5.5465818300995,1.67123829147053e-12,647.271031282374,-6.74620781246955e-09,2.60428857336661e-15,-52394.1505094859,2381.07774968334,2380.50374137164,0.00449523383308617,3.26958365897762e-09,2380.5082366022,-3.74437758160907e-06,1.37315118477863e-12,-94262.2533218644,"MPA"
"1490","Micropogonias","MT_20",2025,1248.17893573082,1248.2124474036,0.667592417734465,3.60424278780072e-12,1248.88003982133,-7.62376666925596e-09,2.88760098999609e-15,-70276.5300713631,647.271031282374,647.271887888019,3.3635931345734,6.81607429867605e-14,650.635481022592,-2.72739119810001e-10,1.05304794557893e-16,-52394.1505094794,2380.5082366022,2380.95739395505,0.19889334831246,2.26234183321123e-10,2381.15628730313,-2.58719068622563e-07,9.50360836154581e-14,-94262.2533183788,"MPA"
"1491","Micropogonias","MT_20",2026,1248.88003982133,1248.84580044812,0.271627697108224,1.91971706745934e-13,1249.11742814522,-4.05620438961045e-10,1.53715091957983e-16,-70276.5300713559,650.635481022592,650.634750729698,2.0205607284254,2.77085332404257e-15,652.655311458123,-1.10282131460655e-11,4.25868770659841e-18,-52394.1505094792,2381.15628730313,2380.77181295854,9.37554326680868e-05,1.56867509231497e-11,2380.77190671396,-1.79059985079577e-08,6.58787147776021e-15,-94262.253318138,"MPA"
"1492","Micropogonias","MT_20",2027,1249.11742814522,1249.15240494832,0.137456315517862,1.02264212743527e-14,1249.28986126384,-2.15923101066578e-11,8.18691729594257e-18,-70276.5300713555,652.655311458123,652.655938225551,1.20751880933991,1.12423057930053e-16,653.863457034891,-4.45997070209463e-13,1.72254873194169e-19,-52394.1505094792,2380.77190671396,2380.96268645166,0.00331093359070519,1.08885825716066e-12,2380.96599738525,-1.24123831355586e-09,4.57355122784597e-16,-94262.2533181213,"MPA"
"1493","Micropogonias","MT_20",2028,1249.28986126384,1249.2541182844,0.039965490749068,5.45013941366412e-16,1249.29408377515,-1.15001357602035e-12,4.36259005570141e-19,-70276.5300713554,653.863457034891,653.862916383571,0.718780399204844,4.5563999586972e-18,654.581696782776,-1.8039614552872e-14,6.96842729194874e-21,-52394.1505094792,2380.96599738525,2380.91596850937,0,7.57064964457948e-14,2380.91596850937,-8.61714858522768e-11,3.17965475213826e-17,-94262.2533181201,"MPA"
"1494","Micropogonias","MT_20",2029,1249.29408377515,1249.33063995786,0.0375779535565653,2.90568599443814e-17,1249.36821791141,-6.12811586965425e-14,2.32586223639035e-20,-70276.5300713554,654.581696782776,654.582165048723,0.427366613358444,1.84556297411861e-19,655.009531662082,-7.2977709308515e-16,2.81945398567596e-22,-52394.1505094792,2380.91596850937,2380.9875402383,0,5.27030170069234e-15,2380.9875402383,-5.99087151869952e-12,2.21356055313847e-18,-94262.2533181201,"MPA"
"1495","Micropogonias","MT_20",2030,1249.36821791141,1249.33080209427,0.00070103294320688,1.54997614557536e-18,1249.33150312721,-3.2671309010757e-15,1.24060797974784e-21,-70276.5300713554,655.009531662082,655.009124707201,0.253475006220712,7.47324623471403e-21,655.262599713422,-2.95270661574973e-17,1.14093702061841e-23,-52394.1505094792,2380.9875402383,2380.97711328951,0,3.6737793995241e-16,2380.97711328951,-4.17062784164971e-13,1.54296456751081e-19,-94262.2533181201,"MPA"
"1496","Micropogonias","MT_20",2031,1249.33150312721,1249.36484504069,0.0164581035979444,8.27121355067669e-20,1249.38130314429,-1.7426779084062e-16,6.62051129743483e-23,-70276.5300713554,655.262599713422,655.262954428872,0.150509512244769,3.02579546354193e-22,655.413463941117,-1.19485954871239e-18,4.6176837571029e-25,-52394.1505094792,2380.97711328951,2380.99272797957,0,2.56388228522289e-17,2380.99272797957,-2.90714025940351e-14,1.07681937281782e-20,-94262.2533181201,"MPA"
"1497","Micropogonias","MT_20",2032,1249.38130314429,1249.34908654423,0.000217250962277793,4.41616420140598e-21,1249.34930379519,-9.29981000930963e-18,3.53468095170739e-24,-70276.5300713554,655.413463941117,655.413153951623,0.089089690710539,1.22508813981375e-23,655.502243642333,-4.83592229602483e-20,1.86918366388211e-26,-52394.1505094792,2380.99272797957,2380.99036036539,0,1.79135110255595e-18,2380.99036036539,-2.02886378893892e-15,7.52354714359693e-22,-94262.2533181201,"MPA"
"1498","Micropogonias","MT_20",2033,1249.34930379519,1249.3716437949,0.00653335208046388,2.35879313497118e-22,1249.37817714698,-4.96515455025198e-19,1.88801729060935e-25,-70276.5300713554,655.502243642333,655.502515180067,0.0529324891347565,4.96042213362832e-25,655.555447669202,-1.95752388087525e-21,7.56736102961961e-28,-52394.1505094792,2380.99036036539,2380.99385124998,0,1.25292418791341e-19,2380.99385124998,-1.41753136675828e-16,5.26219764845351e-23,-94262.2533181201,"MPA"
"1499","Micropogonias","MT_20",2034,1249.37817714698,1249.36455018513,1.01217308419348e-06,1.26051498666991e-23,1249.36455119731,-2.65209155820255e-20,1.00891389046783e-26,-70276.5300713554,655.555447669202,655.555209309919,0.0312594544451817,2.00867860213655e-26,655.586468764364,-7.92500464414590e-23,3.06408650766618e-29,-52394.1505094792,2380.99385124998,2380.99330473228,0,8.7721867909096e-21,2380.99330473228,-9.91464541379454e-18,3.68425428217701e-24,-94262.2533181201,"MPA"
"1500","Micropogonias","MT_20",2035,1249.36455119731,1249.37104237674,1.85206685916992e-06,6.73874674153073e-25,1249.37104422881,-1.41721796853962e-21,5.39373931538687e-28,-70276.5300713554,655.586468764364,655.586678401312,0.0186211691982681,8.13487826374058e-28,655.60529957051,-3.20889924851811e-24,1.24085511995607e-30,-52394.1505094792,2380.99330473228,2380.99410017664,0,6.14755937949264e-22,2380.99410017664,-6.94160068992233e-19,2.58193056100927e-25,-94262.2533181201,"MPA"
"1501","Micropogonias","MT_20",2036,1249.37104422881,1249.36931818316,0,3.60412881433932e-26,1249.36931818316,-7.57656755848973e-23,2.88475455819962e-29,-70276.5300713554,655.60529957051,655.6051148725,0.0109487386322049,3.29493203400698e-29,655.616063611132,-1.2994995356983e-25,5.02578614951503e-32,-52394.1505094792,2380.99410017664,2380.99397245376,0,4.31207521169141e-23,2380.99397245376,-4.86468348473739e-20,1.81103985580558e-26,-94262.2533181201,"MPA"
"1502","Micropogonias","MT_20",2037,1249.36931818316,1249.37112300668,0,1.9283997032692e-27,1249.37112300668,-4.05220507328038e-24,1.54349852491132e-30,-70276.5300713554,655.616063611132,655.616226596171,0.00656283598168594,1.33474644532261e-30,655.622789432152,-5.26331124328772e-27,2.03586598828261e-33,-52394.1505094792,2380.99397245376,2380.99415623042,0,3.02716137713099e-24,2380.99415623042,-3.41222797005626e-21,1.27138556926229e-27,-94262.2533181201,"MPA"
"1503","Micropogonias","MT_20",2038,1249.37112300668,1249.37071622857,0,1.03221192555016e-28,1249.37071622857,-2.1681472103446e-25,8.26185195581943e-32,-70276.5300713554,655.622789432152,655.622645398636,0.00382226817375189,5.40766820720186e-32,655.62646766681,-2.13208361078578e-28,8.24813947064043e-35,-52394.1505094792,2380.99415623042,2380.99412610519,0,2.12681326717131e-25,2380.99412610519,-2.39545109184482e-22,8.9324589967014e-29,-94262.2533181201,"MPA"
"1504","Micropogonias","MT_20",2039,1249.37071622857,1249.37111993844,0,5.52725124016324e-30,1249.37111993844,-1.1605395784085e-26,4.42402816550736e-33,-70276.5300713554,655.62646766681,655.626595121209,0.00232347547164346,2.19119120973449e-33,655.628918596681,-8.63795703030991e-30,3.34213354361932e-36,-52394.1505094792,2380.99412610519,2380.99416900368,0,1.49536616794581e-26,2380.99416900368,-1.68298816456471e-23,6.28042779083044e-30,-94262.2533181201,"MPA"
"1505","Micropogonias","MT_20",2040,1249.37111993844,1249.37102393985,0,2.96083768497224e-31,1249.37102393985,-6.21441755255037e-28,2.36986243542227e-34,-70276.5300713554,655.628918596681,655.62880567636,0.00132477079713757,8.87994057882844e-35,655.630130447157,-3.50008701696088e-31,1.35441563469446e-37,-52394.1505094792,2380.99416900368,2380.99416184808,0,1.0521348361096e-27,2380.99416184808,-1.1833119686484e-24,4.41888875583556e-31,-94262.2533181201,"MPA"
"1506","Micropogonias","MT_20",2041,1249.37102393985,1249.37111611851,0,1.5866463945774e-32,1249.37111611851,-3.32893782894795e-29,1.2699561331335e-35,-70276.5300713554,655.630130447157,655.630230601755,0.00083096331970156,3.59913994655161e-36,655.631061565075,-1.41842703515282e-32,5.48958899130297e-39,-52394.1505094792,2380.99416184808,2380.99417194136,0,7.40769829731145e-29,2380.99417194136,-8.32574488086582e-26,3.11117868997803e-32,-94262.2533181201,"MPA"
"1507","Micropogonias","MT_20",2042,1249.37111611851,1249.37109337011,0,8.50553633860986e-34,1249.37109337011,-1.78390312843386e-30,6.80785415073058e-37,-70276.5300713554,655.631061565075,655.630972642665,0.00045154811797704,1.45896974518676e-37,655.631424190783,-5.74903392364708e-34,2.22529076297033e-40,-52394.1505094792,2380.99417194136,2380.99417023227,0,5.21875316618527e-30,2380.99417023227,-5.86185384668737e-27,2.19183785818892e-33,-94262.2533181201,"MPA"
"1508","Micropogonias","MT_20",2043,1249.37109337011,1249.37111472133,0,4.56115508124947e-35,1249.37111472133,-9.56296993312295e-32,3.65076085507181e-38,-70276.5300713554,655.631424190783,655.631503214456,0.000303783828300727,5.91496083494422e-39,655.631806998284,-2.33046082363577e-35,9.02177750575676e-42,-52394.1505094792,2380.99417023227,2380.99417262197,0,3.67880205942326e-31,2380.99417262197,-4.12969953212039e-28,1.54506974666951e-34,-94262.2533181201,"MPA"
"1509","Micropogonias","MT_20",2044,1249.37111472133,1249.37110930636,0,2.44678245665901e-36,1249.37110930636,-5.1282115504742e-33,1.9584112581388e-39,-70276.5300713554,655.631806998284,655.631736711019,0.000147795597480044,2.39836473586334e-40,655.631884506617,-9.44815813703954e-37,3.65809698416792e-43,-52394.1505094792,2380.99417262197,2380.99417221193,0,2.59470456615823e-32,2380.99417221193,-2.91110667062885e-29,1.08975678982922e-35,-94262.2533181201,"MPA"
"1510","Micropogonias","MT_20",2045,1249.37110930636,1249.37111430328,0,1.31298288361074e-37,1249.37111430328,-2.75097373760855e-34,1.05091503543056e-40,-70276.5300713554,655.631884506617,655.63194707294,0.000116212109169827,9.72602723265232e-42,655.632063285049,-3.83098328046391e-38,1.48345854775157e-44,-52394.1505094792,2380.99417221193,2380.99417278061,0,1.83104000108813e-33,2380.99417278061,-2.05323951690437e-30,7.69023302306948e-37,-94262.2533181201,"MPA"
"1511","Micropogonias","MT_20",2046,1249.37111430328,1249.37111300896,0,7.04793480984013e-39,1249.37111300896,-1.47621683183547e-35,5.64118597681353e-42,-70276.5300713554,655.632063285049,655.63200755066,4.33626456569798e-05,3.94468414932901e-43,655.632050913306,-1.55356867720398e-39,6.01661262510751e-46,-52394.1505094792,2380.99417278061,2380.99417268187,0,1.29277712679725e-34,2380.99417268187,-1.44893709170112e-31,5.42956862967685e-38,-94262.2533181201,"MPA"
"1512","Micropogonias","MT_20",2047,1249.37111300896,1249.37111418755,0,3.78442396525277e-40,1249.37111418755,-7.92415505510362e-37,3.02906312291205e-43,-70276.5300713554,655.632050913306,655.632100595439,4.84038430657796e-05,1.60009082113413e-44,655.632148999282,-6.30096535660459e-41,2.44053172642205e-47,-52394.1505094792,2380.99417268187,2380.99417281776,0,9.1317440099358e-36,2380.99417281776,-1.02299934941838e-32,3.83526516557997e-39,-94262.2533181201,"MPA"
"1513","Micropogonias","MT_20",2048,1249.37111418755,1249.37111387704,0,2.03267928266824e-41,1249.37111387704,-4.25491482753707e-38,1.62696196477242e-44,-70276.5300713554,655.632148999282,655.632104684053,8.98448099696536e-06,6.49130794579837e-46,655.632113668534,-2.55587434603027e-42,9.90083838290193e-49,-52394.1505094792,2380.99417281776,2380.99417279391,0,6.4532301335194e-37,2380.99417279391,-7.22612427770095e-34,2.71030908315178e-40,-94262.2533181201,"MPA"
"1514","Micropogonias","MT_20",2049,1249.37111387704,1249.37111415673,0,1.09210720384161e-42,1249.37111415673,-2.28538802489361e-39,8.74125543412139e-46,-70276.5300713554,655.632113668534,655.632152670609,2.2839023517675e-05,2.63374753775453e-47,655.632175509633,-1.03687645417169e-43,4.01711185712476e-50,-52394.1505094792,2380.99417279391,2380.9941728265,0,4.56229934533327e-38,2380.9941728265,-5.10656484500856e-35,1.9161320919907e-41,-94262.2533181201,"MPA"
"1515","Micropogonias","MT_20",2050,1249.37111415673,1249.371114082,0,5.86928599863879e-44,1249.371114082,-1.2278812242835e-40,4.69779229896834e-47,-70276.5300713554,655.632175509633,655.632140679852,9.24939921028456e-07,1.06873469881117e-48,655.632141604792,-4.20696564988525e-45,1.63008274874537e-51,-52394.1505094792,2380.9941728265,2380.99417282073,0,3.22674111093045e-39,2380.99417282073,-3.61023502455065e-36,1.35520747919343e-42,-94262.2533181201,"MPA"
"1516","Micropogonias","MT_20",2051,1249.371114082,1249.3711141487,0,3.15518775454078e-45,1249.3711141487,-6.59897311428567e-42,2.52542076487724e-48,-70276.5300713554,655.632141604792,655.632169563805,1.14705139807012e-05,4.33729257914247e-50,655.632181034319,-1.70712252348412e-46,6.61543616287853e-53,-52394.1505094792,2380.99417282073,2380.99417282857,0,2.28301801833204e-40,2380.99417282857,-2.55338216366604e-37,9.58850737390666e-44,-94262.2533181201,"MPA"
"1517","Micropogonias","MT_20",2052,1249.3711141487,1249.37111413066,0,1.69660802258678e-46,1249.37111413066,-3.54745009338597e-43,1.35796962437605e-49,-70276.5300713554,655.632181034319,655.632157929843,3.16305415718687e-07,1.76043508319691e-51,655.632158246148,-6.92809005224446e-48,2.68509559800519e-54,-52394.1505094792,2380.99417282857,2380.99417282716,0,1.61588764598846e-41,2380.99417282716,-1.80659597003441e-38,6.78660899060002e-45,-94262.2533181201,"MPA"
"1518","Micropogonias","MT_20",2053,1249.37111413066,1249.37111414663,0,9.12537517370643e-48,1249.37111414663,-1.90753538491727e-44,7.30397483221456e-51,-70276.5300713554,655.632158246148,655.632174203943,4.75313073984346e-06,7.14616501541601e-53,655.632178957074,-2.81199661582925e-49,1.08996560426636e-55,-52394.1505094792,2380.99417282716,2380.99417282905,0,1.14409439834514e-42,2380.99417282905,-1.27868290386702e-39,4.80511213089891e-46,-94262.2533181201,"MPA"
"1519","Micropogonias","MT_20",2054,1249.37111414663,1249.37111414227,0,4.90941187984859e-49,1249.37111414227,-1.02598689933113e-45,3.92950647270401e-52,-70276.5300713554,655.632178957074,655.632168693879,3.53960280715061e-08,2.90119686807331e-54,655.632168729275,-1.14147875881472e-50,4.42503733220794e-57,-52394.1505094792,2380.99417282905,2380.99417282871,0,8.10315610883281e-44,2380.99417282871,-9.05343853086964e-41,3.40326582958613e-47,-94262.2533181201,"MPA"
"1520","Micropogonias","MT_20",2055,1249.37111414227,1249.3711141461,0,2.64188831860461e-50,1249.3711141461,-5.51976458633113e-47,2.11457451569011e-53,-70276.5300713554,655.632168729275,655.632174614326,5.61132231708807e-07,1.17796335253931e-55,655.632175175458,-4.63417019945697e-52,1.79668327565547e-58,-52394.1505094792,2380.99417282871,2380.99417282917,0,5.74091916246591e-45,2380.99417282917,-6.41218293205639e-42,2.4111437264231e-48,-94262.2533181201,"MPA"
"1521","Micropogonias","MT_20",2056,1249.3711141461,1249.37111414505,0,1.42200948999395e-51,1249.37111414505,-2.9703357426544e-48,1.13818022034697e-54,-70276.5300713554,655.632175175458,655.63217288534,0,4.78339392126315e-57,655.63217288534,-1.88159680219065e-53,7.29584987190098e-60,-52394.1505094792,2380.99417282917,2380.99417282909,0,4.06852691853678e-46,2380.99417282909,-4.54289950402882e-43,1.70875131277723e-49,-94262.2533181201,"MPA"
"1522","Micropogonias","MT_20",2057,1249.37111414505,1249.37111414597,0,7.65579844920047e-53,1249.37111414597,-1.5987979449263e-49,6.12772166934512e-56,-70276.5300713554,655.63217288534,655.632174702399,0,1.94262791830491e-58,655.632174702399,-7.64066097473536e-55,2.96298442731213e-61,-52394.1505094792,2380.99417282909,2380.9941728292,0,2.88413471353706e-47,2380.9941728292,-3.21950342746266e-44,1.21131531796659e-50,-94262.2533181201,"MPA"
"1523","Micropogonias","MT_20",2058,1249.37111414597,1249.37111414571,0,4.12264023900653e-54,1249.37111414571,-8.60759011349077e-51,3.29977233531978e-57,-70276.5300713554,655.632174702399,655.632174275889,0,7.89026455407565e-60,655.632174275889,-3.10301882302526e-56,1.20345902146411e-62,-52394.1505094792,2380.9941728292,2380.99417282918,0,2.0450827610212e-48,2380.99417282918,-2.28227114663811e-45,8.58919683365353e-52,-94262.2533181201,"MPA"
"1524","Micropogonias","MT_20",2059,1249.37111414571,1249.37111414594,0,2.22051861069206e-55,1249.37111414594,-4.63517915187953e-52,1.77730906817899e-58,-70276.5300713554,655.632174275889,655.63217471744,0,3.20509793599301e-61,655.63217471744,-1.26033601861747e-57,4.88856108919993e-64,-52394.1505094792,2380.99417282918,2380.9941728292,0,1.45050082131103e-49,2380.9941728292,-1.61831323483548e-46,6.09199651919976e-53,-94262.2533181201,"MPA"
"1525","Micropogonias","MT_20",2060,1249.37111414594,1249.37111414588,0,1.19625730451272e-56,1249.37111414588,-2.49658009769068e-53,9.57487563917686e-60,-70276.5300713554,655.63217471744,655.63217461233,0,1.30208157499723e-62,655.63217461233,-5.11960067608484e-59,1.98599401494972e-65,-52394.1505094792,2380.9941728292,2380.9941728292,0,1.02903908724209e-50,2380.9941728292,-1.14780913565339e-47,4.32188830609079e-54,-94262.2533181201,"MPA"
"1526","Micropogonias","MT_20",2061,1249.37111414588,1249.37111414593,0,6.44589539853633e-58,1249.37111414593,-1.34497957539397e-54,5.15931201350291e-61,-70276.5300713554,655.63217461233,655.632174719606,0,5.29031560273338e-64,655.632174719606,-2.07985460672683e-60,8.06902987313177e-67,-52394.1505094792,2380.9941728292,2380.99417282921,0,7.30210219229036e-52,2380.99417282921,-8.14298377448218e-49,3.06682908997366e-55,-94262.2533181201,"MPA"
"1527","Micropogonias","MT_20",2062,1249.37111414593,1249.37111414591,0,3.47398322386707e-59,1249.37111414591,-7.24726831213727e-56,2.7805855158112e-62,-70276.5300713554,655.632174719606,655.632174693728,0,2.14966518345353e-65,655.632174693728,-8.45038244179843e-62,3.27876706839915e-68,-52394.1505094792,2380.99417282921,2380.9941728292,0,5.18276706203575e-53,2380.9941728292,-5.77829359531829e-50,2.17672395891559e-56,-94262.2533181201,"MPA"
"1528","Micropogonias","MT_20",2063,1249.37111414591,1249.37111414593,0,1.87264486133427e-60,1249.37111414593,-3.90587916473857e-57,1.49886998357124e-63,-70276.5300713554,655.632174693728,655.63217471979,0,8.73585213755609e-67,655.63217471979,-3.43372575156846e-63,1.33243188402657e-69,-52394.1505094792,2380.9941728292,2380.99417282921,0,3.67933279420883e-54,2380.99417282921,-4.10122303577272e-51,1.54529264968208e-57,-94262.2533181201,"MPA"
"1529","Micropogonias","MT_20",2064,1249.37111414593,1249.37111414592,0,1.00963381196976e-61,1249.37111414592,-2.10545764774834e-58,8.08113618554362e-65,-70276.5300713554,655.63217471979,655.632174713423,0,3.55045734500169e-68,655.632174713423,-1.39540430196728e-64,5.4153189576444e-71,-52394.1505094792,2380.99417282921,2380.99417282921,0,2.61255911427897e-55,2380.99417282921,-2.91152664807516e-52,1.09725556832195e-58,-94262.2533181201,"MPA"
"1530","Micropogonias","MT_20",2065,1249.37111414592,1249.37111414593,0,5.44440847305161e-63,1249.37111414593,-1.13515449444184e-59,4.35771918480237e-66,-70276.5300713554,655.632174713423,655.632174719757,0,1.44313600886932e-69,655.632174719757,-5.67125378836349e-66,2.20113665028735e-72,-52394.1505094792,2380.99417282921,2380.99417282921,0,1.8554494997868e-56,2380.99417282921,-2.06736816328964e-53,7.79275111615276e-60,-94262.2533181201,"MPA"
"1531","Micropogonias","MT_40",2015,595.5065861,595.5065861,196.568006043325,11.1795793869223,780.895012756402,-49843.9068953163,0.0187732254317083,-130304.058564992,309.7713726,309.7713726,74.8235189119661,3.36940035437136,381.225491157595,-28239.9583387937,0.0108770553137012,-89808.6170530083,840.8920779,840.8920779,453.655828102374,39.7599636543618,1254.78794234801,-130927.154111309,0.0472830755566829,-236075.392828011,"MPA"
"1532","Micropogonias","MT_40",2016,780.895012756402,780.385841782957,200.523758678285,0.888205843846968,980.021394617395,-3020.01523638727,0.00113818049204991,-83480.1669060631,381.225491157595,381.225398180106,77.4906143642187,0.196650258651665,458.519362285673,-1338.97313734613,0.000515838580256794,-62907.6318515607,1254.78794234801,1254.78409319821,525.40591219612,4.51348098144217,1775.67652441288,-9940.71215508065,0.00359745373562229,-115088.950871783,"MPA"
"1533","Micropogonias","MT_40",2017,980.021394617395,979.977796611655,174.505736271853,0.0676631754737796,1154.41586970803,-183.081895970664,6.90435355130572e-05,-80643.2335656465,458.519362285673,458.514424047226,74.2167037979605,0.0112187374207389,532.719909107765,-63.4962614367056,2.44673239721755e-05,-61632.1549756513,1775.67652441288,1775.47154054514,473.625794380048,0.48694310925481,2248.61039181594,-756.235528635156,0.000274239239848592,-105904.474245337,"MPA"
"1534","Micropogonias","MT_40",2018,1154.41586970803,1154.3734531562,125.963425745095,0.0048376437589659,1280.33204125753,-11.1051864160231,4.19055728989984e-06,-80471.2568560918,532.719909107765,532.712720090568,65.0521516943344,0.000618340695497374,597.764253444207,-3.01158872220513,1.16072384070834e-06,-61571.6703029368,2248.61039181594,2248.31847073216,289.466252962958,0.0470981892994997,2537.73762550582,-57.6429401270542,2.09453742030896e-05,-105205.881656829,"MPA"
"1535","Micropogonias","MT_40",2019,1280.33204125753,1280.37024754885,75.9647682272077,0.00032581934317226,1356.33468995671,-0.673987618809524,2.54480368875907e-07,-80460.8256572946,597.764253444207,597.76813412225,52.1667015757015,3.29208165810069e-05,649.934802777135,-0.142861777948375,5.50732440487977e-08,-61568.8015759926,2537.73762550582,2538.01342444264,112.588953439015,0.0040671711775519,2650.59831071048,-4.40227268387769,1.60268104311326e-06,-105152.640989386,"MPA"
"1536","Micropogonias","MT_40",2020,1356.33468995671,1356.29623262897,39.7183639927909,2.09717233646379e-05,1396.01457565004,-0.0409280188507284,1.54620560475929e-08,-80460.1925976947,649.934802777135,649.931781499155,38.5557557021883,1.69859962463965e-06,688.487535502743,-0.00677813358142551,2.61349233551241e-09,-61568.6654923482,2650.59831071048,2650.28100826004,30.3067288526444,0.000325631480127955,2680.58741148121,-0.336841115492659,1.22851773473044e-07,-105148.575557818,"MPA"
"1537","Micropogonias","MT_40",2021,1396.01457565004,1396.05343923796,18.9798259431203,1.31219173862156e-06,1415.03326386889,-0.00248671794378484,9.39955618639955e-10,-80460.1541563938,688.487535502743,688.489775210997,26.6239642859087,8.54016337973598e-08,715.113739411504,-0.00032164561027862,1.24042381814129e-10,-61568.6590358602,2680.58741148121,2680.96863192356,7.19284843441719,2.52868456271579e-05,2688.16145507113,-0.0258200187616629,9.43334193170385e-09,-105148.264536721,"MPA"
"1538","Micropogonias","MT_40",2022,1415.03326386889,1414.99360640478,8.59841334849757,8.08980296358237e-08,1423.59201967238,-0.000151169161829723,5.71704087037883e-11,-80460.151820845,715.113739411504,715.111966908559,17.453676051155,4.21077328896701e-09,732.565642955503,-1.52657262442053e-05,5.88825673266174e-12,-61568.6587294803,2688.16145507113,2687.69877133537,1.27219244375252,1.95042658045752e-06,2688.9709618287,-0.00198262223743584,7.25560258018044e-10,-105148.240699324,"MPA"
"1539","Micropogonias","MT_40",2023,1423.59201967238,1423.6326021799,3.83327225520812,4.9526917124789e-09,1427.46587443016,-9.19444694380706e-06,3.47901055360513e-12,-80460.1516788703,732.565642955503,732.567083608072,11.0310167586898,2.04793982789106e-10,743.598100366557,-7.2464983116396e-07,2.79557176469751e-13,-61568.6587149393,2688.9709618287,2689.53382460325,0.63744358151657,1.5030170992308e-07,2690.17126803446,-0.000152492261814431,5.58957084559452e-11,-105148.238869194,"MPA"
"1540","Micropogonias","MT_40",2024,1427.46587443016,1427.42435277913,1.65743784348071,3.02359077631617e-10,1429.08179062231,-5.59511944156608e-07,2.11815278663071e-13,-80460.1516702353,743.598100366557,743.5969029839,6.80250398787265,9.87096468742563e-12,750.399406971763,-3.44039544544029e-08,1.32745964319104e-14,-61568.658714249,2690.17126803446,2689.48819761143,0.00505642546110799,1.16020259088675e-08,2689.49325402529,-1.17476951680709e-05,4.31274076499914e-12,-105148.23872845,"MPA"
"1541","Micropogonias","MT_40",2025,1429.08179062231,1429.12423522325,0.746316272194,1.84386661416981e-11,1429.87055149542,-3.40651737194968e-08,1.2902456631663e-14,-80460.1516697099,750.399406971763,750.40041674218,4.13072853951183,4.73075847769494e-13,754.531145281691,-1.63364143461815e-09,6.30432064951363e-16,-61568.6587142163,2689.49325402529,2690.02062088794,0.23073949735229,8.96274747748656e-10,2690.25136038439,-9.06416124997361e-07,3.33250414015524e-13,-105148.238717609,"MPA"
"1542","Micropogonias","MT_40",2026,1429.87055149542,1429.8271923843,0.30082980151778,1.12433115881757e-12,1430.12802218582,-2.07503578335247e-09,7.86316760711546e-16,-80460.1516696779,754.531145281691,754.530285083191,2.48344833395881,2.25942657822679e-14,757.01373341715,-7.75840250372854e-11,2.99447755432877e-17,-61568.6587142147,2690.25136038439,2689.80868011533,9.93414448141233e-05,6.93738586989579e-11,2689.8087794567,-7.00397994797869e-08,2.57871298227031e-14,-105148.238716772,"MPA"
"1543","Micropogonias","MT_40",2027,1430.12802218582,1430.17231055827,0.155305706093164,6.85652260685619e-14,1430.32761626436,-1.2645926955691e-10,4.79434173633374e-17,-80460.1516696759,757.01373341715,757.014471491399,1.48487043521866,1.07689386064483e-15,758.499341926618,-3.68514205289665e-12,1.42255524961625e-18,-61568.6587142146,2689.8087794567,2690.02286932906,0.00320665099149843,5.37457750951972e-12,2690.02607598005,-5.41972493462796e-09,1.99812619322312e-15,-105148.238716708,"MPA"
"1544","Micropogonias","MT_40",2028,1430.32761626436,1430.28236035246,0.0424586509774995,4.18310282762116e-15,1430.32481900344,-7.71049192978557e-12,2.92457676981664e-18,-80460.1516696758,758.499341926618,758.498705214706,0.884152263818359,5.12669227538764e-17,759.382857478524,-1.7506600064692e-13,6.75899370317346e-20,-61568.6587142146,2690.02607598005,2689.96942240297,0,4.17022857605018e-13,2689.96942240297,-4.19949560393501e-10,1.55025585619459e-16,-105148.238716703,"MPA"
"1545","Micropogonias","MT_40",2029,1430.32481900344,1430.37110265028,0.0440402936982416,2.55288072670955e-16,1430.41514294398,-4.70344561306855e-13,1.78482581972569e-19,-80460.1516696758,759.382857478524,759.383409088095,0.525774111562208,2.43904631541024e-18,759.909183199657,-8.31791370072735e-15,3.21187960877386e-21,-61568.6587142146,2689.96942240297,2690.04896732481,0,3.2394045364922e-14,2690.04896732481,-3.25819898484972e-11,1.20425328662015e-17,-105148.238716702,"MPA"
"1546","Micropogonias","MT_40",2030,1430.41514294398,1430.36783190739,0.000781897948150119,1.55878297671044e-17,1430.36861380534,-2.87044297966031e-14,1.08974168954587e-20,-80460.1516696758,759.909183199657,759.908703639243,0.311884455823748,1.16001064492855e-19,760.220588095067,-3.95267810589961e-16,1.52651220785959e-22,-61568.6587142146,2690.04896732481,2690.03700849021,0,2.51941966588386e-15,2690.03700849021,-2.53099948077584e-12,9.36570190125168e-19,-105148.238716702,"MPA"
"1547","Micropogonias","MT_40",2031,1430.36861380534,1430.40934954305,0.0193359897591798,9.52116911171146e-19,1430.42868553281,-1.75257518584694e-15,6.65644417729556e-22,-80460.1516696758,760.220588095067,760.221006268083,0.185195153633494,5.51625355982353e-21,760.406201421717,-1.87859155724422e-17,7.25612229639121e-24,-61568.6587142146,2690.03700849021,2690.05435656587,0,1.9615702180288e-16,2690.05435656587,-1.96840539901818e-13,7.29198226413924e-20,-105148.238716702,"MPA"
"1548","Micropogonias","MT_40",2032,1430.42868553281,1430.3909217185,0.000232287040459978,5.81854348914222e-20,1430.39115400554,-1.07052145591111e-16,4.06769220813605e-23,-80460.1516696758,760.406201421717,760.405835820036,0.109632397535545,2.62311491364874e-22,760.515468217571,-8.92969479015504e-19,3.44962325254399e-25,-61568.6587142146,2690.05435656587,2690.05163713086,0,1.52886898788495e-17,2690.05163713086,-1.53256823190297e-14,5.68341299539838e-21,-105148.238716702,"MPA"
"1549","Micropogonias","MT_40",2033,1430.39115400554,1430.41628792637,0.00677331217224502,3.55706490197358e-21,1430.42306123855,-6.54185889131288e-18,2.48677770548175e-24,-80460.1516696758,760.515468217571,760.515788604189,0.0651328773670901,1.24740940864664e-23,760.580921481556,-4.24525371831288e-20,1.64021569673724e-26,-61568.6587142146,2690.05163713086,2690.05551394544,0,1.19280160101742e-18,2690.05551394544,-1.19449251180862e-15,4.4341215767294e-22,-105148.238716702,"MPA"
"1550","Micropogonias","MT_40",2034,1430.42306123855,1430.40831703896,5.2189990875161e-07,2.17555193991268e-22,1430.40831756086,-3.99935584988534e-19,1.52091504558327e-25,-80460.1516696758,760.580921481556,760.580640128429,0.0384705395400347,5.93249482227726e-25,760.619110667969,-2.0185193918113e-21,7.79995218785505e-28,-61568.6587142146,2690.05551394544,2690.05488569344,0,9.3149245505601e-20,2690.05488569344,-9.31926822775307e-17,3.46272577040417e-23,-105148.238716702,"MPA"
"1551","Micropogonias","MT_40",2035,1430.40831756086,1430.4156030179,9.00334129116642e-07,1.33109206691656e-23,1430.41560391823,-2.44600894905028e-20,9.30567896215299e-27,-80460.1516696758,760.619110667969,760.619358212177,0.0229120829256479,2.82170285288241e-26,760.642270295103,-9.59895354521785e-23,3.70974488175555e-29,-61568.6587142146,2690.05488569344,2690.05576880628,0,7.2808180361409e-21,2690.05576880628,-7.27766925187072e-18,2.70656858131764e-24,-105148.238716702,"MPA"
"1552","Micropogonias","MT_40",2036,1430.41560391823,1430.41368555234,0,8.14750327439154e-25,1430.41368555234,-1.49658417909432e-21,5.69589932763031e-28,-80460.1516696758,760.642270295103,760.642052122135,0.0134759793008294,1.34226161594846e-27,760.655528101435,-4.56537005398204e-24,1.76464241919863e-30,-61568.6587142146,2690.05576880628,2690.05562191366,0,5.69575085662584e-22,2690.05562191366,-5.688440911738e-19,2.11733560429537e-25,-105148.238716702,"MPA"
"1553","Micropogonias","MT_40",2037,1430.41368555234,1430.41555791058,0,4.98890633963141e-26,1430.41555791058,-9.16042006273027e-23,3.48773671691713e-29,-80460.1516696758,760.655528101435,760.655720689095,0.00807399145174656,6.38583084744151e-29,760.663794680547,-2.17164409683684e-25,8.39516786680848e-32,-61568.6587142146,2690.05562191366,2690.05582589941,0,4.4593507539563e-23,2690.05582589941,-4.45004000965673e-20,1.6577169325256e-26,-105148.238716702,"MPA"
"1554","Micropogonias","MT_40",2038,1430.41555791058,1430.41510395047,0,3.05597989919698e-27,1430.41510395047,-5.60914642844733e-24,2.13642803491867e-30,-80460.1516696758,760.663794680547,760.663624435395,0.00470561945367311,3.03846491102258e-30,760.668330054848,-1.03314509636258e-26,3.9944913013652e-33,-61568.6587142146,2690.05582589941,2690.05579124413,0,3.49400574786792e-24,2690.05579124413,-3.48405168227797e-21,1.29885993973043e-27,-105148.238716702,"MPA"
"1555","Micropogonias","MT_40",2039,1430.41510395047,1430.41552253296,0,1.87263948845913e-28,1430.41552253296,-3.43590662271827e-25,1.30915807765719e-31,-80460.1516696758,760.668330054848,760.668480745245,0.00285756541536463,1.44593162073219e-31,760.671338310661,-4.91579102566437e-28,1.90087001596087e-34,-61568.6587142146,2690.05579124413,2690.05583885217,0,2.73961209612506e-25,2690.05583885217,-2.72983587807201e-22,1.01842203608979e-28,-105148.238716702,"MPA"
"1556","Micropogonias","MT_40",2040,1430.41552253296,1430.41541512684,0,1.14792486252419e-29,1430.41541512684,-2.10545117125761e-26,8.02511469204478e-33,-80460.1516696758,760.671338310661,760.671204770389,0.00163176263316553,6.88174653476453e-33,760.672836533023,-2.33929154890953e-29,9.04693812996906e-36,-61568.6587142146,2690.05583885217,2690.0558306196,0,2.14956836256691e-26,2690.0558306196,-2.14043479829307e-23,7.9907945832413e-30,-105148.238716702,"MPA"
"1557","Micropogonias","MT_40",2041,1430.41541512684,1430.4155109457,0,7.03921209280443e-31,1430.4155109457,-1.29063765613634e-27,4.92109635964045e-34,-80460.1516696758,760.672836533023,760.672955003774,0.00102126401396608,3.27571716839931e-34,760.673976267788,-1.11335471171072e-30,4.30634171617637e-37,-61568.6587142146,2690.0558306196,2690.05584181958,0,1.68769622213057e-27,2690.05584181958,-1.67943879707101e-24,6.27383343839441e-31,-105148.238716702,"MPA"
"1558","Micropogonias","MT_40",2042,1430.4155109457,1430.41548544779,0,4.31799695219368e-32,1430.41548544779,-7.91434454796173e-29,3.01870115304959e-35,-80460.1516696758,760.673976267788,760.673871061158,0.000556841021135051,1.55944832840129e-35,760.674427902179,-5.29956739705602e-32,2.05008765527276e-38,-61568.6587142146,2690.05584181958,2690.05583985319,0,1.32587677495789e-28,2690.05583985319,-1.3185821726506e-25,4.92880762676577e-32,-105148.238716702,"MPA"
"1559","Micropogonias","MT_40",2043,1430.41548544779,1430.41550769967,0,2.64962504329609e-33,1430.41550769967,-4.85482080959735e-30,1.85234644772256e-36,-80460.1516696758,760.674427902179,760.674521415415,0.00037280712062574,7.42491799928541e-37,760.674894222535,-2.52292512095566e-33,9.76096701399671e-40,-61568.6587142146,2690.05583985319,2690.05584250468,0,1.0422305597781e-29,2690.05584250468,-1.03589582555824e-26,3.8743826218668e-33,-105148.238716702,"MPA"
"1560","Micropogonias","MT_40",2044,1430.41550769967,1430.41550162212,0,1.62639725415767e-34,1430.41550162212,-2.97903291017048e-31,1.13701036195903e-37,-80460.1516696758,760.674894222535,760.674811032821,0.000182788691161013,3.53564141038333e-38,760.674993821512,-1.20122614328865e-34,4.6480322109993e-41,-61568.6587142146,2690.05584250468,2690.05584203292,0,8.19715075734443e-31,2690.05584203292,-8.14285540951098e-28,3.04720468171146e-34,-105148.238716702,"MPA"
"1561","Micropogonias","MT_40",2045,1430.41550162212,1430.41550684149,0,9.98631511461568e-36,1430.41550684149,-1.82859491087849e-32,6.98140862094689e-39,-80460.1516696758,760.674993821512,760.675067885068,0.000142203597910635,1.6838360950491e-39,760.675210088666,-5.72006625804572e-36,2.21360779399756e-42,-61568.6587142146,2690.05584203292,2690.05584266384,0,6.45042058670355e-32,2690.05584266384,-6.40436155848963e-29,2.39787609086527e-35,-105148.238716702,"MPA"
"1562","Micropogonias","MT_40",2046,1430.41550684149,1430.41550538734,0,6.13361781003916e-37,1430.41550538734,-1.12278381113462e-33,4.2879972851989e-40,-80460.1516696758,760.675210088666,760.67514410255,5.40779305682057e-05,8.02021733021583e-41,760.675198180481,-2.72415996147609e-37,1.05435502879046e-43,-61568.6587142146,2690.05584266384,2690.05584255025,0,5.07840579255036e-33,2690.05584255025,-5.03965668946517e-30,1.88784400383362e-36,-105148.238716702,"MPA"
"1563","Micropogonias","MT_40",2047,1430.41550538734,1430.41550662073,0,3.76840354579805e-38,1430.41550662073,-6.89616407721515e-35,2.63448175135134e-41,-80460.1516696758,760.675198180481,760.675257009405,5.89303413644198e-05,3.82055422902267e-42,760.675315939747,-1.29753417133196e-38,5.02258288177487e-45,-61568.6587142146,2690.05584255025,2690.05584270101,0,4.00009221224638e-34,2690.05584270101,-3.96771363575918e-31,1.48699225829235e-37,-105148.238716702,"MPA"
"1564","Micropogonias","MT_40",2048,1430.41550662073,1430.41550627161,0,2.31592159124239e-39,1430.41550627161,-4.23690063388087e-36,1.61905514902726e-42,-80460.1516696758,760.675315939747,760.675263459107,1.15149889538113e-05,1.82020414672463e-43,760.675274974095,-6.18100425273938e-40,2.39287920694257e-46,-61568.6587142146,2690.05584270101,2690.05584267358,0,3.15213995692601e-35,2690.05584267358,-3.12523675023664e-32,1.1717749151858e-38,-105148.238716702,"MPA"
"1565","Micropogonias","MT_40",2049,1430.41550627161,1430.41550656476,0,1.42368079437786e-40,1430.41550656476,-2.60384259017319e-37,9.95291779301405e-44,-80460.1516696758,760.675274974095,760.675321248786,2.76454761066645e-05,8.6729441370661e-45,760.675348894262,-2.94477899181023e-41,1.14016380212711e-47,-61568.6587142146,2690.05584267358,2690.05584270973,0,2.48498718597893e-36,2690.05584270973,-2.4627391350037e-33,9.23767881156386e-40,-105148.238716702,"MPA"
"1566","Micropogonias","MT_40",2050,1430.41550656476,1430.41550648069,0,8.7542787398476e-42,1430.41550648069,-1.60067625006534e-38,6.12009496518385e-45,-80460.1516696758,760.675348894262,760.675307578386,1.14551171911085e-06,4.13299858178523e-46,760.675308723898,-1.40313409961998e-42,5.43332788137493e-49,-61568.6587142146,2690.05584270973,2690.05584270309,0,1.95982308715524e-37,2690.05584270309,-1.9414985617972e-34,7.28543644350924e-41,-105148.238716702,"MPA"
"1567","Micropogonias","MT_40",2051,1430.41550648069,1430.4155065507,0,5.38448035713453e-43,1430.4155065507,-9.84263194235425e-40,3.76427711580234e-46,-80460.1516696758,760.675308723898,760.675342146701,1.3911053112699e-05,1.96976978820835e-47,760.675356057755,-6.68648453037116e-44,2.58950141486983e-50,-61568.6587142146,2690.05584270309,2690.05584271178,0,1.54623351083585e-38,2690.05584271178,-1.53119248521951e-35,5.74796064189556e-42,-105148.238716702,"MPA"
"1568","Micropogonias","MT_40",2052,1430.4155065507,1430.4155065304,0,3.31268156576544e-44,1430.4155065304,-6.0538920377284e-41,2.31588762187965e-47,-80460.1516696758,760.675356057755,760.675328244822,3.9541403800549e-07,9.38894279484973e-49,760.675328640236,-3.18675064882707e-45,1.23429038684209e-51,-61568.6587142146,2690.05584271178,2690.05584271017,0,1.2203678414003e-39,2690.05584271017,-1.20805859861e-36,4.53658924853423e-43,-105148.238716702,"MPA"
"1569","Micropogonias","MT_40",2053,1430.4155065304,1430.41550654718,0,2.03856663252115e-45,1430.41550654718,-3.72452218661452e-42,1.4251569723722e-48,-80460.1516696758,760.675328640236,760.675347962161,5.86790796073557e-06,4.47577460360932e-50,760.675353830069,-1.51897028076809e-46,5.88394869016533e-53,-61568.6587142146,2690.05584271017,2690.05584271227,0,9.63510264010487e-41,2690.05584271227,-9.53462626397892e-38,3.58174818794755e-44,-105148.238716702,"MPA"
"1570","Micropogonias","MT_40",2054,1430.41550654718,1430.41550654227,0,1.2548054352869e-46,1430.41550654227,-2.29200618927287e-43,8.77231426493569e-50,-80460.1516696758,760.675353830069,760.675341211191,5.2727563097027e-08,2.13387743268628e-51,760.675341263918,-7.24103767559622e-48,2.80524066140511e-54,-61568.6587142146,2690.05584271227,2690.05584271187,0,7.60965147607095e-42,2690.05584271187,-7.52782067602828e-39,2.82880799544982e-45,-105148.238716702,"MPA"
"1571","Micropogonias","MT_40",2055,1430.41550654227,1430.4155065463,0,7.72558078731896e-48,1430.4155065463,-1.41080589571914e-44,5.40093472979324e-51,-80460.1516696758,760.675341263918,760.675348604713,8.13967333839341e-07,1.0174657805982e-52,760.675349418681,-3.45224854739127e-49,1.33758217915421e-55,-61568.6587142146,2690.05584271187,2690.05584271238,0,6.01186691178569e-43,2690.05584271238,-5.94535355341766e-40,2.23484836869597e-46,-105148.238716702,"MPA"
"1572","Micropogonias","MT_40",2056,1430.4155065463,1430.41550654511,0,4.75758148856096e-49,1430.41550654511,-8.68604376115838e-46,3.32601364204168e-52,-80460.1516696758,760.675349418681,760.675346414779,0,4.85197605323615e-54,760.675346414779,-1.64608555640258e-50,6.37851095996397e-57,-61568.6587142146,2690.05584271238,2690.05584271229,0,4.75098716737706e-44,2690.05584271229,-4.69701857162046e-41,1.76612956948382e-47,-105148.238716702,"MPA"
"1573","Micropogonias","MT_40",2057,1430.41550654511,1430.41550654608,0,2.93048053588462e-50,1430.41550654608,-5.34905557840166e-47,2.04869181190759e-53,-80460.1516696758,760.675346414779,760.675348647451,0,2.31401061674935e-55,760.675348647451,-7.84966705314216e-52,3.04204760632078e-58,-61568.6587142146,2690.05584271229,2690.05584271241,0,3.755626315965e-45,2690.05584271241,-3.711904352864e-42,1.39611462941912e-48,-105148.238716702,"MPA"
"1574","Micropogonias","MT_40",2058,1430.41550654608,1430.41550654579,0,1.8054530018716e-51,1430.41550654579,-3.29480499610434e-48,1.2621878004043e-54,-80460.1516696758,760.675348647451,760.675348107022,0,1.10372099227205e-56,760.675348107022,-3.74367325215342e-53,1.45097510289352e-59,-61568.6587142146,2690.05584271241,2690.05584271239,0,2.96960960658906e-46,2690.05584271239,-2.93423770236321e-43,1.10392117495776e-49,-105148.238716702,"MPA"
"1575","Micropogonias","MT_40",2059,1430.41550654579,1430.41550654603,0,1.11256548502534e-52,1430.41550654603,-2.02991130565499e-49,7.77791823378647e-56,-80460.1516696758,760.675348107022,760.675348649694,0,5.26501846758537e-58,760.675348649694,-1.78563171429624e-54,6.92150531851338e-61,-61568.6587142146,2690.05584271239,2690.05584271242,0,2.3487110401531e-47,2690.05584271242,-2.32012978285734e-44,8.73108655538129e-51,-105148.238716702,"MPA"
"1576","Micropogonias","MT_40",2060,1430.41550654603,1430.41550654596,0,6.85731986311708e-54,1430.41550654596,-1.25088232925132e-50,4.79393563040658e-57,-80460.1516696758,760.675348649694,760.675348516481,0,2.51180851345341e-59,760.675348516481,-8.51789902029028e-56,3.30207692139934e-62,-61568.6587142146,2690.05584271242,2690.05584271241,0,1.85809594317555e-48,2690.05584271241,-1.83502721148733e-45,6.90727647237987e-52,-105148.238716702,"MPA"
"1577","Micropogonias","MT_40",2061,1430.41550654596,1430.41550654602,0,4.22736860493428e-55,1430.41550654602,-7.70983852928028e-52,2.95534310526468e-58,-80460.1516696758,760.675348516481,760.675348648336,0,1.19844630902125e-60,760.675348648336,-4.0636763939892e-57,1.57550302025497e-63,-61568.6587142146,2690.05584271241,2690.05584271242,0,1.47031486208076e-49,2690.05584271242,-1.4517139652305e-46,5.46574104052139e-53,-105148.238716702,"MPA"
"1578","Micropogonias","MT_40",2062,1430.41550654602,1430.415506546,0,2.60657508568177e-56,1430.415506546,-4.75292534086028e-53,1.82225029982777e-59,-80460.1516696758,760.675348648336,760.675348615533,0,5.71867554750985e-62,760.675348615533,-1.93888106923778e-58,7.51789256437927e-65,-61568.6587142146,2690.05584271242,2690.05584271242,0,1.16372893616234e-50,2690.05584271242,-1.1487440282124e-47,4.3260400683316e-54,-105148.238716702,"MPA"
"1579","Micropogonias","MT_40",2063,1430.415506546,1430.41550654601,0,1.60750515021259e-57,1430.41550654601,-2.93063083335834e-54,1.12380293897555e-60,-80460.1516696758,760.675348615533,760.675348647567,0,2.72908179076998e-63,760.675348647567,-9.2518385469549e-60,3.58770899535133e-66,-61568.6587142146,2690.05584271242,2690.05584271242,0,9.21273207635658e-52,2690.05584271242,-9.09211149496651e-49,3.42473636795111e-55,-105148.238716702,"MPA"
"1580","Micropogonias","MT_40",2064,1430.41550654601,1430.41550654601,0,9.91549013079888e-59,1430.41550654601,-1.80735409613693e-55,6.93189502310525e-62,-80460.1516696758,760.675348647567,760.675348639494,0,1.302510603351e-64,760.675348639494,-4.41518738053263e-61,1.7123081557287e-67,-61568.6587142146,2690.05584271242,2690.05584271242,0,7.29484792249472e-53,2690.05584271242,-7.19782628141191e-50,2.71178308147656e-56,-105148.238716702,"MPA"
"1581","Micropogonias","MT_40",2065,1430.41550654601,1430.41550654601,0,6.11721041478149e-60,1430.41550654601,-1.11482079548762e-56,4.27652691598162e-63,-80460.1516696758,760.675348639494,760.67534864728,0,6.21711656230592e-66,760.67534864728,-2.10723929130049e-62,8.17315372901926e-69,-61568.6587142146,2690.05584271242,2690.05584271242,0,5.77738774546472e-54,2690.05584271242,-5.69940031472193e-51,2.1476832018622e-57,-105148.238716702,"MPA"
"1582","Micropogonias","MT_60",2015,678.7767649,678.7767649,226.251651053082,14.7633021263267,890.265113826755,-57758.8329214759,0.0217498637103492,-150748.384961769,356.4076579,356.4076579,86.0366952599497,4.3915743786829,438.052778781267,-31985.1884745473,0.0123217733439248,-102398.392575019,970.379623,970.379623,525.140528136099,53.1546206891211,1442.36553044698,-151889.824931713,0.054777140233829,-274694.303394595,"MPA"
"1583","Micropogonias","MT_60",2016,890.265113826755,889.592695931442,232.333099862471,1.35546295270262,1120.57033284121,-4043.72867727297,0.00152371855458333,-97033.2807175659,438.052778781267,438.052654488893,89.0793876290805,0.292801541570433,526.839240576403,-1734.71531164442,0.000668418315998469,-72147.9194121165,1442.36553044698,1442.36013212202,609.601594302603,7.01069752752091,2044.9510288971,-13450.0725650068,0.00486130336285246,-136254.551027889,"MPA"
"1584","Micropogonias","MT_60",2017,1120.57033284121,1120.49766830712,204.156028746512,0.119681953858029,1324.53401509977,-283.265844640203,0.000106807643316923,-93272.8178849331,526.839240576403,526.832637117089,85.3367086140289,0.0191061339934662,612.150239597124,-94.0973007223469,3.62656051444803e-05,-70507.3014011944,2044.9510288971,2044.6633303788,554.825169686577,0.884028708492948,2598.60447135689,-1193.51613136043,0.000432319945713714,-123997.994594243,"MPA"
"1585","Micropogonias","MT_60",2018,1324.53401509977,1324.47638526339,148.898091722637,0.00992223741328463,1473.36455474861,-19.8545467358305,7.49111250626415e-06,-93009.4065870288,612.150239597124,612.140661587828,74.8193086588185,0.00120467692352115,686.958765569723,-5.10503357537401,1.96794326348853e-06,-70418.3091340475,2598.60447135689,2598.18731778387,343.735386091173,0.100109664142558,2941.8225942109,-106.12926777814,3.85242199573453e-05,-122910.60773066,"MPA"
"1586","Micropogonias","MT_60",2019,1473.36455474861,1473.41312480446,90.6148648545493,0.000774539143171686,1564.02721511987,-1.39245366918847,5.25694431560106e-07,-92990.9444939621,686.958765569723,686.963713476202,60.014800803113,7.33721882763572e-05,746.978440907127,-0.277009199948452,1.06807267160638e-07,-70413.4811096721,2941.8225942109,2942.1857743122,135.574337901739,0.0101187504370336,3077.74999346351,-9.45660910544298,3.43963287000775e-06,-122813.935071988,"MPA"
"1587","Micropogonias","MT_60",2020,1564.02721511987,1563.97893719982,47.6828097989937,5.77303739372113e-05,1611.66168926844,-0.097713297907617,3.69113547355799e-08,-92989.6497535908,746.978440907127,746.974577566021,44.3659581883524,4.33079039606209e-06,791.340531423583,-0.0150336601109102,5.79774483689691e-09,-70413.2191341322,3077.74999346351,3077.34422949972,36.7789297694277,0.000946992600300273,3114.12221227655,-0.844311023275285,3.07689029946749e-07,-122805.322773905,"MPA"
"1588","Micropogonias","MT_60",2021,1611.66168926844,1611.70997329487,22.8725692364568,4.17923159266328e-06,1634.58253835209,-0.00686076984734623,2.59311987439196e-09,-92989.5589010628,791.340531423583,791.343381942182,30.6416407124561,2.49086579667453e-07,821.985022405551,-0.000816037172587936,3.14765350233772e-10,-70413.2049165093,3114.12221227655,3114.60020054233,8.76889718622736,8.58696484951265e-05,3123.36901185891,-0.0755265039451459,2.75743385621303e-08,-122804.553989386,"MPA"
"1589","Micropogonias","MT_60",2022,1634.58253835209,1634.53357640468,10.3811053507899,2.97937054210694e-07,1644.91468145753,-0.000481983181865774,1.82271029793876e-10,-92989.5525222761,821.985022405551,821.982768810439,20.0900246377612,1.40490718468899e-08,842.072793434151,-4.43025503582255e-05,1.70916397139683e-11,-70413.2041447746,3123.36901185891,3122.79709920163,1.54205678539323,7.73190510271183e-06,3124.33914825512,-0.00676848871566692,2.47549635196201e-09,-122804.485231371,"MPA"
"1590","Micropogonias","MT_60",2023,1644.91468145753,1644.96458419006,4.63273366267939,2.10855491693339e-08,1649.59731783166,-3.38785899566234e-05,1.28186280366852e-11,-92989.5520741715,842.072793434151,842.074623559914,12.6984353440159,7.81625361353481e-10,854.773058903148,-2.40557895582405e-06,9.28215906242245e-13,-70413.2041028777,3124.33914825512,3125.027340102,0.781383548082033,6.95522558925297e-07,3125.80872295456,-0.00060764344478195,2.22614703017389e-10,-122804.479070526,"MPA"
"1591","Micropogonias","MT_60",2024,1649.59731783166,1649.54639386245,2.00345897803189,1.4878822248051e-09,1651.54985283899,-2.38258550057189e-06,9.01966928923324e-13,-92989.5520426755,854.773058903148,854.771538419989,7.83113681806079,4.30956130122284e-11,862.602675238007,-1.30641496943354e-07,5.04176080132403e-14,-70413.2041006027,3125.80872295456,3124.98032958222,0.00561483008192833,6.26776444426739e-08,3124.98594434963,-5.46437189800254e-05,2.00516261281038e-11,-122804.478517526,"MPA"
"1592","Micropogonias","MT_60",2025,1651.54985283899,1651.60182018555,0.902689347991852,1.04870364416747e-10,1652.50450953343,-1.67647568351314e-07,6.34981518552014e-14,-92989.5520404606,862.602675238007,862.603957241544,4.75557930602985,2.36261914081396e-12,867.359536547571,-7.09597489777087e-09,2.73894251446343e-15,-70413.2041004792,3124.98594434963,3125.61672848292,0.277251673877998,5.65284671428068e-09,3125.89398015114,-4.92193723306437e-06,1.80891909368047e-12,-122804.478467804,"MPA"
"1593","Micropogonias","MT_60",2026,1652.50450953343,1652.45147986133,0.363538509561207,7.39080504702186e-12,1652.81501837089,-1.18023252987282e-08,4.47248713708006e-15,-92989.5520403047,867.359536547571,867.358444497084,2.85913263688614,1.29077248749552e-13,870.21757713397,-3.85488430068166e-10,1.48816313573944e-16,-70413.2041004725,3125.89398015114,3125.36159339099,0.000124722372647146,5.10865252392577e-10,3125.36171811285,-4.44023075544772e-07,1.63430129575732e-13,-122804.478463326,"MPA"
"1594","Micropogonias","MT_60",2027,1652.81501837089,1652.86914951265,0.188041499170887,5.2092472606601e-13,1653.05719101182,-8.31295725257665e-10,3.15174239238468e-16,-92989.5520402938,870.21757713397,870.218514173327,1.70955843743723,7.03740355533962e-15,871.928072610764,-2.09448922237478e-11,8.08694714890234e-18,-70413.2041004721,3125.36171811285,3125.62034161036,0.00417458758449861,4.62124213317859e-11,3125.62451619789,-4.01160872037466e-08,1.47862629902481e-14,-122804.478462922,"MPA"
"1595","Micropogonias","MT_60",2028,1653.05719101182,1653.00189625011,0.0511230162994881,3.67324395942093e-14,1653.05301926641,-5.85810460666996e-11,2.22209132243395e-17,-92989.552040293,871.928072610764,871.927264191911,1.01791356320342,3.8323507696061e-16,872.945177755115,-1.1381819350439e-12,4.39526021749575e-19,-70413.2041004721,3125.62451619789,3125.55610401017,0,4.18702149685925e-12,3125.55610401016,-3.62948366667331e-09,1.33957919900361e-15,-122804.478462886,"MPA"
"1596","Micropogonias","MT_60",2029,1653.05301926641,1653.10956235773,0.0534817340107741,2.59098784510806e-15,1653.16304409174,-4.130173666163e-12,1.56739545161249e-18,-92989.552040293,872.945177755115,872.945878199137,0.605350711377078,2.0856285024509e-17,873.551228910514,-6.18602079712506e-14,2.38918612003135e-20,-70413.2041004721,3125.55610401016,3125.65242135162,0,3.7980466701497e-13,3125.65242135162,-3.28817422584406e-10,1.21515868586992e-16,-122804.478462882,"MPA"
"1597","Micropogonias","MT_60",2030,1653.16304409174,1653.10525076355,0.000950230515470616,1.82857292750618e-16,1653.10620099407,-2.91329843096453e-13,1.10610564414539e-19,-92989.552040293,873.551228910514,873.550619879453,0.359063052086473,1.13466752846982e-18,873.909682931539,-3.36261067924046e-15,1.29891355082022e-21,-70413.2041004721,3125.65242135162,3125.63797625611,0,3.44956743968757e-14,3125.63797625611,-2.98276757438009e-11,1.10363117342056e-17,-122804.478462882,"MPA"
"1598","Micropogonias","MT_60",2031,1653.10620099407,1653.15583726281,0.0234842830359536,1.29095934047102e-17,1653.17932154585,-2.0559048451555e-14,7.80929440060605e-21,-92989.552040293,873.909682931539,873.910214071321,0.213233047253683,6.17222000971252e-20,874.123447118574,-1.82812861577212e-16,7.06276647324444e-23,-70413.2041004721,3125.63797625611,3125.65908012185,0,3.13655258006686e-15,3125.65908012185,-2.70900856444303e-12,1.00349195901279e-18,-122804.478462882,"MPA"
"1599","Micropogonias","MT_60",2032,1653.17932154585,1653.13346414233,0.000281150832727385,9.11884597213229e-19,1653.13374529316,-1.45150382871245e-15,5.51594498547609e-22,-92989.552040293,874.123447118574,874.122982691704,0.126210269388094,3.35742254416345e-21,874.249192961092,-9.94034099822139e-18,3.84090205502394e-24,-70413.2041004721,3125.65908012185,3125.6557808753,0,2.85507814022078e-16,3125.6557808753,-2.46320361900882e-13,9.13432357442757e-20,-122804.478462882,"MPA"
"1600","Micropogonias","MT_60",2033,1653.13374529316,1653.16416764169,0.00813438689583346,6.44354341261064e-20,1653.17230202858,-1.02524184458958e-16,3.89777493593126e-23,-92989.552040293,874.249192961092,874.249600001813,0.0749996087476915,1.82637556512149e-22,874.324599610561,-5.40579573921931e-19,2.08907892591859e-25,-70413.2041004721,3125.6557808753,3125.66051272044,0,2.60152028635226e-17,3125.66051272044,-2.24214042750784e-14,8.32311830838694e-21,-122804.478462882,"MPA"
"1601","Micropogonias","MT_60",2034,1653.17230202858,1653.1545174707,5.86419862106573e-07,4.55529134152698e-21,1653.15451805712,-7.24474576951822e-18,2.75548493632655e-24,-92989.552040293,874.324599610561,874.324242118298,0.0442827828129224,9.93600554859227e-24,874.368524901111,-2.94022946085993e-20,1.13642067871896e-26,-70413.2041004721,3125.66051272044,3125.6597482339,0,2.3727962219701e-18,3125.6597482339,-2.043019373393e-15,7.59134337428386e-22,-122804.478462882,"MPA"
"1602","Micropogonias","MT_60",2035,1653.15451805712,1653.16334166737,1.0050298575319e-06,3.22161003239168e-22,1653.1633426724,-5.12158559457394e-19,1.94876521010819e-25,-92989.552040293,874.368524901111,874.36883946993,0.0263874154466911,5.40604944659046e-25,874.395226885377,-1.59943093503937e-21,6.18280426660363e-28,-70413.2041004721,3125.6597482339,3125.66082859907,0,2.16617044044329e-19,3125.66082859907,-1.86339554615757e-16,6.93028229162703e-23,-122804.478462882,"MPA"
"1603","Micropogonias","MT_60",2036,1653.1633426724,1653.16102080661,0,2.27935886459325e-23,1653.16102080661,-3.6221456572402e-20,1.37878623754934e-26,-92989.552040293,874.395226885377,874.394949611941,0.0155080242257878,2.94171879843293e-26,874.410457636167,-8.7018552330207e-23,3.36428963482892e-29,-70413.2041004721,3125.66082859907,3125.66064949442,0,1.97925953187315e-20,3125.66064949442,-1.7011293675543e-17,6.33229144327096e-24,-122804.478462882,"MPA"
"1604","Micropogonias","MT_60",2037,1653.16102080661,1653.16327493202,0,1.61332264629317e-24,1653.16327493202,-2.56273283249095e-21,9.75901695738902e-28,-92989.552040293,874.410457636167,874.410702416569,0.0093021467230056,1.60094908802683e-27,874.420004563292,-4.73499722765515e-24,1.83088968571468e-30,-70413.2041004721,3125.66064949442,3125.6608994527,0,1.80996201915798e-21,3125.6608994527,-1.55434461182652e-18,5.79065427150101e-25,-122804.478462882,"MPA"
"1605","Micropogonias","MT_60",2038,1653.16327493202,1653.16272481725,0,1.14234807356768e-25,1653.16272481725,-1.81389634362541e-22,6.91007410470516e-29,-92989.552040293,874.420004563292,874.419788161731,0.00541207327876663,8.71387627211042e-29,874.425200235009,-2.5768463690109e-25,9.9653212723066e-32,-70413.2041004721,3125.6608994527,3125.66085713882,0,1.65643050007686e-22,3125.66085713882,-1.42139261056836e-19,5.29945682969895e-26,-122804.478462882,"MPA"
"1606","Micropogonias","MT_60",2039,1653.16272481725,1653.16322936527,0,8.09167180293097e-27,1653.16322936527,-1.28436687935947e-23,4.89466141366603e-30,-92989.552040293,874.425200235009,874.425391795286,0.00329496427801504,4.74354276916569e-30,874.428686759564,-1.40254773656459e-26,5.42475533384117e-33,-70413.2041004721,3125.66085713882,3125.66091554764,0,1.51703368182351e-23,3125.66091554764,-1.30082170764238e-20,4.8534813953092e-27,-122804.478462882,"MPA"
"1607","Micropogonias","MT_60",2040,1653.16322936527,1653.16309909764,0,5.7337336622189e-28,1653.16309909764,-9.09764629003524e-25,3.46834091187766e-31,-92989.552040293,874.428686759564,874.428516988598,0.00187427678888419,2.58257249249331e-31,874.430391265387,-7.63495535064127e-28,2.95343980780861e-34,-70413.2041004721,3125.66091554764,3125.66090548545,0,1.39033003831944e-24,3125.66090548545,-1.19135114398984e-21,4.44811537747729e-28,-122804.478462882,"MPA"
"1608","Micropogonias","MT_60",2041,1653.16309909764,1653.16321470215,0,4.06435540656517e-29,1653.16321470215,-6.44656211416302e-26,2.45853262052016e-32,-92989.552040293,874.430391265387,874.430541888248,0.00117972138412311,1.40624127802782e-32,874.431721609632,-4.15675540178926e-29,1.6081797842788e-35,-70413.2041004721,3125.66090548545,3125.66091923931,0,1.27504247351945e-25,3125.66091923931,-1.09184869827422e-22,4.07927319076883e-29,-122804.478462882,"MPA"
"1609","Micropogonias","MT_60",2042,1653.16321470215,1653.16318375793,0,2.88201956398787e-30,1653.16318375793,-4.5696440026831e-27,1.74333637379828e-33,-92989.552040293,874.431721609632,874.431587842629,0.00063762819794447,7.65816758111612e-34,874.432225470827,-2.26339808302087e-30,8.75787942276055e-37,-70413.2041004721,3125.66091923931,3125.66091683403,0,1.17003775849209e-26,3125.66091683403,-1.00131150954098e-23,3.74332913493869e-30,-122804.478462882,"MPA"
"1610","Micropogonias","MT_60",2043,1653.16318375793,1653.1632106231,0,2.04432130910174e-31,1653.1632106231,-3.24031763450407e-28,1.23661192623858e-34,-92989.552040293,874.432225470827,874.432344376591,0.0004323126984554,4.17106297447404e-35,874.432776689289,-1.23260892120418e-31,4.77002431164943e-38,-70413.2041004721,3125.66091683403,3125.66092009256,0,1.07430829509239e-27,3125.66092009256,-9.18849601761891e-25,3.43705962891292e-31,-122804.478462882,"MPA"
"1611","Micropogonias","MT_60",2044,1653.1632106231,1653.16320324402,0,1.45058935210688e-32,1653.16320324402,-2.29847520639983e-29,8.77462880125279e-36,-92989.552040293,874.432776689289,874.432670904944,0.000207699587379633,2.27208876761436e-36,874.432878604531,-6.7134682208794e-33,2.59835727597127e-39,-70413.2041004721,3125.66092009256,3125.66091951514,0,9.86956631036676e-29,3125.66091951514,-8.43671704360637e-26,3.15759340590147e-32,-122804.478462882,"MPA"
"1612","Micropogonias","MT_60",2045,1653.16320324402,1653.1632095488,0,1.02962484537053e-33,1653.1632095488,-1.63092934146614e-30,6.22821051995444e-37,-92989.552040293,874.432878604531,874.432972788395,0.000166170650766872,1.23782609702577e-37,874.433138959045,-3.65700211525432e-34,1.41557588614378e-40,-70413.2041004721,3125.66091951514,3125.66092029099,0,9.07181977430282e-30,3125.66092029099,-7.75073026963359e-27,2.90236849354391e-33,-122804.478462882,"MPA"
"1613","Micropogonias","MT_60",2046,1653.1632095488,1653.16320778262,0,7.31053136561794e-35,1653.16320778262,-1.15762974273608e-31,4.4221473859304e-38,-92989.552040293,874.433138959045,874.433055043372,6.00819971112773e-05,6.74449501154016e-39,874.433115125369,-1.99232186308204e-35,7.71299109235279e-42,-70413.2041004721,3125.66092029099,3125.66092015188,0,8.34268588788724e-31,3125.66092015188,-7.12424699598587e-28,2.66909498523303e-34,-122804.478462882,"MPA"
"1614","Micropogonias","MT_60",2047,1653.16320778262,1653.16320927311,0,5.19218949007715e-36,1653.16320927311,-8.21939034385163e-33,3.14076037116387e-39,-92989.552040293,874.433115125369,874.433189940113,6.97919096132376e-05,3.67530894223048e-40,874.433259732023,-1.08554835764835e-36,4.20307611709094e-43,-70413.2041004721,3125.66092015188,3125.66092033737,0,7.67575666745054e-32,3125.66092033737,-6.55164634430323e-29,2.4557227618527e-35,-122804.478462882,"MPA"
"1615","Micropogonias","MT_60",2048,1653.16320927311,1653.16320884896,0,3.68875760382861e-37,1653.16320884896,-5.83769223730905e-34,2.23133298826019e-40,-92989.552040293,874.433259732023,874.433192987218,1.18635644656933e-05,2.00305311136001e-41,874.433204850783,-5.91552916488509e-38,2.29068724124326e-44,-70413.2041004721,3125.66092033737,3125.66092030376,0,7.06528599039213e-33,3125.66092030376,-6.02789602630392e-30,2.26041345189471e-36,-122804.478462882,"MPA"
"1616","Micropogonias","MT_60",2049,1653.16320884896,1653.16320920335,0,2.62140488706738e-38,1653.16320920335,-4.14735087210526e-35,1.58569031359683e-41,-92989.552040293,874.433204850783,874.433263433229,3.32427646247478e-05,1.09180344298178e-42,874.433296675993,-3.22397853529431e-39,1.24858415361322e-45,-70413.2041004721,3125.66092030376,3125.66092034826,0,6.50611329816988e-34,3125.66092034826,-5.5484835161932e-31,2.08151602622897e-37,-122804.478462882,"MPA"
"1617","Micropogonias","MT_60",2050,1653.16320920335,1653.16320910119,0,1.86341240390142e-39,1653.16320910119,-2.94730286316952e-36,1.12717993814988e-42,-92989.552040293,874.433296675993,874.43324433268,1.3111222103053e-06,5.95181426120993e-44,874.433245643802,-1.75729293725929e-40,6.80648173382074e-47,-70413.2041004721,3125.66092034826,3125.66092034012,0,5.99359707925944e-35,3125.66092034012,-5.10935614479845e-32,1.91754551501116e-38,-122804.478462882,"MPA"
"1618","Micropogonias","MT_60",2051,1653.16320910119,1653.16320918583,0,1.32495556872583e-40,1653.16320918583,-2.09507533124855e-37,8.01466885684011e-44,-92989.552040293,874.433245643802,874.433287168091,1.66448325007846e-05,3.24493807643445e-45,874.433303812923,-9.57963645800605e-42,3.71090428294981e-48,-70413.2041004721,3125.66092034012,3125.66092035082,0,5.52355673954143e-36,3125.66092035082,-4.70686885740809e-33,1.7671644110841e-39,-122804.478462882,"MPA"
"1619","Micropogonias","MT_60",2052,1653.16320918583,1653.16320916116,0,9.42340265679239e-42,1653.16320916116,-1.48967653182792e-38,5.70022524360036e-45,-92989.552040293,874.433303812923,874.433270068425,4.3878775940676e-07,1.76935540826817e-46,874.433270507212,-5.22283249260379e-43,2.02343094729241e-49,-70413.2041004721,3125.66092035082,3125.66092034885,0,5.09222171508644e-37,3125.66092034885,-4.33773856596215e-34,1.62916638907681e-40,-122804.478462882,"MPA"
"1620","Micropogonias","MT_60",2053,1653.16320916116,1653.16320918146,0,6.70386114143762e-43,1653.16320918146,-1.05949377612496e-39,4.05517199045283e-46,-92989.552040293,874.433270507212,874.433293557697,6.61628565920763e-06,9.64882933811004e-48,874.433300173982,-2.84783440706189e-44,1.10343803964357e-50,-70413.2041004721,3125.66092034885,3125.66092035143,0,4.69618683322818e-38,3125.66092035143,-3.99900418542972e-35,1.50246202416097e-41,-122804.478462882,"MPA"
"1621","Micropogonias","MT_60",2054,1653.16320918146,1653.16320917549,0,4.77034629615038e-44,1653.16320917549,-7.53729774068945e-41,2.88558701866609e-47,-92989.552040293,874.433300173982,874.433285689919,3.21255017188352e-08,5.26240772744394e-49,874.433285722045,-1.55301015806816e-45,6.01807790990267e-52,-70413.2041004721,3125.66092035143,3125.66092035095,0,4.33237308159218e-39,3125.66092035095,-3.68799157860952e-36,1.38606624070569e-42,-122804.478462882,"MPA"
"1622","Micropogonias","MT_60",2055,1653.16320917549,1653.16320918037,0,3.39530919695426e-45,1653.16320918037,-5.36340470085118e-42,2.05382576754031e-48,-92989.552040293,874.433285722045,874.433293848262,5.48047183781862e-07,2.87041039862199e-50,874.433294396309,-8.47001443709072e-47,3.28259507670442e-53,-70413.2041004721,3125.66092035095,3125.66092035157,0,3.99799306301987e-40,3125.66092035157,-3.40228274719431e-37,1.27908726023006e-43,-122804.478462882,"MPA"
"1623","Micropogonias","MT_60",2056,1653.16320918037,1653.16320917892,0,2.41718700141047e-46,1653.16320917892,-3.81742040877597e-43,1.46215871971219e-49,-92989.552040293,874.433294396309,874.433291521872,0,1.56585854033856e-51,874.433291521872,-4.62001790387179e-48,1.79071239667425e-54,-70413.2041004721,3125.66092035157,3125.66092035145,0,3.690520519869e-41,3125.66092035145,-3.13968870306021e-38,1.18071685122323e-44,-122804.478462882,"MPA"
"1624","Micropogonias","MT_60",2057,1653.16320917892,1653.1632091801,0,1.72123322908649e-47,1653.1632091801,-2.71769622609408e-44,1.04117561988412e-50,-92989.552040293,874.433291521872,874.433294100067,0,8.54298088645875e-53,874.433294100067,-2.52029968363998e-49,9.76973426021635e-56,-70413.2041004721,3125.66092035145,3125.66092035161,0,3.4076633982483e-42,3125.66092035161,-2.89822553516139e-39,1.0902217115301e-45,-122804.478462882,"MPA"
"1625","Micropogonias","MT_60",2058,1653.1632091801,1653.16320917975,0,1.2259277608779e-48,1653.16320917975,-1.93522017460404e-45,7.41564870346898e-52,-92989.552040293,874.433294100067,874.433293526511,0,4.66137560786284e-54,874.433293526511,-1.37502025512062e-50,5.33073893607996e-57,-70413.2041004721,3125.66092035161,3125.66092035158,0,3.14733999777834e-43,3125.66092035158,-2.67609325645722e-40,1.0069358378849e-46,-122804.478462882,"MPA"
"1626","Micropogonias","MT_60",2059,1653.16320917975,1653.16320918003,0,8.73339171444519e-50,1653.16320918003,-1.3783374009782e-46,5.28283696730612e-53,-92989.552040293,874.433293526511,874.433294152936,0,2.5436999705648e-55,874.433294152936,-7.502633967969e-52,2.9089697171822e-58,-70413.2041004721,3125.66092035158,3125.66092035161,0,2.90765781576134e-44,3125.66092035161,-2.471657073924e-41,9.30253757478686e-48,-122804.478462882,"MPA"
"1627","Micropogonias","MT_60",2060,1653.16320918003,1653.16320917995,0,6.22287672742683e-51,1653.16320917995,-9.81914336354959e-48,3.76422406019632e-54,-92989.552040293,874.433294152936,874.433294011617,0,1.38823876284903e-56,874.433294011617,-4.09416692012391e-53,1.58758680865862e-59,-70413.2041004721,3125.66092035161,3125.66092035161,0,2.68689474874671e-45,3125.66092035161,-2.28343077454294e-42,8.59624513731468e-49,-122804.478462882,"MPA"
"1628","Micropogonias","MT_60",2061,1653.16320917995,1653.16320918002,0,4.43493264823739e-52,1653.16320918002,-6.99651644151308e-49,2.68269498353846e-55,-92989.552040293,874.433294011617,874.433294163828,0,7.57719247375197e-58,874.433294163828,-2.23441493957248e-54,8.66526071873367e-61,-70413.2041004721,3125.66092035161,3125.66092035162,0,2.48348236049632e-46,3125.66092035162,-2.11006196258328e-43,7.94546313173646e-50,-122804.478462882,"MPA"
"1629","Micropogonias","MT_60",2062,1653.16320918002,1653.16320917999,0,3.16131582336834e-53,1653.16320917999,-4.98629179871738e-50,1.91228295295561e-56,-92989.552040293,874.433294163828,874.433294129045,0,4.13616372625253e-59,874.433294129045,-1.21957349983187e-55,4.73010777821283e-62,-70413.2041004721,3125.66092035162,3125.66092035162,0,2.29599096468323e-47,3125.66092035162,-1.95031891966522e-44,7.34561752918788e-51,-122804.478462882,"MPA"
"1630","Micropogonias","MT_60",2063,1653.16320917999,1653.16320918001,0,2.25388262928668e-54,1653.16320918001,-3.55433653980771e-51,1.36337574945468e-57,-92989.552040293,874.433294129045,874.433294166032,0,2.25804064809698e-60,874.433294166032,-6.6572885512672e-57,2.58229033964908e-63,-70413.2041004721,3125.66092035162,3125.66092035162,0,2.12311630425959e-48,3125.66092035162,-1.80307888996127e-45,6.79253558962742e-52,-122804.478462882,"MPA"
"1631","Micropogonias","MT_60",2064,1653.16320918001,1653.16320918001,0,1.60721829601603e-55,1653.16320918001,-2.53408954793259e-52,9.72207878260989e-59,-92989.552040293,874.433294166032,874.433294157476,0,1.23284877245766e-61,874.433294157476,-3.63438904994435e-58,1.4098831559627e-64,-70413.2041004721,3125.66092035162,3125.66092035162,0,1.96366763820949e-49,3125.66092035162,-1.66731761928829e-46,6.28240774750639e-53,-122804.478462882,"MPA"
"1632","Micropogonias","MT_60",2065,1653.16320918001,1653.16320918001,0,1.14629468163218e-56,1653.16320918001,-1.8070306910654e-53,6.9339474485448e-60,-92989.552040293,874.433294157476,874.433294166467,0,6.73180094077626e-63,874.433294166467,-1.98430975210486e-59,7.69847281176822e-66,-70413.2041004721,3125.66092035162,3125.66092035162,0,1.81655707107904e-50,3125.66092035162,-1.54209999944147e-47,5.81175347348518e-54,-122804.478462882,"MPA"
"1633","Mugil","MT",2015,396.747436105456,396.747436105456,308.84055569244,25.6795917210861,1024.93452767135,-92617.8279320681,0.0346191789216579,-250801.259654757,31.6050357519797,31.6050357519797,23.0808130996205,1.02842889024737,81.1423186793731,-35998.2256521093,0.0174044682816411,-124258.519236908,595.543900167449,595.543900167449,698.396197339865,655.298740755398,1156.54818358447,-2323900.27533697,0.588529626740634,-2626302.75152247,"MPA"
"1634","Mugil","MT",2016,548.199836081009,547.573311925728,368.365811600647,4.19689093746335,1388.47692417926,-10949.9954298208,0.00409980586605644,-169133.427152509,43.4000461476585,43.4000200538818,31.1833948445471,0.120552332691822,112.205135097452,-3072.14325671738,0.00148569914539612,-91332.4368415161,618.595146854193,618.469462248213,717.527014438514,104.093937614949,1769.85557580205,-355901.92410134,0.0913862586057874,-658304.400286843,"MPA"
"1635","Mugil","MT",2017,742.64531215149,742.108611450794,397.519434605823,0.674703016750211,1784.78495506763,-1296.66302345906,0.000486290025616868,-159480.094746148,60.0144058056302,60.01363859633,42.1252872036204,0.0142336291230757,154.315421462649,-262.244244404502,0.000126854523176063,-88522.5378292033,946.630746010785,942.926413401739,944.478041772758,25.0208844330033,2685.60840053276,-55260.5113497362,0.0143694981191528,-357662.987535239,"MPA"
"1636","Mugil","MT",2018,954.615922668632,954.274162359021,368.742437766719,0.103074032192582,2153.08255849255,-153.788133712832,5.77690852031274e-05,-158337.219856401,82.5376513978868,82.5358365516872,56.0783873311768,0.00167182969256713,210.390322117933,-22.3909974884995,1.08339091583238e-05,-88282.6845822873,1436.43329910525,1427.84057938433,1085.82829027662,6.06802199002432,3756.77594909844,-8688.26770981863,0.00228480871228757,-311090.743895321,"MPA"
"1637","Mugil","MT",2019,1151.60478427454,1151.43723500065,285.367151035582,0.014796821288824,2438.26736343295,-18.2679225626774,6.87297384477771e-06,-158201.699645251,112.530056295522,112.527285377311,73.085754351218,0.000194711540024231,283.4731108394,-1.91224063595038,9.25481463929257e-07,-88262.2058254347,2009.36148006247,1998.91343142004,950.227197058115,1.37152885806651,4695.18356865606,-1381.31032900222,0.000366858364599113,-303783.786514505,"MPA"
"1638","Mugil","MT",2020,1304.13966245483,1304.08440267484,183.328580100355,0.00199663310100928,2621.53868712022,-2.17326259414711,8.18884661917056e-07,-158185.604985283,151.619355871053,151.615967895321,92.555001860392,2.24162709507246e-05,376.024702307789,-0.163347267554155,7.90774566524384e-08,-88260.4569320663,2511.2812508672,2504.96333025173,564.295349589518,0.278661603601832,5252.88233602651,-221.766355255569,5.94026594823018e-05,-302624.242540758,"MPA"
"1639","Mugil","MT",2021,1402.16476248924,1402.15485018372,100.488969487004,0.000256132392142239,2722.01748816931,-0.258924678396359,9.77031468000764e-08,-158183.690647367,201.121803005195,201.118248449765,112.831381841238,2.54129353833077e-06,488.852527052304,-0.0139566156906445,6.75832696009430e-09,-88260.3075414145,2809.57383893102,2808.67456566881,216.644358855297,0.0508931087485941,5468.57652851084,-35.9068252211384,9.68810362430251e-06,-302438.383010724,"MPA"
"1640","Mugil","MT",2022,1455.90718288547,1455.90620112841,49.3384586199245,3.17739705688574e-05,2771.35493325819,-0.0308922860867044,1.16729486872268e-08,-158183.462614975,261.469262633516,261.465987854892,130.930056941304,2.82425401901363e-07,619.779308932558,-0.00119274125047964,5.7773185937283e-10,-88260.29477754,2924.94074069029,2925.136752776,58.560325391609,0.00869343898352084,5527.32417254918,-5.85598396674544,1.58973438203497e-06,-302408.332169469,"MPA"
"1641","Mugil","MT",2023,1482.29597024717,1482.29579270632,22.7359131725838,3.86998369185677e-06,2794.09066501994,-0.00369077482375342,1.39642297503166e-09,-158183.435413463,331.497189713346,331.494534835552,142.814872771988,3.06161047763763e-08,762.591526796135,-0.000101955275062418,4.93984230783857e-11,-88260.293686754,2956.36269786167,2956.27804685447,13.2212796229261,0.00144934746157897,5540.45935181744,-0.960910488009924,2.6221384216432e-07,-302403.437095991,"MPA"
"1642","Mugil","MT",2024,1494.45647815131,1494.45645831928,10.1473700457762,4.67343602665088e-07,2804.23801476634,-0.000441521517838776,1.67261430907458e-10,-158183.43216421,407.882199984248,407.880322926225,144.610522440114,3.22173901597778e-09,907.200172175004,-8.7170725697961e-06,4.2247253918676e-12,-88260.2935935158,2963.38822283654,2963.42548382826,2.95041781424873,0.000240675376029302,5543.44678994804,-0.15849419900523,4.34396786963747e-08,-302402.634679702,"MPA"
"1643","Mugil","MT",2025,1499.88392284895,1499.8839181145,4.46178331781056,5.62483647542635e-08,2808.69979329346,-5.28846660127323e-05,2.00583418596804e-11,-158183.431775573,485.228053355686,485.226911261589,134.554999081651,3.27857043410959e-10,1041.75402916223,-7.45469583293966e-07,3.6139441434071e-13,-88260.2935855442,2964.98609377295,2964.96950641125,0.607615710043654,4.00413822504129e-05,5544.037778255,-0.0262569466668988,7.22318847680897e-09,-302402.502442449,"MPA"
"1644","Mugil","MT",2026,1502.27036431536,1502.27036412785,1.9487287959958,6.76391318045824e-09,2810.64852189518,-6.34203417412233e-06,2.40820083250923e-12,-158183.431729031,557.195969698647,557.195377691759,114.467924042506,3.22126138334082e-11,1156.22136119781,-6.37659099540867e-08,3.09215169485351e-14,-88260.2935848625,2965.30219171312,2965.30963613952,0.143852798842833,6.67989983030613e-06,5544.18906880035,-0.00436602821124228,1.20488014903493e-09,-302402.480551531,"MPA"
"1645","Mugil","MT",2027,1503.31266767347,1503.31266747883,0.848613638442396,8.1353005907774e-10,2811.49713533817,-7.6142314262335e-07,2.89445675167397e-13,-158183.43172345,618.420341562778,618.420079556877,89.2363243157136,3.05968229922211e-12,1245.45742350762,-5.45565914258551e-09,2.64627728597833e-15,-88260.2935848042,2965.38311146938,2965.37972432544,0.025115527781456,1.11730849844645e-06,5544.21079606688,-0.000728285112976663,2.01527836683044e-10,-302402.476913788,"MPA"
"1646","Mugil","MT",2028,1503.7665598371,1503.76655986192,0.369068767313392,9.79116327945465e-11,2811.86620413021,-9.15167012425773e-08,3.48254428446271e-14,-158183.43172278,666.149433919435,666.149332736879,64.3734045787687,2.82119273402894e-13,1309.83072690384,-4.66880416487539e-10,2.26518601593792e-16,-88260.2935847992,2965.39473258627,2965.39630381815,0.00806279824828101,1.87318868153745e-07,5544.2204299097,-0.000121812715637979,3.37863907163193e-11,-302402.476307315,"MPA"
"1647","Mugil","MT",2029,1503.96396117917,1503.96396116446,0.160420480635267,1.17938344752592e-11,2812.02662459612,-1.10110797070431e-08,4.1943085549149e-15,-158183.4317227,700.580349667755,700.580314227378,43.6128628899177,2.54027236590332e-14,1353.44355435338,-3.99634105841964e-11,1.93938981158628e-17,-88260.2935847988,2965.39988537497,2965.39913868226,0.00060755838406595,3.1468286850852e-08,5544.22029074391,-2.04220521997622e-05,5.67587220149914e-12,-302402.476205925,"MPA"
"1648","Mugil","MT",2030,1504.04976419463,1504.04976419873,0.0697117553258884,1.4218608185085e-12,2812.09633635555,-1.32615296397069e-09,5.0563561741266e-16,-158183.43172269,723.907249302201,723.907237585242,28.2022032588163,2.24780153031526e-15,1381.64574589523,-3.42149492164158e-12,1.66080182891323e-18,-88260.2935847988,2965.3998109403,2965.40011900158,0.000610972568569967,5.29590458419472e-09,5544.22120977246,-3.43075883286547e-06,9.55211792404399e-13,-302402.476188933,"MPA"
"1649","Mugil","MT",2031,1504.08705045444,1504.08705045285,0.0302904610656351,1.71568934316973e-13,2812.12662681503,-1.59871443426985e-10,6.10110443582189e-17,-158183.431722689,738.991565776052,738.991562021481,17.6583215905951,1.96542940023628e-16,1399.30406373126,-2.92997224702206e-13,1.42252773989512e-19,-88260.2935847988,2965.40030249492,2965.40014571916,1.33210209030318e-05,8.92678018580415e-10,5544.22106631683,-5.77374045323248e-07,1.61010534007173e-13,-302402.47618608,"MPA"
"1650","Mugil","MT",2032,1504.10325170874,1504.10325170927,0.013160903707299,2.07199276181528e-14,2812.13978771927,-1.9290420469336e-11,7.36806352195449e-18,-158183.431722689,748.436351449502,748.436350267761,10.8251041496936,1.7053155714769e-17,1410.12916669921,-2.50959271199659e-14,1.21868835778999e-20,-88260.2935847988,2965.40022576577,2965.40024389432,1.26987911739054e-05,1.50682747501178e-10,5544.22109714403,-9.73221898014169e-08,2.71783440602274e-14,-302402.4761856,"MPA"
"1651","Mugil","MT",2033,1504.11029099305,1504.11029099286,0.00571816591302243,2.50432402806282e-15,2812.14550588499,-2.32962809411774e-12,8.90540377473163e-19,-158183.431722689,754.226301453503,754.226301085456,6.54804283996217,1.47255400186754e-18,1416.67720917113,-2.14997399022793e-15,1.04426887737844e-21,-88260.2935847988,2965.4002422541,2965.4002405644,4.89370331285976e-08,2.54674227081557e-11,5544.22109550323,-1.6427844149555e-08,4.59350777182428e-15,-302402.476185519,"MPA"
"1652","Mugil","MT",2034,1504.11334942989,1504.11334942995,0.00248441441290088,3.02920708084605e-16,2812.14799029947,-2.81570303190452e-13,1.07718717772847e-19,-158183.431722689,757.728608881775,757.728608767767,3.92837439741968,1.26791293818625e-19,1420.60558345454,-1.84226327586502e-16,8.94990707818394e-23,-88260.2935847988,2965.4002413765,2965.40024122939,0,4.30930798084793e-12,5544.22109535612,-2.77652787116456e-09,7.77261206906752e-16,-302402.476185505,"MPA"
"1653","Mugil","MT",2035,1504.11467825195,1504.11467825192,0.00107941797147191,3.66679725175802e-17,2812.14906971742,-3.40584130421342e-14,1.30391333045297e-20,-158183.431722689,759.829752008569,759.829751973317,2.34499671182484,1.0898921283163e-20,1422.95058013111,-1.57890927623812e-17,7.67202481117924e-24,-88260.2935847988,2965.40024129782,2965.40024226444,0,7.29939911350633e-13,5544.22109632274,-4.69812507423861e-10,1.31657792633466e-16,-302402.476185503,"MPA"
"1654","Mugil","MT",2036,1504.11525559296,1504.11525559297,0.000468980257290585,4.44168786789921e-18,2812.14953869768,-4.12270213457616e-15,1.57946387541452e-21,-158183.431722689,761.084004606175,761.084004595269,1.39561547659162,9.35998875607007e-22,1424.3461955968,-1.35346872465897e-18,6.57787338981768e-25,-88260.2935847988,2965.40024181483,2965.40024320364,0,1.23761562279727e-13,5544.22109771155,-7.9580039669258e-11,2.23226238861015e-17,-302402.476185503,"MPA"
"1655","Mugil","MT",2037,1504.11550643328,1504.11550643328,0.000203760099170246,5.38389633675013e-19,2812.14974245778,-4.99393551544607e-16,1.91451281756639e-22,-158183.431722689,761.830468062001,761.830468058622,0.829103636341269,8.03450960806753e-23,1425.17529922976,-1.16044211997375e-19,5.64084043114328e-26,-88260.2935847988,2965.40024255765,2965.40024395838,0,2.10024748194456e-14,5544.22109911227,-1.3492823013699e-11,3.78817410938148e-18,-302402.476185503,"MPA"
"1656","Mugil","MT",2038,1504.11561541708,1504.11561541708,8.85286022526877e-05,6.53007024535667e-20,2812.14983098638,-6.05329042520902e-17,2.32209193798104e-23,-158183.431722689,762.273925144783,762.273925143733,0.492024806518189,6.89528068957109e-24,1425.66732403523,-9.95134168984964e-21,4.83819828571101e-27,-88260.2935847988,2965.40024330685,2965.40024453848,0,3.5670731317555e-15,5544.2211003439,-2.28974707739344e-12,6.43385800810552e-19,-302402.476185503,"MPA"
"1657","Mugil","MT",2039,1504.11566276777,1504.11566276777,3.84634288958253e-05,7.92496300741319e-21,2812.14986944981,-7.34197063890148e-18,2.818115493026e-24,-158183.431722689,762.537091142633,762.537091142306,0.291802419168795,5.91727836781211e-25,1425.95912645407,-8.53535125345557e-22,4.15053236337336e-28,-88260.2935847988,2965.4002439656,2965.40024497545,0,6.06295591118199e-16,5544.22110135375,-3.88892039939195e-13,1.0935631536737e-19,-302402.476185503,"MPA"
"1658","Mugil","MT",2040,1504.11568334045,1504.11568334045,1.67113827878323e-05,9.6232396895019e-22,2812.1498861612,-8.91029371759147e-19,3.42202234455757e-25,-158183.431722689,762.693165539444,762.693165539342,0.172992298992197,5.0782030562338e-26,1426.13211875296,-7.32219830928388e-23,3.56125428984894e-29,-88260.2935847988,2965.40024450573,2965.40024530111,0,1.03125072567375e-16,5544.22110214913,-6.60999986475742e-14,1.86004617568358e-20,-302402.476185503,"MPA"
"1659","Mugil","MT",2041,1504.11569227875,1504.11569227875,7.26067047588562e-06,1.16916872874746e-22,2812.14989342187,-1.08197212901735e-19,4.15756192264512e-26,-158183.431722689,762.785692766632,762.785692766601,0.102533874947919,4.35852672313162e-27,1426.23465262788,-6.28261774143278e-24,3.05618719739852e-30,-88260.2935847988,2965.40024493115,2965.40024554227,0,1.75521508862589e-17,5544.22110276025,-1.12429766204235e-14,3.16584612389271e-21,-302402.476185503,"MPA"
"1660","Mugil","MT",2042,1504.11569616222,1504.11569616222,3.15457660630803e-06,1.42119204668828e-23,2812.14989657644,-1.31453441036503e-20,5.05375638052834e-27,-158183.431722689,762.840534370564,762.840534370553,0.0607645509017281,3.74131638429604e-28,1426.29541717877,-5.39159900567242e-25,2.62321237070111e-31,-88260.2935847988,2965.40024525802,2965.40024572009,0,2.98925669874049e-18,5544.22110322232,-1.91358335185958e-15,5.39166213492282e-22,-302402.476185503,"MPA"
"1661","Mugil","MT",2043,1504.11569784949,1504.11569784949,1.37058325012816e-06,1.72836943236564e-24,2812.14989794703,-1.59789241565289e-21,6.14607860864666e-28,-158183.431722689,762.873035097136,762.873035097133,0.0360080021788197,3.21197177206834e-29,1426.33142518094,-4.62776261345447e-26,2.25196809397429e-32,-88260.2935847988,2965.40024550516,2965.4002458508,0,5.09383634417337e-19,5544.22110356796,-3.25896916542275e-16,9.1876500762422e-23,-302402.476185503,"MPA"
"1662","Mugil","MT",2044,1504.11569858256,1504.11569858256,5.95483590295505e-07,2.10289609212849e-25,2812.14989854251,-1.94326193336083e-22,7.47789473691885e-29,-158183.431722689,762.892294455034,762.892294455033,0.0213367121534869,2.75794434950854e-30,1426.35276189309,-3.97282877749318e-27,1.93359292294823e-33,-88260.2935847988,2965.40024569003,2965.40024594666,0,8.68478618940738e-20,5544.22110382459,-5.55343928307829e-17,1.56645740261289e-23,-302402.476185503,"MPA"
"1663","Mugil","MT",2045,1504.11569890106,1504.11569890106,2.5872250549937e-07,2.55968372743333e-26,2812.14989880123,-2.36435442974779e-23,9.10223074794117e-30,-158183.431722689,762.90370667873,762.90370667873,0.0126428202547032,2.36846842272511e-31,1426.36540471335,-3.41116446568702e-28,1.66050677364105e-34,-88260.2935847988,2965.40024582729,2965.40024601683,0,1.48146118037947e-20,5544.22110401412,-9.46839072314455e-18,2.67208170929089e-24,-302402.476185503,"MPA"
"1664","Mugil","MT",2046,1504.11569903945,1504.11569903945,1.12408423433814e-07,3.11696903723672e-27,2812.14989891364,-2.87793561511772e-24,1.10839363099578e-30,-158183.431722689,762.910468858952,762.910468858952,0.00749123315101869,2.03431687412201e-32,1426.3728959465,-2.92939718812907e-29,1.42622421113111e-35,-88260.2935847988,2965.40024592867,2965.40024606811,0,2.5282738123851e-21,5544.22110415357,-1.6151293757195e-18,4.56019658118351e-25,-302402.476185503,"MPA"
"1665","Mugil","MT",2047,1504.11569909957,1504.11569909957,4.88385136694117e-08,3.79705913664258e-28,2812.14989896248,-3.50450960269695e-25,1.3502335483999e-31,-158183.431722689,762.914475644434,762.914475644434,0.00443872713787553,1.74758517244886e-33,1426.37733467364,-2.51608559930237e-30,1.22519516279031e-36,-88260.2935847988,2965.40024600325,2965.40024610556,0,4.31665413292998e-22,5544.22110425587,-2.75639305179766e-19,7.78586216501367e-26,-302402.476185503,"MPA"
"1666","Mugil","MT",2048,1504.11569912569,1504.11569912569,2.12188674770281e-08,4.62724481284467e-29,2812.1498989837,-4.26915700697398e-26,1.64544742602514e-32,-158183.431722689,762.916849756558,762.916849756558,0.00263003231672184,1.50150319486135e-34,1426.37996470595,-2.16143848609301e-31,1.05266899463521e-37,-88260.2935847988,2965.40024605797,2965.40024613287,0,7.3730504989352e-23,5544.22110433077,-4.70613404309162e-20,1.32986227646576e-26,-302402.476185503,"MPA"
"1667","Mugil","MT",2049,1504.11569913704,1504.11569913704,9.21890817366406e-09,5.64091954449886e-30,2812.14989899292,-5.20256174700083e-27,2.00590997888749e-33,-158183.431722689,762.918256464251,762.918256464251,0.00155834008210945,1.29027264310499e-35,1426.38152304604,-1.85707497444645e-32,9.04578495934618e-39,-88260.2935847988,2965.40024609803,2965.40024615277,0,1.25983091425114e-23,5544.2211043855,-8.0383007035776e-21,2.27233165947702e-27,-302402.476185503,"MPA"
"1668","Mugil","MT",2050,1504.11569914197,1504.11569914197,4.0056953198744e-09,6.87895080705196e-31,2812.14989899692,-6.34226919622519e-28,2.44615367392593e-34,-158183.431722689,762.919089963128,762.919089963128,0.000923341851083018,1.10892723854905e-36,1426.38244638789,-1.59581985856357e-33,7.77440832366462e-40,-88260.2935847988,2965.40024612731,2965.40024616726,0,2.15343334616352e-24,5544.22110442546,-1.3735020159891e-21,3.88410437754754e-28,-302402.476185503,"MPA"
"1669","Mugil","MT",2051,1504.11569914411,1504.11569914411,1.74038606991044e-09,8.39136073657077e-32,2812.14989899866,-7.73422798563367e-29,2.98396637375693e-35,-158183.431722689,762.919583824773,762.919583824773,0.000547094413824139,9.5321282768901e-38,1426.3829934823,-1.3715288659277e-34,6.68272965713288e-41,-88260.2935847988,2965.40024614868,2965.40024617781,0,3.68209031118212e-25,5544.22110445459,-2.34773175413198e-22,6.64131217321589e-29,-302402.476185503,"MPA"
"1670","Mugil","MT",2052,1504.11569914504,1504.11569914504,7.56221318599071e-10,1.02393861732551e-32,2812.14989899942,-9.43467962871719e-30,3.64112388777751e-36,-158183.431722689,762.919876445482,762.919876445482,0.000324161723111196,8.19484715945336e-39,1426.38331764403,-1.17893944391403e-35,5.74519410067198e-42,-88260.2935847988,2965.40024616426,2965.40024618549,0,6.29783995528246e-26,5544.22110447582,-4.01431526101446e-23,1.13592871507638e-29,-302402.476185503,"MPA"
"1671","Mugil","MT",2053,1504.11569914545,1504.11569914545,3.28761170962374e-10,1.24980039996468e-33,2812.14989899975,-1.15124746953493e-30,4.44428798197908e-37,-158183.431722689,762.920049827682,762.920049827682,0.000192070648043773,7.04619823581381e-40,1426.38350971467,-1.01354331011746e-36,4.93990510731162e-43,-88260.2935847988,2965.40024617561,2965.40024619107,0,1.07749171403965e-26,5544.22110449128,-6.86607684961087e-24,1.94345011451617e-30,-302402.476185503,"MPA"
"1672","Mugil","MT",2054,1504.11569914562,1504.11569914562,1.42839842808051e-10,1.52590271989131e-34,2812.14989899989,-1.40519121316165e-31,5.42610733671791e-38,-158183.431722689,762.920152559217,762.920152559217,0.000113804690798134,6.05941552106881e-41,1426.38362351936,-8.71477566466358e-38,4.24809700883383e-44,-88260.2935847988,2965.40024618388,2965.40024619513,0,1.84396602939831e-27,5544.22110450253,-1.17471084783307e-24,3.32592440785694e-31,-302402.476185503,"MPA"
"1673","Mugil","MT",2055,1504.1156991457,1504.1156991457,6.21503395159909e-11,1.86349010101694e-35,2812.14989899995,-1.71562202587795e-32,6.62656745886722e-39,-158183.431722689,762.920213429167,762.920213429167,6.74309471916992e-05,5.21155530496924e-42,1426.38369095031,-7.49431651574968e-39,3.65368419760078e-45,-88260.2935847988,2965.4002461899,2965.40024619808,0,3.15646230425366e-28,5544.22110451071,-2.01034204675482e-25,5.69324751801522e-32,-302402.476185503,"MPA"
"1674","Mugil","MT",2056,1504.11569914573,1504.11569914573,2.68376466091785e-11,2.2763357963688e-36,2812.14989899998,-2.09518249140925e-33,8.09464601150281e-40,-158183.431722689,762.920249495504,762.920249495504,3.99538209552323e-05,4.48294665068074e-43,1426.38373090413,-6.44567809249755e-40,3.1428757066719e-46,-88260.2935847988,2965.40024619427,2965.40024620022,0,5.40442598771722e-29,5544.22110451666,-3.44126127491374e-26,9.74785436194138e-33,-302402.476185503,"MPA"
"1675","Mugil","MT",2057,1504.11569914575,1504.11569914575,1.16531886592487e-11,2.7813126683609e-37,2812.14989899999,-2.5593583258195e-34,9.89034286312388e-41,-158183.431722689,762.920270865335,762.920270865335,2.36732212204844e-05,3.85672141309128e-44,1426.38375457735,-5.5445309430146e-41,2.70384562690339e-47,-88260.2935847988,2965.40024619746,2965.40024620178,0,9.25535011400187e-30,5544.22110452098,-5.89205258037723e-27,1.66936886886814e-33,-302402.476185503,"MPA"
"1676","Mugil","MT",2058,1504.11569914575,1504.11569914575,4.943777006954e-12,3.39909336785248e-38,2812.149899,-3.12712023675587e-35,1.20871699231297e-41,-158183.431722689,762.920283527272,762.920283527272,1.40267281340776e-05,3.31841221022401e-45,1426.38376860408,-4.77001228891355e-42,2.32645120892258e-48,-88260.2935847988,2965.40024619977,2965.40024620291,0,1.585345511673e-30,5544.22110452413,-1.00904350703256e-27,2.85945578609814e-34,-302402.476185503,"MPA"
"1677","Mugil","MT",2059,1504.11569914576,1504.11569914576,2.11876157440886e-12,4.1550091779771e-39,2812.149899,-3.82171115752271e-36,1.47752051889362e-42,-158183.431722689,762.920291029654,762.920291029654,8.31104038959223e-06,2.85560846241607e-46,1426.38377691512,-4.10422871248123e-43,2.0019916976556e-49,-88260.2935847988,2965.40024620145,2965.40024620374,0,2.71604341683185e-31,5544.22110452642,-1.72838690622361e-28,4.89887283646668e-35,-302402.476185503,"MPA"
"1678","Mugil","MT",2060,1504.11569914576,1504.11569914576,1.05938078720443e-12,5.08010357418657e-40,2812.149899,-4.67161187311448e-37,1.80648392036038e-43,-158183.431722689,762.920295474924,762.920295474924,4.92441230130259e-06,2.45766205594178e-47,1426.38378183953,-3.531830702542e-44,1.72300196883691e-50,-88260.2935847988,2965.40024620267,2965.40024620433,0,4.65399058626805e-32,5544.22110452808,-2.96110459443659e-29,8.39430913472849e-36,-302402.476185503,"MPA"
"1679","Mugil","MT",2061,1504.11569914576,1504.11569914576,3.53126929068144e-13,6.21242476258548e-41,2812.149899,-5.71172557201799e-38,2.20913713198383e-44,-158183.431722689,762.920298108811,762.920298108811,2.91778586962811e-06,2.11543542138616e-48,1426.38378475732,-3.03964859654124e-45,1.48307590728352e-51,-88260.2935847988,2965.40024620356,2965.40024620477,0,7.9759970913965e-33,5544.22110452928,-5.07390744273601e-30,1.43861453953962e-36,-302402.476185503,"MPA"
"1680","Mugil","MT",2062,1504.11569914576,1504.11569914576,0,7.59861154300392e-42,2812.149899,-6.98483108907458e-39,2.70206490262343e-45,-158183.431722689,762.920299669428,762.920299669428,1.72883047381838e-06,1.82108587086303e-49,1426.38378648615,-2.6163809918198e-46,1.27671520829358e-52,-88260.2935847988,2965.40024620421,2965.40024620508,0,1.36713122472135e-33,5544.22110453016,-8.69564951950559e-31,2.46586706941484e-37,-302402.476185503,"MPA"
"1681","Mugil","MT",2063,1504.11569914576,1504.11569914576,0,9.2958392297261e-43,2812.149899,-8.54336594287961e-40,3.30559876378983e-46,-158183.431722689,762.920300594116,762.920300594116,1.02435712607045e-06,1.56788093763536e-50,1426.38378751051,-2.2523280073119e-47,1.09919991554151e-53,-88260.2935847988,2965.40024620468,2965.40024620531,0,2.34367028960327e-34,5544.2211045308,-1.49048374029249e-31,4.22723092282208e-38,-302402.476185503,"MPA"
"1682","Mugil","MT",2064,1504.11569914576,1504.11569914576,0,1.13742075777974e-43,2812.149899,-1.04516141977078e-40,4.04466617581163e-47,-158183.431722689,762.920301142007,762.920301142007,6.0694652445077e-07,1.35004022915496e-51,1426.38378811745,-1.9391628918692e-48,9.46477547610945e-55,-88260.2935847988,2965.40024620502,2965.40024620548,0,4.0182745088629e-35,5544.22110453126,-2.55513325721289e-32,7.24768084299367e-39,-302402.476185503,"MPA"
"1683","Mugil","MT",2065,1504.11569914576,1504.11569914576,0,1.3919671353372e-44,2812.149899,-1.27883912866774e-41,4.94983263812567e-48,-158183.431722689,762.92030146664,762.92030146664,3.59624697739734e-07,1.16259995928891e-52,1426.38378847708,-1.66973642588925e-49,8.15068124703879e-56,-88260.2935847988,2965.40024620526,2965.4002462056,0,6.89025726706771e-36,5544.2211045316,-4.38083244036142e-33,1.24278183303987e-39,-302402.476185503,"MPA"
"1684","Mugil","MT_20",2015,483.413412847778,483.413412847778,375.480271577579,37.3220226007383,1241.96570267684,-110466.325128313,0.0412942186391025,-302033.036855846,40.117453461008,40.117453461008,29.2381889319054,1.57510766632079,102.668144215585,-43436.1576519507,0.0210000179237339,-150607.417468476,719.179319328013,719.179319328013,843.699306576307,904.226603625298,1284.07674595101,-2653547.5462437,0.672485411844993,-3018797.75918042,"MPA"
"1685","Mugil","MT_20",2016,664.28184068748,663.371283709034,446.214394326639,7.34511004944375,1679.92442997559,-15817.7769100434,0.00592278830931456,-207384.488637577,54.9134196479836,54.9133798357642,39.3526474369303,0.223471998261995,141.797279842033,-4501.0382264029,0.00217666013852409,-111672.298042928,686.805491122546,686.633763909982,813.505732236084,159.031795759561,1938.37895521497,-491195.599801459,0.126188834393219,-856445.812738178,"MPA"
"1686","Mugil","MT_20",2017,898.529879009404,897.721008105605,481.398330417071,1.42800724096656,2159.0858822479,-2268.55460871005,0.000850831509022263,-193835.266336244,75.842157198807,75.840984824898,53.043763479324,0.0319985567121529,194.807872390736,-466.52812510445,0.000225666105719802,-107637.787941629,1036.7677123006,1031.69956510244,1079.63462007767,45.5126349247246,2967.43279316976,-92165.4135451454,0.0239737687768544,-457415.626481864,"MPA"
"1687","Mugil","MT_20",2018,1154.8157416672,1154.29108390903,446.920603888784,0.264194119287189,2605.21763425922,-325.859415245662,0.000122412026758637,-191892.571142779,104.195576233076,104.192755264699,70.4413067134111,0.0045587869436199,265.241799348828,-48.366609426382,2.34016231602113e-05,-107219.626425951,1587.17081616231,1575.04297245424,1296.49696940559,13.4584995653109,4238.34341930197,-17508.3046635608,0.00460514156622364,-382758.51760028,"MPA"
"1688","Mugil","MT_20",2019,1393.43523073721,1393.17351117835,346.268001661572,0.0459455952798454,2951.17797076667,-46.8788541264132,1.76379887069875e-05,-191613.59058166,141.868096936123,141.863749255217,91.5087691649852,0.000643825812612131,356.745577007094,-5.01550649968426,2.42732945201255e-06,-107176.275323025,2266.93423334586,2251.09834964503,1222.95584235851,3.75741092804582,5441.70596703161,-3362.8041553736,0.000893197773938133,-368613.017092093,"MPA"
"1689","Mugil","MT_20",2020,1578.47670864976,1578.38776433796,222.709360940457,0.00751079447452358,3173.79087660085,-6.75422855652048,2.54506294207572e-06,-191573.46595609,190.810106946288,190.804771585217,115.387706344818,8.98402115104388e-05,472.12785815063,-0.520216243500404,2.51833616532266e-07,-107171.780032768,2910.56866423016,2899.39042905347,804.67408455217,0.948884074971213,6234.25293233213,-652.167677175792,0.000174695226542235,-365902.380613895,"MPA"
"1690","Mugil","MT_20",2021,1697.54417607627,1697.52740820302,122.185725490996,0.00116715758556698,3295.95866706101,-0.974559509425018,3.67749165132322e-07,-191567.686287043,252.523851484926,252.518259575278,139.874615646278,1.23383959370823e-05,611.996869548864,-0.0539699101080968,2.61336471556403e-08,-107171.313786435,3334.47292809701,3331.80741189172,343.656796389962,0.214536882317215,6575.02967563448,-127.544537752707,3.44127633406785e-05,-365377.757474472,"MPA"
"1691","Mugil","MT_20",2022,1762.88724033697,1762.88552771296,60.0248689860952,0.000175375545961802,3355.98164804755,-0.140816090440277,5.32092684276416e-08,-191566.852543624,327.33464871266,327.329524434081,161.147786442078,1.6601045063452e-06,773.13953005226,-0.00560037586609118,2.71260631026608e-09,-107171.265416901,3516.74189238199,3517.07185758623,100.171829786144,0.0448425350648123,6675.4866280898,-25.1239125023715,6.82021233119759e-06,-365275.336849221,"MPA"
"1692","Mugil","MT_20",2023,1794.99132840265,1794.99102910255,27.6683225073176,2.58704114704311e-05,3383.64964538436,-0.0203743297533407,7.70874645909219e-09,-191566.732101864,413.523939529434,413.519825083716,174.22981543379,2.17736167425145e-07,947.365230822596,-0.00058127267656807,2.81626147608685e-10,-107171.260397798,3570.47262676784,3570.36202748662,23.2069280351961,0.0090697838307273,6698.57388705994,-4.97922502959837,1.35866913841433e-06,-365255.192161749,"MPA"
"1693","Mugil","MT_20",2024,1809.78992401557,1809.78988868262,12.3504637650118,3.78359649862991e-06,3396.00007003282,-0.00295173734681522,1.11819984280609e-09,-191566.714679271,506.710868084174,506.707999243394,174.609405976591,2.77060709064433e-08,1121.9717679307,-6.03448418792455e-05,2.92454041653753e-11,-107171.25987687,3582.82115366521,3582.85640134686,5.18479978071796,0.00182098917469033,6703.79211353313,-0.991920079584251,2.71847562199708e-07,-365251.204856799,"MPA"
"1694","Mugil","MT_20",2025,1816.39571256599,1816.39570473912,5.43081456324175,5.514932911581e-07,3401.43087621771,-0.000428166258752168,1.62394958735975e-10,-191566.7121557,600.101492009011,600.099777249952,160.641373797756,3.40817216413383e-09,1282.61142696599,-6.26612113804627e-06,3.03766338568214e-12,-107171.259822791,3585.61219135592,3585.60190484856,1.09411450734018,0.000365988672784067,6704.87557554443,-0.198466957954029,5.45942653986556e-08,-365250.411403677,"MPA"
"1695","Mugil","MT_20",2026,1819.30045133706,1819.30045090282,2.37202758289622,8.03124882278584e-08,3403.80290328605,-6.21820657034232e-05,2.3611383312575e-11,-191566.711789716,686.021745814229,686.020874979869,135.104072028908,4.04774339541237e-10,1417.71462816013,-6.50813967621939e-07,3.155861130992e-13,-107171.259817176,3586.19169539345,3586.19383026939,0.243965054177316,7.37448865039209e-05,6705.12160172966,-0.0398574725117776,1.09986969116819e-08,-365250.252794191,"MPA"
"1696","Mugil","MT_20",2027,1820.56916149848,1820.56916119366,1.03295993909659,1.1697929263626e-08,3404.83586290863,-9.04094556145795e-06,3.43672345198834e-12,-191566.711736575,758.283486197706,758.283108723853,104.213804788249,4.64921850260259e-11,1521.92805547448,-6.76106276304552e-08,3.27937545133356e-14,-107171.259816592,3586.32328576413,3586.32349155991,0.0508798228950789,1.48977041346924e-05,6705.17267245063,-0.008029785675069,2.22183944688328e-09,-365250.220966505,"MPA"
"1697","Mugil","MT_20",2028,1821.12165366309,1821.12165369535,0.449244761658124,1.70497087670862e-09,3405.28510770084,-1.31594255333951e-06,5.00749799801829e-13,-191566.71172885,814.023421021607,814.023277852143,74.5110124642755,5.18743068695991e-12,1596.43892476929,-7.02542645730669e-09,3.40845986692815e-15,-107171.259816532,3586.3506016171,3586.34994242354,0.0107969396878833,3.01655312548372e-06,6705.1828071802,-0.00162209165557845,4.4988448696306e-10,-365250.214558811,"MPA"
"1698","Mugil","MT_20",2029,1821.36193820303,1821.36193818093,0.195270439296132,2.48703938394752e-10,3405.48037811779,-1.91740164064841e-07,7.30346888818053e-14,-191566.711727726,853.876548446702,853.876498950176,50.1368890633493,5.65679030695668e-13,1646.57576433611,-7.30177808142372e-10,3.54338034546561e-16,-107171.259816526,3586.35602231173,3586.35660198269,0.00284791271208468,6.12048000742018e-07,6705.18623415183,-0.000328445816657788,9.12798375762797e-11,-365250.213265165,"MPA"
"1699","Mugil","MT_20",2030,1821.46638117736,1821.46638118334,0.0848561141429056,3.631012914732e-11,3405.56523423788,-2.7965428558282e-08,1.066226350345e-14,-191566.711727562,880.692902555289,880.692886324814,32.2638319812737,6.06667013029734e-14,1678.83958008691,-7.59068105592567e-11,3.68441602381064e-17,-107171.259816525,3586.35785527299,3586.35744742269,0.000409926155568449,1.24404808876358e-07,6705.18623610327,-6.66403969395601e-05,1.85535203421064e-11,-365250.213003359,"MPA"
"1700","Mugil","MT_20",2031,1821.51176759948,1821.5117675971,0.0368708526862591,5.30579958032217e-12,3405.60210508818,-4.08264577325876e-09,1.55797913573356e-15,-191566.711727538,897.94963264723,897.949627472051,20.1359606362454,6.43307807229373e-15,1698.97553554798,-7.8927223442515e-12,3.83185990408126e-18,-107171.259816525,3586.35785631675,3586.35797676276,0.000191762073318569,2.53266282485991e-08,6705.18654828603,-1.35453128867824e-05,3.77717000934569e-12,-365250.212950264,"MPA"
"1701","Mugil","MT_20",2032,1821.53148846315,1821.53148846395,0.0160200215150046,7.75962155354202e-13,3405.61812511049,-5.96559716460461e-10,2.27848741987465e-16,-191566.711727534,908.719615690118,908.71961406619,12.3183564626646,6.77214968222828e-16,1711.29389038671,-8.20851854874917e-13,3.98601953973779e-19,-107171.259816525,3586.35802329184,3586.35794034498,7.9204196026865e-07,5.16336320809633e-09,6705.18646612605,-2.75758716719056e-06,7.70055116202375e-13,-365250.212939477,"MPA"
"1702","Mugil","MT_20",2033,1821.54005698472,1821.54005698443,0.00696039946173965,1.13574747180537e-13,3405.62508550966,-8.72446731915444e-11,3.33492314781629e-17,-191566.711727534,915.30825127714,915.308250772299,7.44168686350945,7.09710837573248e-17,1718.73557674538,-8.53871952904175e-14,4.14721773717601e-20,-107171.259816525,3586.35797934748,3586.35798432304,3.04548022800571e-07,1.0540021089815e-09,6705.1864714051,-5.6219182648136e-07,1.57192065294204e-13,-365250.212937281,"MPA"
"1703","Mugil","MT_20",2034,1821.5437798466,1821.54377984671,0.00302413707233062,1.66363548087668e-14,3405.62810964684,-1.27696241488629e-11,4.88496366777177e-18,-191566.711727534,919.288535999577,919.288535843354,4.46098343060973,7.41770747108783e-18,1723.19656001977,-8.88401029766738e-15,4.31579329098088e-21,-107171.259816525,3586.35798217105,3586.35799435184,0,2.15403094967405e-10,6705.18648358567,-1.14760739116838e-07,3.21248478117189e-14,-365250.212936834,"MPA"
"1704","Mugil","MT_20",2035,1821.54539734651,1821.54539734647,0.00131391442054399,2.43867098776163e-15,3405.62942356122,-1.87048238356728e-12,7.1607084192599e-19,-191566.711727534,921.674552114514,921.674552066233,2.66166653472171,7.74077430295745e-19,1725.85822650621,-9.24511220902968e-16,4.4921017616636e-22,-107171.259816525,3586.35798868599,3586.35799998413,0,4.40676456910178e-11,6705.18649488377,-2.34532911822547e-08,6.57217301808426e-15,-365250.212936742,"MPA"
"1705","Mugil","MT_20",2036,1821.54610011106,1821.54610011107,0.00057086313930874,3.57726192293645e-16,3405.62999442437,-2.74187892888244e-13,1.05039670440589e-19,-191566.711727534,923.098179763086,923.098179748152,1.58362966701291,8.07100412636681e-20,1727.44185615829,-9.62278406355189e-17,4.67651629920123e-23,-107171.259816525,3586.35799472893,3586.35800345733,0,9.02416720005799e-12,6705.18650361216,-4.79812662137833e-09,1.34584880028484e-15,-365250.212936724,"MPA"
"1706","Mugil","MT_20",2037,1821.54640544479,1821.54640544479,0.000248025641611317,5.25091742920754e-17,3405.63024245001,-4.02203304737987e-14,1.54183438535726e-20,-191566.711727534,923.945205102017,923.945205097389,0.940639043933046,8.41165462997189e-21,1728.38249519759,-1.00178233809135e-17,4.86942851360499e-24,-107171.259816525,3586.35799939743,3586.35800572381,0,1.84961191780178e-12,6705.18650993854,-9.82559792510479e-10,2.75847944987444e-16,-365250.21293672,"MPA"
"1707","Mugil","MT_20",2038,1821.5465381046,1821.5465381046,0.000107760860453186,7.71243759883397e-18,3405.63035021087,-5.90377790144808e-15,2.26461390397028e-21,-191566.711727534,924.448318377291,924.448318375854,0.558158272424679,8.76505868032754e-22,1728.94065346858,-1.04310679030275e-18,5.07124939339628e-25,-107171.259816525,3586.35800278117,3586.35800725223,0,3.79411997674389e-13,6705.1865144096,-2.01387480921922e-10,5.65848536964306e-17,-365250.212936719,"MPA"
"1708","Mugil","MT_20",2039,1821.54659574192,1821.54659574192,4.68193560489411e-05,1.13345941540127e-18,3405.63039703023,-8.671344761988e-16,3.32819272453067e-22,-191566.711727534,924.746856736963,924.746856736516,0.331003995166491,9.1329738695606e-23,1729.2716574633,-1.08633973153372e-19,5.28241027315665e-26,-107171.259816525,3586.35800517258,3586.35800830301,0,7.78883371071592e-14,6705.18651754003,-4.13107342335788e-11,1.16161328159265e-17,-365250.212936719,"MPA"
"1709","Mugil","MT_20",2040,1821.54662078388,1821.54662078388,2.03418207984661e-05,1.66672768689146e-19,3405.63041737205,-1.27438529357757e-16,4.89403573665796e-23,-191566.711727534,924.923898616955,924.923898616815,0.196225606875707,9.51681112952144e-24,1729.46788307003,-1.13157351589409e-20,5.50336385173966e-27,-107171.259816525,3586.35800684693,3586.35800903397,0,1.60007859568471e-14,6705.18651972707,-8.48055520572689e-12,2.38632973370236e-18,-365250.212936719,"MPA"
"1710","Mugil","MT_20",2041,1821.54663166397,1821.54663166397,8.83800359294681e-06,2.4521945547813e-20,3405.63042621005,-1.87395613332379e-17,7.20041300510092e-24,-191566.711727534,925.02885248722,925.028852487176,0.116301985032296,9.91778103529414e-25,1729.58418505502,-1.1789050909572e-21,5.7345852631208e-28,-107171.259816525,3586.3580080167,3586.35800954637,0,3.28924686178651e-15,6705.18652125674,-1.74218058336762e-12,4.90552627001101e-19,-365250.212936719,"MPA"
"1711","Mugil","MT_20",2042,1821.54663639109,1821.54663639109,3.83988782033336e-06,3.60964691584922e-21,3405.63043004994,-2.75708205648835e-18,1.05990564568282e-24,-191566.711727534,925.091058147567,925.091058147554,0.0689230714677908,1.03369864913198e-25,1729.65310812648,-1.2284362207351e-22,5.97657320218325e-29,-107171.259816525,3586.35800883487,3586.35800990748,0,6.76578940254328e-16,6705.18652232935,-3.58136283436083e-13,1.00903820961468e-19,-365250.212936719,"MPA"
"1712","Mugil","MT_20",2043,1821.54663844491,1821.54663844491,1.66833371980386e-06,5.31597151066992e-22,3405.63043171827,-4.05844336319412e-19,1.56093610855831e-25,-191566.711727534,925.12792256715,925.127922567146,0.0408422952640795,1.07754813321198e-26,1729.69395042174,-1.28027372284027e-23,6.22985110800139e-30,-107171.259816525,3586.35800940857,3586.35801016295,0,1.39248163124482e-16,6705.18652308374,-7.36665495903162e-14,2.0767231852648e-20,-365250.212936719,"MPA"
"1713","Mugil","MT_20",2044,1821.54663933724,1821.54663933724,7.2484858040942e-07,7.83245551012578e-23,3405.63043244312,-5.97691956444438e-20,2.29985480432003e-26,-191566.711727534,925.14976761087,925.149767610869,0.02420118920159,1.12343075624764e-27,1729.71815161094,-1.33452971948254e-24,6.49496840740942e-31,-107171.259816525,3586.35800981206,3586.35801034425,0,2.8674308510465e-17,6705.18652361593,-1.51614706018992e-14,4.27643711502243e-21,-365250.212936719,"MPA"
"1714","Mugil","MT_20",2045,1821.54663972493,1821.54663972493,3.14928043837615e-07,1.15451736086182e-23,3405.63043275805,-8.80628431871948e-21,3.39002538227141e-27,-191566.711727534,925.162711938136,925.162711938136,0.0143400954730058,1.17145193330631e-28,1729.73249170641,-1.39132190232586e-25,6.77250182184478e-32,-107171.259816525,3586.35801009671,3586.35801047322,0,5.9076339659164e-18,6705.18652399245,-3.12208560391319e-15,8.81054381576017e-22,-365250.212936719,"MPA"
"1715","Mugil","MT_20",2046,1821.54663989338,1821.54663989338,1.36828345533409e-07,1.70247484819234e-24,3405.63043289488,-1.29806139534893e-21,4.99900057216011e-28,-191566.711727534,925.170381928536,925.170381928536,0.00849690424308873,1.22171987350613e-29,1729.74098861065,-1.45077381148589e-26,7.06305674064594e-33,-107171.259816525,3586.35801029809,3586.35801056516,0,1.21769092425133e-18,6705.18652425952,-6.43228726857733e-16,1.81604332689954e-22,-365250.212936719,"MPA"
"1716","Mugil","MT_20",2047,1821.54663996656,1821.54663996656,5.94486751805872e-08,2.51147975206257e-25,3405.63043295433,-1.91414780903507e-22,7.37449292149925e-29,-191566.711727534,925.17492661055,925.17492661055,0.0050346056858007,1.27434665825222e-30,1729.74602321634,-1.51301512912607e-27,7.36726866417031e-34,-107171.259816525,3586.35801044094,3586.35801063082,0,2.51101952516557e-19,6705.1865244494,-1.32583329872387e-16,3.74489138531888e-23,-365250.212936719,"MPA"
"1717","Mugil","MT_20",2048,1821.54663999836,1821.54663999836,2.58288610691494e-08,3.70628637903426e-26,3405.63043298016,-2.82373831822402e-23,1.08828202354861e-29,-191566.711727534,925.177619436225,925.177619436225,0.00298310035305481,1.32944901501306e-31,1729.74900631669,-1.57818198823437e-28,7.68580472028515e-35,-107171.259816525,3586.3580105425,3586.35801067777,0,5.1801241396058e-20,6705.18652458467,-2.73402160907502e-17,7.72554815696374e-24,-365250.212936719,"MPA"
"1718","Mugil","MT_20",2049,1821.54664001217,1821.54664001217,1.12217863286282e-08,5.47142776901463e-27,3405.63043299138,-4.16709824477507e-24,1.60658294453481e-30,-191566.711727534,925.179214987043,925.179214987043,0.00176753849346982,1.38714890862738e-32,1729.75077385518,-1.64641729725596e-29,8.01936525797556e-36,-107171.259816525,3586.35801061485,3586.35801071139,0,1.0690441020175e-20,6705.18652468121,-5.64016774582362e-18,1.59435400953849e-24,-365250.212936719,"MPA"
"1719","Mugil","MT_20",2050,1821.54664001818,1821.54664001818,4.87543968445521e-09,8.07992529038299e-28,3405.63043299625,-6.15170408349352e-25,2.37251969917531e-31,-191566.711727534,925.180160378467,925.180160378467,0.00104729511434381,1.44757402578506e-33,1729.7518211503,-1.71787108133094e-30,8.36868552201179e-37,-107171.259816525,3586.35801066649,3586.3580107355,0,2.20701611824833e-21,6705.18652475022,-1.16398524445386e-18,3.29150592623262e-25,-365250.212936719,"MPA"
"1720","Mugil","MT_20",2051,1821.54664002078,1821.54664002078,2.11815734021677e-09,1.19358136617026e-28,3405.63043299837,-9.08452263310412e-26,3.50472956374235e-32,-191566.711727534,925.18072053816,925.18072053816,0.000620538581083341,1.51085819967384e-34,1729.75244168888,-1.79270084094893e-31,8.7345374128244e-38,-107171.259816525,3586.3580107034,3586.3580107528,0,4.5578450017076e-22,6705.18652479962,-2.4030198483185e-19,6.79749173998913e-26,-365250.212936719,"MPA"
"1721","Mugil","MT_20",2052,1821.54664002192,1821.54664002192,9.20305793690555e-10,1.7637141060063e-29,3405.63043299929,-1.34198232603901e-26,5.1788182561356e-33,-191566.711727534,925.181052441456,925.181052441456,0.000367678479674297,1.57714180410253e-35,1729.75280936736,-1.8710719288889e-32,9.11773133595149e-39,-107171.259816525,3586.35801072982,3586.35801076523,0,9.41560297473525e-23,6705.18652483503,-4.96262438411312e-20,1.40422685333375e-26,-365250.212936719,"MPA"
"1722","Mugil","MT_20",2053,1821.54664002241,1821.54664002241,3.99640225001885e-10,2.60693191469068e-30,3405.63043299969,-1.98300109697509e-27,7.65477043378071e-34,-191566.711727534,925.181249099171,925.181249099171,0.000217854965665369,1.64657213551354e-36,1729.75302722233,-1.95315794636687e-33,9.51911814564858e-40,-107171.259816525,3586.35801074876,3586.35801077416,0,1.94563887295143e-23,6705.18652486043,-1.0251796824091e-20,2.90169239251596e-27,-365250.212936719,"MPA"
"1723","Mugil","MT_20",2054,1821.54664002262,1821.54664002262,1.73626464794847e-10,3.85434673650397e-31,3405.63043299987,-2.93105828714801e-28,1.13175719219453e-34,-191566.711727534,925.181365621791,925.181365621791,0.000129082276034402,1.71930379459115e-37,1729.7531563046,-2.03914115936694e-34,9.93959118748901e-41,-107171.259816525,3586.35801076235,3586.35801078059,0,4.02154915601598e-24,6705.18652487868,-2.11842985223226e-21,5.99766932822155e-28,-365250.212936719,"MPA"
"1724","Mugil","MT_20",2055,1821.54664002272,1821.54664002272,7.54804705327389e-11,5.70014721011955e-32,3405.63043299994,-4.33356731716217e-29,1.67374215208035e-35,-191566.711727534,925.18143466316,925.18143466316,7.64831393686092e-05,1.79549907505158e-38,1729.75323278774,-2.12921293618537e-35,1.03800884450324e-41,-107171.259816525,3586.35801077211,3586.35801078522,0,8.31445231898452e-25,6705.18652489179,-4.37870043754213e-22,1.24000313609993e-28,-365250.212936719,"MPA"
"1725","Mugil","MT_20",2056,1821.54664002276,1821.54664002276,3.27153314207063e-11,8.43199812131079e-33,3405.63043299997,-6.40886078536658e-30,2.47589933411631e-36,-191566.711727534,925.181475571182,925.181475571182,4.53173766488945e-05,1.87532836467847e-39,1729.75327810512,-2.22357420727225e-36,1.08415947959011e-42,-107171.259816525,3586.35801077912,3586.35801078856,0,1.71939477111728e-25,6705.18652490123,-9.05285366274829e-23,2.56427582548873e-29,-365250.212936719,"MPA"
"1726","Mugil","MT_20",2057,1821.54664002277,1821.54664002277,1.45401472980918e-11,1.24761136362374e-33,3405.63043299999,-9.48036956063436e-31,3.66337859661635e-37,-191566.711727534,925.181499809783,925.181499809783,2.68512060393204e-05,1.95897056213e-40,1729.75330495632,-2.32243594851301e-37,1.13251443828797e-43,-107171.259816525,3586.35801078417,3586.35801079096,0,3.5564138112181e-26,6705.18652490802,-1.87209315228714e-23,5.30397446515552e-30,-365250.212936719,"MPA"
"1727","Mugil","MT_20",2058,1821.54664002278,1821.54664002278,6.41477086680524e-12,1.84640972087275e-34,3405.63043299999,-1.40273000836025e-31,5.42163854005223e-38,-191566.711727534,925.181514171507,925.181514171507,1.59097302988134e-05,2.04661351211651e-41,1729.75332086605,-2.42601968915142e-38,1.18318231059439e-44,-107171.259816525,3586.3580107878,3586.35801079269,0,7.35761731251358e-27,6705.18652491292,-3.87225671178763e-24,1.09730240690277e-30,-365250.212936719,"MPA"
"1728","Mugil","MT_20",2059,1821.54664002278,1821.54664002278,2.77973404228227e-12,2.73320738544207e-35,3405.630433,-2.07597846469871e-32,8.02555485456596e-39,-191566.711727534,925.181522681037,925.181522681037,9.42674665432205e-06,2.13845446099686e-42,1729.7533302928,-2.53455804561858e-39,1.23627712414286e-45,-107171.259816525,3586.35801079042,3586.35801079395,0,1.5224541861768e-27,6705.18652491644,-8.01104273390459e-25,2.27056202019164e-31,-365250.212936719,"MPA"
"1729","Mugil","MT_20",2060,1821.54664002279,1821.54664002279,1.49677986892123e-12,4.04677365635236e-36,3405.630433,-3.07303390335878e-33,1.18825977626339e-39,-191566.711727534,925.181527723058,925.181527723058,5.58548434336202e-06,2.23470053452448e-43,1729.75333587829,-2.64829528259786e-40,1.29191861948675e-46,-107171.259816525,3586.3580107923,3586.35801079485,0,3.15084983425327e-28,6705.18652491899,-1.65766239637418e-25,4.69912331677087e-32,-365250.212936719,"MPA"
"1730","Mugil","MT_20",2061,1821.54664002279,1821.54664002279,6.41477086680526e-13,5.99284947148087e-37,3405.630433,-4.54991915777317e-34,1.75968872412319e-40,-191566.711727534,925.181530710528,925.181530710528,3.30948067949844e-06,2.33556923930285e-44,1729.75333918777,-2.76748790272459e-41,1.35023253943717e-47,-107171.259816525,3586.35801079366,3586.3580107955,0,6.52202251169387e-29,6705.18652492082,-3.43067485004383e-26,9.72683233711037e-33,-365250.212936719,"MPA"
"1731","Mugil","MT_20",2062,1821.54664002279,1821.54664002279,4.2765139112035e-13,8.8765146843476e-38,3405.630433,-6.73795545178063e-35,2.60642335067705e-41,-191566.711727534,925.181532480648,925.181532480648,1.96091537113399e-06,2.4412889894293e-45,1729.75334114868,-2.89240526639191e-42,1.41135093317736e-48,-107171.259816525,3586.35801079465,3586.35801079597,0,1.35021530501244e-29,6705.18652492215,-7.10123927806356e-27,2.01368791158033e-33,-365250.212936719,"MPA"
"1732","Mugil","MT_20",2063,1821.54664002279,1821.54664002279,0,1.31502183352312e-38,3405.630433,-9.98015398097949e-36,3.86131689680938e-42,-191566.711727534,925.181533529469,925.181533529469,1.16187091809757e-06,2.55209965978302e-46,1729.75334231055,-3.02333024320996e-43,1.47541247591303e-49,-107171.259816525,3586.35801079536,3586.35801079631,0,2.79566587786859e-30,6705.1865249231,-1.47012708720382e-27,4.16940806564818e-34,-365250.212936719,"MPA"
"1733","Mugil","MT_20",2064,1821.54664002279,1821.54664002279,0,1.94850601897336e-39,3405.630433,-1.47852179077145e-36,5.7214253199427e-43,-191566.711727534,925.181534150911,925.181534150911,6.88425464556011e-07,2.668253167427e-47,1729.75334299898,-3.16055989674599e-44,1.54256280485796e-50,-107171.259816525,3586.35801079587,3586.35801079656,0,5.78928170763737e-31,6705.1865249238,-3.04394722720714e-28,8.63403528912831e-35,-365250.212936719,"MPA"
"1734","Mugil","MT_20",2065,1821.54664002279,1821.54664002279,0,2.88765919624238e-40,3405.630433,-2.19076865118133e-37,8.47907385446592e-44,-191566.711727534,925.181534519125,925.181534519125,4.07902018344165e-07,2.79001408263159e-48,1729.75334340688,-3.3044062042568e-45,1.61295487239491e-51,-107171.259816525,3586.35801079624,3586.35801079674,0,1.1989946395757e-31,6705.1865249243,-6.30342421853232e-29,1.78816000885125e-35,-365250.212936719,"MPA"
"1735","Mugil","MT_40",2015,568.598960417437,568.598960417437,441.151381759626,51.0124105691799,1453.21245019045,-128478.865499962,0.0479857804534506,-353106.207462911,47.7308985900315,47.7308985900315,34.7417152534987,2.12952233026762,121.851632233231,-49344.4286761678,0.023863017817381,-171671.909996354,843.029229893178,843.029229893178,992.455573327609,1242.87665478524,1325.73729854237,-3134350.64859516,0.788548073947519,-3574327.60063574,"MPA"
"1736","Mugil","MT_40",2016,777.269967473211,776.025172676867,522.742948817467,11.6990228214975,1963.01158139007,-21553.1897039786,0.00806434862214864,-246180.531666928,65.1739628366583,65.1739069371716,46.6285321782197,0.344104656703671,168.13600385526,-5837.99473553729,0.00282398866769241,-128165.476055724,709.088190636549,708.827516781487,865.053800020042,228.39971347568,1962.13071123167,-693818.499463037,0.177312926020554,-1133795.45150362,"MPA"
"1737","Mugil","MT_40",2017,1049.9427993592,1048.7898534216,564.415480361214,2.66186867935978,2523.61224713433,-3621.89087834344,0.00135756270281393,-228249.232841293,89.9297733311652,89.9281251657715,62.7549392692393,0.0562035316926476,230.833091427413,-690.86838843721,0.000334277782990864,-123018.349708624,1049.47165426319,1041.77031948446,1157.33889098065,76.7824159116749,3034.98585152191,-156004.930182248,0.0404373641882659,-595981.882222829,"MPA"
"1738","Mugil","MT_40",2018,1349.78750628515,1349.01449503534,525.265403507748,0.577388868828975,3047.52725052344,-609.662832100064,0.000228909868537528,-225237.004795049,123.464142797575,123.460146077321,83.2081431167409,0.00913592164628362,314.028101902254,-81.7771195113616,3.95783964616371e-05,-122409.258439698,1623.3024660537,1604.38069973887,1471.20681361918,27.6182329620671,4459.65266586419,-35575.139964565,0.00933699350042474,-475552.092005147,"MPA"
"1739","Mugil","MT_40",2019,1630.01039977166,1629.6110812983,408.206921475384,0.11779953444696,3455.21705399102,-102.792272325201,3.86599801858499e-05,-224730.134235274,167.962098397417,167.955908853935,107.876039548753,0.00147190503346229,421.896480002491,-9.68214927087436,4.68720669814845e-06,-122337.163469458,2385.30442130729,2358.49003078149,1539.46680529686,9.57877513038216,5962.72630550487,-8213.42964757077,0.00217905765120839,-448190.381688153,"MPA"
"1740","Mugil","MT_40",2020,1848.06870242305,1847.92643986053,263.328029433132,0.0225939533054635,3718.38022690832,-17.3592610968722,6.53925626107915e-06,-224644.701224046,225.656932161312,225.649320575331,135.661930757928,0.000234249328334097,557.55056492511,-1.14660489048354,5.55231801371021e-07,-122328.627925077,3189.24330776553,3166.48643507425,1178.55779059439,3.04507695455867,7115.48214645342,-1916.62290943445,0.000513179524798873,-441893.574950016,"MPA"
"1741","Mugil","MT_40",2021,1988.82501842267,1988.79620400073,144.807228761134,0.00411901936510177,3863.15452222816,-2.93616846376663,1.10774784182139e-06,-224630.278131413,298.213320018843,298.205345790864,163.876556051598,3.66792999185139e-05,721.419110069428,-0.135817753222975,6.57866747729733e-08,-122327.61713794,3805.81006982514,3797.00443907505,599.474310863389,0.866118998148684,7705.28470756857,-451.335258968966,0.000121781520380495,-440428.287299551,"MPA"
"1742","Mugil","MT_40",2022,2066.2594718637,2066.25629364228,71.2415431776225,0.000725967241902308,3934.39216121711,-0.497375258572429,1.87920858026004e-07,-224627.839338208,385.860586416482,385.853300016654,187.962292147155,5.62459071953777e-06,909.374110192165,-0.0160915927845709,7.79657641137354e-09,-122327.49741178,4121.27379808698,4121.18317851352,201.710247056342,0.224108887856997,7906.6802261636,-107.10066114567,2.90844372450224e-05,-440084.052701727,"MPA"
"1743","Mugil","MT_40",2023,2104.36186861413,2104.36133334791,32.8636010751613,0.000125598267276726,3967.25510142779,-0.0843749741202979,3.19231700661937e-08,-224627.426337923,486.390812958844,486.38499371163,202.119410356165,8.40453282794791e-07,1111.48770046066,-0.0019069566617312,9.24211416512149e-10,-122327.483227143,4228.99286433024,4229.03686461345,50.1939027729937,0.0552119611470729,7956.86291725865,-25.5779021203446,6.9830953885854e-06,-440002.529942702,"MPA"
"1744","Mugil","MT_40",2024,2121.93904837561,2121.9389777877,14.6748330340376,2.1542665390433e-05,3981.92984233125,-0.01433318002596,5.4301185376908e-09,-224627.356296129,594.493949367634,594.489923384605,201.285045774495,1.21798948505126e-07,1312.76872013033,-0.000226038372706206,1.09581951561855e-10,-122327.481546225,4255.83374273729,4255.78110386929,11.1967422456442,0.0134000488952855,7967.9936205874,-6.14116267621965,1.68408258797242e-06,-439983.093203258,"MPA"
"1745","Mugil","MT_40",2025,2129.78802832567,2129.78801432009,6.45396044678463,3.68259389052808e-06,3988.38378508986,-0.0024380629054836,9.24826413076303e-10,-224627.344401012,702.151774340929,702.14939179191,183.916000255001,1.70605908215043e-08,1496.68233781925,-2.67993301519416e-05,1.29958863980831e-11,-122327.481346986,4261.7871471505,4261.82262855683,2.47982882742801,0.00324821419519647,7970.50568260696,-1.48103613227844,4.07658511904844e-07,-439978.433076714,"MPA"
"1746","Mugil","MT_40",2026,2133.24000527329,2133.24000400164,2.8191141121977,6.28971825094612e-07,3991.20289730144,-0.00041523638805393,1.57700928263305e-10,-224627.342378186,800.520413847296,800.519217463787,153.616264203421,2.30728034841392e-09,1650.29740563686,-3.1780967665525e-06,1.541596631064e-12,-122327.481323365,4263.13075686426,4263.10952842163,0.509154729677447,0.000789009044492659,7970.99281988497,-0.35850787623842,9.89910561092665e-08,-439977.310548458,"MPA"
"1747","Mugil","MT_40",2027,2134.74784485773,2134.74784436067,1.22769423671016,1.07451126363636e-07,3992.43059093364,-7.08058674302089e-05,2.69219904703481e-11,-224627.342033755,882.683471802337,882.682958950895,117.747388056748,3.01852324993941e-10,1768.04428084186,-3.76974668081105e-07,1.82907836713238e-13,-122327.481320564,4263.39130870318,4263.40336585973,0.126859125614082,0.000192119502587314,7971.13154404764,-0.0870558837338175,2.41023348527308e-08,-439977.039096466,"MPA"
"1748","Mugil","MT_40",2028,2135.40449309209,2135.40449311214,0.533944085676403,1.83692972569184e-08,3992.96453502099,-1.20876558005848e-05,4.60103108585543e-12,-224627.341975037,945.661950860008,945.661758117286,83.745619046157,3.83780088866225e-11,1851.78970714526,-4.47258450114959e-08,2.1706474995661e-14,-122327.481320231,4263.46550716286,4263.45881260573,0.0179826193881004,4.68859806888821e-05,7971.14278522391,-0.0211963597639186,5.88197278854403e-09,-439976.973236942,"MPA"
"1749","Mugil","MT_40",2029,2135.69008017425,2135.69008014288,0.232087565509668,3.14304373262357e-09,3993.19662255199,-2.06580846019171e-06,7.87145416659669e-13,-224627.341965015,990.454303671423,990.454237445511,56.1255034185296,4.77124908248462e-12,1907.91514433787,-5.30768024175989e-09,2.57656097004252e-15,-122327.481320192,4263.4715196552,4263.47521152538,0.00915997570809282,1.14650759964029e-05,7971.15562560473,-0.00517279392262576,1.43832277308404e-09,-439976.957213376,"MPA"
"1750","Mugil","MT_40",2030,2135.8142152707,2135.81421527785,0.10085551434026,5.38275495381801e-10,3993.29747807294,-3.53418956465944e-07,1.3479814450957e-13,-224627.341963303,1020.47373870682,1020.47371706802,36.015779025219,5.83637837824942e-13,1943.93090172428,-6.3001173580562e-10,3.05903456755927e-16,-122327.481320187,4263.47838750331,4263.47636068568,6.74818072749246e-05,2.80849873101259e-06,7971.15366346041,-0.00126490678546937,3.52332691980555e-10,-439976.953305489,"MPA"
"1751","Mugil","MT_40",2031,2135.86815918474,2135.86815918153,0.0438228056687023,9.22681255336573e-11,3993.34130087531,-6.05227672594112e-08,2.31057480792006e-14,-224627.34196301,1039.73724458209,1039.73723769653,22.4354191936025,7.06156110338669e-14,1966.36631403232,-7.47976509364748e-11,3.63261939874165e-17,-122327.481320187,4263.47733802438,4263.47792990481,0.000627979423222475,6.89044745913327e-07,7971.15488263122,-0.000309852573591185,8.64422860902158e-11,-439976.952350434,"MPA"
"1752","Mugil","MT_40",2032,2135.89159839224,2135.89159839329,0.0190405859855262,1.58299141612434e-11,3993.36034146232,-1.03742066282079e-08,3.96407744005594e-15,-224627.34196296,1051.73712264027,1051.73712048225,13.7086576685087,8.48418454236825e-15,1980.0749695428,-8.88220066839186e-12,4.31465108094402e-18,-122327.481320187,4263.47799011406,4263.47776566864,1.16290767551844e-06,1.6928807542846e-07,7971.15465917942,-7.60200952661421e-05,2.12375845076416e-11,-439976.952116602,"MPA"
"1753","Mugil","MT_40",2033,2135.90178250293,2135.90178250254,0.0082727798879187,2.71811804787587e-12,3993.36861424181,-1.77982371295593e-09,6.80659348382402e-16,-224627.341962951,1059.06937899504,1059.06937832461,8.27544394487338,1.01494401217921e-15,1988.35041281724,-1.0549808996234e-12,5.12578577978589e-19,-122327.481320187,4263.4778705979,4263.47784921142,0,4.1643924377538e-08,7971.15463775129,-1.86770071748871e-05,5.22432773727952e-12,-439976.952059259,"MPA"
"1754","Mugil","MT_40",2034,2135.90620730885,2135.90620730899,0.00359433721805999,4.67092551901215e-13,3993.37220857917,-3.05607966929396e-10,1.16967051384987e-16,-224627.34196295,1063.49560967033,1063.49560946293,4.95854437622348,1.21103264948216e-16,1993.30895698606,-1.25330941298619e-13,6.09063996806418e-20,-122327.481320187,4263.47785913678,4263.47789563016,0,1.0255894423736e-08,7971.15467423441,-4.59443994669795e-06,1.28662595202345e-12,-439976.952045176,"MPA"
"1755","Mugil","MT_40",2035,2135.90812978789,2135.90812978784,0.00156165264757982,8.03275334846727e-14,3993.37377023177,-5.2516817461395e-11,2.01152132305876e-17,-224627.341962949,1066.14775283378,1066.14775276969,2.95773291768006,1.44286746690439e-17,1996.26668983965,-1.48922438406682e-14,7.23855407285206e-21,-122327.481320187,4263.47787865027,4263.47792752388,0,2.52842171931651e-09,7971.15472310549,-1.13149977713627e-06,3.17196419181647e-13,-439976.952041713,"MPA"
"1756","Mugil","MT_40",2036,2135.90896505851,2135.90896505853,0.000678499253058436,1.38240493749122e-14,3993.37444873104,-9.03149193447262e-12,3.46174692636144e-18,-224627.341962949,1067.72973550851,1067.72973548868,1.75949545237861,1.71768849390794e-18,1998.0261852722,-1.76989968633423e-15,8.60450411085063e-22,-122327.481320187,4263.47790478961,4263.47794978091,0,6.23939898630849e-10,7971.15476809616,-2.78952617928078e-07,7.82747193243532e-14,-439976.952040861,"MPA"
"1757","Mugil","MT_40",2037,2135.90932796285,2135.90932796285,0.000294790820376897,2.38066719653842e-15,3993.37474352185,-1.55428327222121e-12,5.96154261791031e-19,-224627.341962949,1068.67082499439,1068.67082498825,1.04499767676406,2.04401877326997e-19,1999.07118294282,-2.10388718823151e-16,1.02301901163097e-22,-122327.481320187,4263.47792885347,4263.47796539865,0,1.54106515798802e-10,7971.15480464119,-6.88372773229085e-08,1.93330226652938e-14,-439976.952040651,"MPA"
"1758","Mugil","MT_40",2038,2135.90948563563,2135.90948563564,0.000128079146942997,4.10240642034443e-16,3993.374871601,-2.67666186013919e-13,1.02730314178489e-19,-224627.341962949,1069.22975586878,1069.22975586687,0.620046982572898,2.43193722135109e-20,1999.69122992348,-2.50138287658698e-17,1.21653357924506e-23,-122327.481320187,4263.47794840006,4263.47797638672,0,3.80939125065172e-11,7971.15483262781,-1.70020749251441e-08,4.778970355024e-15,-439976.952040599,"MPA"
"1759","Mugil","MT_40",2039,2135.90955414047,2135.90955414047,5.56471358540986e-05,7.07359369677749e-17,3993.37492724814,-4.6124691453238e-14,1.77133225009291e-20,-224627.341962949,1069.56139622627,1069.56139622568,0.367693176182611,2.89340134258945e-21,2000.05892309907,-2.9745446266411e-18,1.44692405472027e-24,-122327.481320187,4263.47796336908,4263.47798413272,0,9.42368483352112e-12,7971.15485339144,-4.20277850223874e-09,1.18222328275065e-15,-439976.952040586,"MPA"
"1760","Mugil","MT_40",2040,2135.90958390408,2135.90958390408,2.41772661056071e-05,1.22036192051714e-17,3993.3749514254,-7.95307151052569e-15,3.05596630106079e-21,-224627.341962949,1069.75806180162,1069.75806180144,0.217971231004817,3.44262804693294e-22,2000.27689432989,-3.53787168388383e-19,1.72126331238213e-25,-122327.481320187,4263.47797447478,4263.47798960327,0,2.33288419063318e-12,7971.15486851993,-1.03968474974102e-09,2.92665772217879e-16,-439976.952040583,"MPA"
"1761","Mugil","MT_40",2041,2135.90959683561,2135.90959683561,1.05044072640285e-05,2.10654521765791e-18,3993.37496192981,-1.37209258876933e-15,5.27509999256643e-22,-224627.341962949,1069.87464660756,1069.8746466075,0.129188954167652,4.09654420961904e-23,2000.406083284,-4.20865789024679e-20,2.04798856659863e-26,-122327.481320187,4263.47798256646,4263.47799347374,0,5.7789844016861e-13,7971.15487942721,-2.57379586906631e-10,7.24987093716222e-17,-439976.952040582,"MPA"
"1762","Mugil","MT_40",2042,2135.90960245403,2135.90960245403,4.56389800778469e-06,3.63809307470143e-19,3993.37496649371,-2.36845727071459e-16,9.11032174384975e-23,-224627.341962949,1069.94374503439,1069.94374503437,0.0765596204168228,4.87532140749383e-24,2000.4826429044,-5.00753304128826e-21,2.43716585758936e-27,-122327.481320187,4263.47798840036,4263.47799621687,0,1.43243901818487e-13,7971.15488724372,-6.37576704918722e-11,1.79702820965436e-17,-439976.952040582,"MPA"
"1763","Mugil","MT_40",2043,2135.90960489509,2135.90960489509,1.98289753792651e-06,6.28616459517943e-20,3993.3749684766,-4.09042630531403e-17,1.57414834517753e-23,-224627.341962949,1069.98469396354,1069.98469396353,0.0453673537666597,5.80301211435226e-25,2000.52801025816,-5.9591095774409e-22,2.90080603045231e-28,-122327.481320187,4263.47799258112,4263.47799816423,0,3.55262095426747e-14,7971.15489282683,-1.58036375335148e-11,4.45684597090651e-18,-439976.952040582,"MPA"
"1764","Mugil","MT_40",2044,2135.90960595567,2135.90960595567,8.61518555915705e-07,1.08666426197444e-20,3993.37496933812,-7.0677391870662e-18,2.72116761023567e-24,-224627.341962949,1070.00895929486,1070.00895929486,0.0268824547333245,6.90830788753148e-26,2000.55489271289,-7.09275518193158e-23,3.45324227009448e-29,-122327.481320187,4263.47799556732,4263.47799954879,0,8.81561957921869e-15,7971.15489680829,-3.9194920752207e-12,1.10594006737383e-18,-439976.952040582,"MPA"
"1765","Mugil","MT_40",2045,2135.90960641646,2135.90960641646,3.74307982881809e-07,1.87928297717494e-21,3993.37496971243,-1.22177195131292e-18,4.70600179448317e-25,-224627.341962949,1070.02333773258,1070.02333773258,0.015928820286854,8.22544394152149e-27,2000.57082153318,-8.44351588943253e-24,4.11158122752994e-30,-122327.481320187,4263.47799769686,4263.47800053461,0,2.188629890612e-15,7971.15489964604,-9.72598864317007e-13,2.74568731751604e-19,-439976.952040582,"MPA"
"1766","Mugil","MT_40",2046,2135.90960661667,2135.90960661667,1.62627069613614e-07,3.25136901659641e-22,3993.37496987506,-2.11293893610233e-19,8.14190763766556e-26,-224627.341962949,1070.03185747353,1070.03185747353,0.0094382594271401,9.79527914769907e-28,2000.5802597926,-1.0053219133186e-24,4.89624213362877e-31,-122327.481320187,4263.47799921467,4263.47800123744,0,5.4361653115847e-16,7971.15490166882,-2.41464474031256e-13,6.8197963532568e-20,-439976.952040582,"MPA"
"1767","Mugil","MT_40",2047,2135.90960670365,2135.90960670365,7.06573378535881e-08,5.62740780044949e-23,3993.37496994572,-3.65561986864083e-20,1.40918592491342e-26,-224627.341962949,1070.03690565186,1070.03690565186,0.00559237675021181,1.16665860862492e-28,2000.58585216935,-1.19717919303308e-25,5.831601121296e-32,-122327.481320187,4263.47800029658,4263.47800173914,0,1.35082817171293e-16,7971.15490311138,-5.99754578365082e-14,1.69464549162154e-20,-439976.952040582,"MPA"
"1768","Mugil","MT_40",2048,2135.90960674144,2135.90960674144,3.06988524616518e-08,9.74338589588748e-24,3993.37496997641,-6.32707750440591e-21,2.43988755606888e-27,-224627.341962949,1070.0398968088,1070.0398968088,0.00331358937169569,1.38975924907333e-29,2000.58916575873,-1.42588363123365e-26,6.94676135776091e-33,-122327.481320187,4263.47800106815,4263.47800209765,0,3.35800899166504e-17,7971.15490414088,-1.49032513532503e-14,4.21270070959785e-21,-439976.952040582,"MPA"
"1769","Mugil","MT_40",2049,2135.90960675786,2135.90960675786,1.33377269418602e-08,1.68757356938893e-24,3993.37496998975,-1.09548054634677e-21,4.22593315698299e-28,-224627.341962949,1070.04166912605,1070.04166912605,0.00196335858611897,1.65578234844202e-30,2000.59112911731,-1.69855123736179e-27,8.27647363477577e-34,-122327.481320187,4263.47800161879,4263.47800235412,0,8.35075761136563e-18,7971.1549048762,-3.70478296856489e-15,1.04762204621413e-21,-439976.952040582,"MPA"
"1770","Mugil","MT_40",2050,2135.909606765,2135.909606765,5.79505283381036e-09,2.92387804183915e-25,3993.37496999555,-1.8973938172362e-22,7.32182192709706e-29,-224627.341962949,1070.04271925445,1070.04271925445,0.00116332155645045,1.97303036700588e-31,2000.59229243887,-2.02367892045757e-28,9.8622369073305e-35,-122327.481320187,4263.47800201209,4263.47800253775,0,2.0774038602871e-18,7971.15490540186,-9.21312141986345e-16,2.60615166193336e-22,-439976.952040582,"MPA"
"1771","Mugil","MT_40",2051,2135.9096067681,2135.9096067681,2.5178084334742e-09,5.06748468175497e-26,3993.37496999806,-3.28741112064738e-23,1.26897291635016e-29,-224627.341962949,1070.04334147243,1070.04334147243,0.000689286001373299,2.35141897131594e-32,2000.59298172487,-2.41141358164601e-29,1.17536140682087e-35,-122327.481320187,4263.47800229325,4263.47800266935,0,5.16959474081202e-19,7971.15490577797,-2.29193264753636e-16,6.48537734137971e-23,-439976.952040582,"MPA"
"1772","Mugil","MT_40",2052,2135.90960676944,2135.90960676944,1.09392533312635e-09,8.78528132910522e-27,3993.37496999916,-5.69753774203548e-24,2.19996403921705e-30,-224627.341962949,1070.04371014619,1070.04371014619,0.000408412348728911,2.80279179277397e-33,2000.59339013722,-2.87387383390068e-30,1.40098051846481e-36,-122327.481320187,4263.47800249441,4263.47800276374,0,1.28683458579487e-19,7971.1549060473,-5.70344707002718e-17,1.61436404260831e-23,-439976.952040582,"MPA"
"1773","Mugil","MT_40",2053,2135.90960677003,2135.90960677003,4.75129155689894e-10,1.52350105036577e-27,3993.37496999963,-9.87757735650622e-25,3.81507136647899e-31,-224627.341962949,1070.04392859096,1070.04392859096,0.000241990383196289,3.34129679825808e-34,2000.5936321276,-3.42553467381822e-31,1.67015287300779e-37,-122327.481320187,4263.47800263847,4263.47800283149,0,3.20413202955925e-20,7971.15490624033,-1.41972307609978e-17,4.01965846520993e-24,-439976.952040582,"MPA"
"1774","Mugil","MT_40",2054,2135.90960677028,2135.90960677028,2.06348968407826e-10,2.64270033148852e-28,3993.37496999984,-1.71292175104823e-25,6.61771146296526e-32,-224627.341962949,1070.04405802273,1070.04405802273,0.000143382864586434,3.98383637347379e-35,2000.59377551047,-4.08368746121017e-32,1.99132712885677e-38,-122327.481320187,4263.47800274171,4263.47800288016,0,7.98014766061174e-21,7971.15490637878,-3.53501548007589e-18,1.00112816203891e-24,-439976.952040582,"MPA"
"1775","Mugil","MT_40",2055,2135.90960677039,2135.90960677039,8.95098198318318e-11,4.58527886463928e-29,3993.37496999993,-2.97127388144676e-26,1.14822146657554e-32,-224627.341962949,1070.04413471296,1070.04413471296,8.4956446854986e-05,4.75060560120245e-36,2000.59386046691,-4.86898999388548e-33,2.37459781158736e-39,-122327.481320187,4263.47800281576,4263.47800291514,0,1.98799943584295e-21,7971.15490647815,-8.80423941729735e-19,2.49399172289588e-25,-439976.952040582,"MPA"
"1776","Mugil","MT_40",2056,2135.90960677044,2135.90960677044,3.88628069297878e-11,7.95776678116561e-30,3993.37496999997,-5.15537806815121e-27,1.99274218948834e-33,-224627.341962949,1070.04418015304,1070.04418015304,5.03379348464183e-05,5.66573606825328e-37,2000.59391080485,-5.806124376193e-34,2.83202711965284e-40,-122327.481320187,4263.47800286892,4263.4780029403,0,4.95357663126583e-22,7971.15490654954,-2.19329563044294e-19,6.21437757688045e-26,-439976.952040582,"MPA"
"1777","Mugil","MT_40",2057,2135.90960677046,2135.90960677046,1.7049489491778e-11,1.38140031813311e-30,3993.37496999999,-8.94717585258796e-28,3.45923017124815e-34,-224627.341962949,1070.04420707695,1070.04420707695,2.98259598598364e-05,6.75806594957878e-38,2000.59394063081,-6.92458386551725e-35,3.37802985057571e-41,-122327.481320187,4263.47800290709,4263.4780029584,0,1.23455889273653e-22,7971.15490660084,-5.46512125929115e-20,1.54878296458918e-26,-439976.952040582,"MPA"
"1778","Mugil","MT_40",2058,2135.90960677047,2135.90960677047,7.52183359931387e-12,2.3985366617716e-31,3993.37496999999,-1.55315327893379e-28,6.00628961665378e-35,-224627.341962949,1070.04422302976,1070.04422302976,1.76723152074257e-05,8.06206120698346e-39,2000.59395830312,-8.25961405454076e-36,4.02983386245857e-42,-122327.481320187,4263.47800293454,4263.47800297143,0,3.07743229372518e-23,7971.15490663774,-1.36204899060112e-20,3.86071068720141e-27,-439976.952040582,"MPA"
"1779","Mugil","MT_40",2059,2135.90960677047,2135.90960677047,3.25946122636935e-12,4.16550336505476e-32,3993.37497,-2.69675273124882e-29,1.04310348924102e-35,-224627.341962949,1070.04423248203,1070.04423248203,1.04711037605787e-05,9.61891763650434e-40,2000.59396877423,-9.85333874476562e-37,4.80803093330491e-43,-122327.481320187,4263.47800295427,4263.47800298082,0,7.67260581783556e-24,7971.15490666429,-3.39523174953081e-21,9.62546319536011e-28,-439976.952040582,"MPA"
"1780","Mugil","MT_40",2060,2135.90960677048,2135.90960677048,1.50436671986278e-12,7.23567500578122e-33,3993.37497,-4.6834108295182e-30,1.81191975713245e-36,-224627.341962949,1070.04423808264,1070.04423808264,6.20428126390571e-06,1.1477879362665e-40,2000.59397497851,-1.17561068515402e-37,5.73723581187116e-44,-122327.481320187,4263.47800296847,4263.47800298759,0,1.91323927348029e-24,7971.15490668341,-8.46493842524023e-22,2.40020335306836e-28,-439976.952040582,"MPA"
"1781","Mugil","MT_40",2061,2135.90960677048,2135.90960677048,7.52183359931389e-13,1.25712193465047e-33,3993.37497,-8.13530459853666e-31,3.14801876631802e-37,-224627.341962949,1070.04424140109,1070.04424140109,3.67612671477833e-06,1.36978164008772e-41,2000.59397865463,-1.4028103847983e-38,6.84687476429314e-45,-122327.481320187,4263.4780029787,4263.47800299247,0,4.77158248686417e-25,7971.15490669718,-2.11081515553171e-22,5.98606167202125e-29,-439976.952040582,"MPA"
"1782","Mugil","MT_40",2062,2135.90960677048,2135.90960677048,2.50727786643796e-13,2.18453559375016e-34,3993.37497,-1.4134230528198e-31,5.47039937436718e-38,-224627.341962949,1070.04424336731,1070.04424336731,2.17815844736712e-06,1.63491123207295e-42,2000.59398083279,-1.67412798387675e-39,8.17212912523307e-46,-122327.481320187,4263.47800298606,4263.47800299599,0,1.19019310317932e-25,7971.15490670711,-5.2643329920763e-23,1.49312504537999e-29,-439976.952040582,"MPA"
"1783","Mugil","MT_40",2063,2135.90960677048,2135.90960677048,2.50727786643796e-13,3.7968286824804e-35,3993.37497,-2.45614437454738e-32,9.50781910289883e-39,-224627.341962949,1070.04424453233,1070.04424453233,1.29059062786931e-06,1.95159231176937e-43,2000.59398212338,-1.99816566351502e-40,9.75506439820926e-47,-122327.481320187,4263.47800299137,4263.47800299853,0,2.96913338692172e-26,7971.15490671426,-1.31310164651799e-23,3.72484717920038e-30,-439976.952040582,"MPA"
"1784","Mugil","MT_40",2064,2135.90960677048,2135.90960677048,2.50727786643796e-13,6.60024430682633e-36,3993.37497,-4.26889790043904e-33,1.65279853667895e-39,-224627.341962949,1070.04424522262,1070.04424522262,7.64693588517219e-07,2.32988804683909e-44,2000.59398288808,-2.38520885159364e-41,1.16459814817907e-47,-122327.481320187,4263.4780029952,4263.47800300036,0,7.40789874243054e-27,7971.15490671943,-3.2757490601138e-24,9.29338198683195e-31,-439976.952040582,"MPA"
"1785","Mugil","MT_40",2065,2135.90960677048,2135.90960677048,2.50727786643796e-13,1.14755446945203e-36,3993.37497,-7.42086920956068e-34,2.87364567082472e-40,-224627.341962949,1070.04424563162,1070.04424563162,4.53092085518901e-07,2.78183269998062e-45,2000.59398334117,-2.84755661079549e-42,1.39050338238283e-48,-122327.481320187,4263.47800299796,4263.47800300169,0,1.84845755123178e-27,7971.15490672315,-8.17289565022597e-25,2.31893316948789e-31,-439976.952040582,"MPA"
"1786","Mugil","MT_60",2015,654.482461073977,654.482461073977,504.410332376769,65.9328202425059,1662.12193513426,-144191.379554578,0.053882336243448,-398096.514284512,54.4065984457564,54.4065984457564,39.60019817049,2.81751282607237,138.503258044418,-57284.7786243384,0.0276985544938086,-197768.942257255,953.096332215077,953.096332215077,1119.72825098373,1574.23498430969,1327.43713967404,-3496242.39205644,0.883436907392253,-3985732.95323731,"MPA"
"1787","Mugil","MT_60",2016,889.007978351006,887.399274680938,593.824717223817,16.9872442595983,2237.35070442841,-27356.0368946978,0.0102400861862377,-281261.171624632,74.0803059188008,74.0802335733998,53.0092291283021,0.521294321661968,190.991120505657,-7782.13597174818,0.00376380675242558,-148266.299604665,709.997373227816,709.685910069547,883.944856202833,284.545822829689,1926.52470988892,-864793.153494761,0.221688192962353,-1354283.71467563,"MPA"
"1788","Mugil","MT_60",2017,1196.67672061944,1195.15567896368,638.109129446079,4.35532969591646,2869.58346252282,-5198.49359765335,0.00194922850205742,-259103.628327587,102.154135827593,102.151999505855,71.3060239858821,0.0977036622446951,262.197304507556,-1057.45791868644,0.000511567805457974,-141541.621551603,1030.42731184656,1021.22438993132,1181.53328814915,104.463151440073,2994.39192468275,-217001.535918224,0.0563617862420863,-706492.097099091,"MPA"
"1789","Mugil","MT_60",2018,1534.83480291163,1533.80837576858,591.146126732321,1.06577373419958,3458.63738837789,-989.465102910956,0.000371625560718162,-254894.599832845,140.239708460689,140.234422398233,94.5535361807856,0.0182350684220619,356.727319557463,-143.724541860615,6.95478863704549e-05,-140627.888174777,1601.59026548059,1578.56047092345,1557.36023105308,42.0490262800576,4486.67333489864,-55166.4276363658,0.0144961938459978,-544656.988817232,"MPA"
"1790","Mugil","MT_60",2019,1849.89811366797,1849.36600617197,457.251654014527,0.245379165168699,3915.11155573125,-188.629496828389,7.09597790275677e-05,-254093.764226762,190.800341707022,190.792037501479,122.615491493144,0.0033736616974082,479.331133183367,-19.5389390449788,9.4573323176754e-06,-140503.702571961,2399.75678478571,2365.24859510742,1749.52076108849,16.571458461911,6185.11444784693,-14187.3420877995,0.0037661621917255,-503677.903268666,"MPA"
"1791","Mugil","MT_60",2020,2094.04938085854,2093.85725786478,293.696148070793,0.0531240691028532,4208.56245673918,-36.015561053771,1.35694321317664e-05,-253941.150290988,256.376618745255,256.366301154995,154.252998084257,0.000616580481090537,633.573197096884,-2.65687934450851,1.28634203904414e-06,-140486.820512261,3308.190557455,3275.19652705286,1493.52714573626,6.056275562388,7639.59128761867,-3685.49830690824,0.000986962976221815,-493176.059487775,"MPA"
"1792","Mugil","MT_60",2021,2251.00549023644,2250.96514787047,160.980461218493,0.0109361467712475,4369.49163944493,-6.88688507958669,2.59855463443894e-06,-253912.021615013,338.875033884313,338.864142413424,186.422136038144,0.000110877091632354,819.984330787046,-0.361361773583191,1.75003391614812e-07,-140484.52499469,4086.136800478,4069.51954500287,870.602023692025,1.98774334031713,8491.58831249524,-965.728702703599,0.000260552574046807,-490456.28988357,"MPA"
"1793","Mugil","MT_60",2022,2337.08059961965,2337.07583366918,79.0375358103527,0.00217736440342349,4448.52223194041,-1.31881483094652,4.98310816996074e-07,-253906.453544765,438.579502973474,438.569493489615,213.950144749611,1.95273114523143e-05,1033.92444652549,-0.0491599165896172,2.38142942103503e-08,-140484.212792833,4541.83871778975,4539.91047607751,332.465084476347,0.587741037178383,8821.53741422217,-254.932252939609,6.921263067677e-05,-489745.493433806,"MPA"
"1794","Mugil","MT_60",2023,2379.35116098891,2379.35034691515,36.4202977563928,0.000425657273132773,4484.94128996576,-0.252899383455032,9.56851005503787e-08,-253905.387629317,553.008213503335,553.000183706935,230.233988971467,3.3513332162127e-06,1264.15040234922,-0.00668926188465678,3.24137460932055e-09,-140484.170322178,4718.31637426282,4718.6776921958,89.7775722939632,0.163031598951218,8911.51327285015,-67.7181787998497,1.84818178213243e-05,-489558.279359666,"MPA"
"1795","Mugil","MT_60",2024,2398.83037756393,2398.8302594817,16.2545506111485,8.25083192383955e-05,4501.19563998637,-0.0485612316621565,1.83967447581368e-08,-253905.183291166,676.147621764771,676.142047179206,229.479510450218,5.57851384474539e-07,1493.62433765602,-0.000910423961873724,4.41285805800547e-10,-140484.16454334,4766.44115649958,4766.27493282168,20.2796014403487,0.0441741173741446,8931.58247649523,-18.0826465129334,4.95696075211473e-06,-489508.643827379,"MPA"
"1796","Mugil","MT_60",2025,2407.52423241644,2407.52420921036,7.14702075346083,1.5940256170172e-05,4508.34262159349,-0.00933652856101617,3.5413382318766e-09,-253905.144066462,798.884801871157,798.881494487538,209.872151447042,8.97532356142304e-08,1703.49318162969,-0.000123939136262382,6.00909135342859e-11,-140484.163756856,4777.17543644768,4777.24961669509,4.58405874292428,0.0119186743597601,8936.2287968112,-4.84989359463569,1.3344465691568e-06,-489495.411074461,"MPA"
"1797","Mugil","MT_60",2026,2411.3468903909,2411.3468875402,3.12151733177092,3.07693058595275e-06,4511.46413299764,-0.00179726222768325,6.82497060628824e-10,-253905.136527196,911.135938659641,911.134275347544,175.459150054163,1.3942317690549e-08,1878.95066835782,-1.68761579641308e-05,8.18454608848021e-12,-140484.163649793,4779.66058253929,4779.62685429439,0.94022179471933,0.00322042157278463,8937.13206993944,-1.30562297726611,3.6037801860508e-07,-489491.866803844,"MPA"
"1798","Mugil","MT_60",2027,2413.01647219722,2413.01647134976,1.35932504402354,5.94067826110418e-07,4512.82345660012,-0.000346373490375785,1.31679607476218e-10,-253905.135076307,1004.9817042834,1004.98099102713,134.604249575778,2.09503596444123e-09,2013.55420467523,-2.29847366783976e-06,1.11500319265978e-12,-140484.163635215,4780.14371016107,4780.15910365081,0.231397364715923,0.000872139616902024,8937.37798865427,-0.352593955005421,9.75861101644741e-08,-489490.913774821,"MPA"
"1799","Mugil","MT_60",2028,2413.74352446832,2413.74352443829,0.591180609096173,1.14774842896827e-07,4513.41463706442,-6.68285912563949e-05,2.54330451885195e-11,-253905.134796762,1076.9761922755,1076.97592442623,95.8022494650757,3.05925312871596e-10,2109.35618629072,-3.13116405649396e-07,1.51932991438761e-13,-140484.163633229,4780.27524304978,4780.26816066019,0.0383930510805424,0.000236722042018637,8937.40906259372,-0.0954782761137654,2.64867425333048e-08,-489490.656659143,"MPA"
"1800","Mugil","MT_60",2029,2414.05972518638,2414.05972513891,0.256964120157583,2.21933935701624e-08,4513.67160111491,-1.29074993594589e-05,4.91720689431438e-12,-253905.134742841,1128.21715372225,1128.21706182231,64.2400993683313,4.36788493425291e-11,2173.59619375906,-4.26649230316576e-08,2.07071947572e-14,-140484.163632959,4780.29186335874,4780.29519421189,0.0140045459244586,6.43813218107127e-05,8937.42633361147,-0.0259146358800714,7.20357812517341e-09,-489490.587095502,"MPA"
"1801","Mugil","MT_60",2030,2414.19716581947,2414.19716582591,0.111665399670162,4.29524106913359e-09,4513.78326651672,-2.49552667496864e-06,9.51606906465484e-13,-253905.134732429,1162.57677437431,1162.57674438883,41.2384387836504,6.13565953153087e-12,2214.83460255723,-5.81477454668726e-09,2.822814812374e-15,-140484.163632922,4780.30110099182,4780.29950611965,0.000760908859984593,1.75409149488853e-05,8937.42548210725,-0.00704798272922586,1.96263601702384e-09,-489490.568228849,"MPA"
"1802","Mugil","MT_60",2031,2414.25689154177,2414.25689153752,0.04851973713784,8.32023675687398e-10,4513.83178624879,-4.82949047158755e-07,1.84329558279756e-13,-253905.134730417,1184.63368467741,1184.63367514552,25.6952035545014,8.52462909934873e-13,2240.52979657984,-7.92664368353098e-10,3.84887841717505e-16,-140484.163632917,4780.30064555349,4780.30126438782,0.00111808662221126,4.78660290966326e-06,8937.4272142416,-0.00192024359453918,5.35568430170144e-10,-489490.56310111,"MPA"
"1803","Mugil","MT_60",2032,2414.28284296446,2414.28284296564,0.0210813425187623,1.613080415437e-10,4513.85286759233,-9.35489048697199e-08,3.573638743808e-14,-253905.134730027,1198.37710025272,1198.37709726725,15.7029730782569,1.17605099998812e-13,2256.23276667263,-1.08078232819437e-10,5.24898620756536e-17,-140484.163632916,4780.30157200854,4780.30125888452,1.55391883665282e-05,1.30801786937568e-06,8937.42691534876,-0.000524000292682223,1.46352841426781e-10,-489490.561704867,"MPA"
"1804","Mugil","MT_60",2033,2414.29411860087,2414.29411860038,0.00915944769520324,3.12991591695374e-11,4513.8620270395,-1.81365372475377e-08,6.93402290408118e-15,-253905.134729952,1206.77604223237,1206.77604130529,9.48027773209984,1.61543228536118e-14,2265.71304347766,-1.47393285021209e-11,7.15986537037841e-18,-140484.163632916,4780.30141214173,4780.30144596989,1.7078398772703e-05,3.57890547170676e-07,8937.42696589743,-0.000143191658477251,4.00440250689219e-11,-489490.561324058,"MPA"
"1805","Mugil","MT_60",2034,2414.29901765276,2414.29901765293,0.00397957397354121,6.07783037637216e-12,4513.86600661363,-3.5190788308289e-09,1.34648120389236e-15,-253905.134729937,1211.84669411325,1211.84669382655,5.68080689702033,2.21322781645705e-15,2271.39385008798,-2.01050913479917e-12,9.7683500689918e-19,-140484.163632916,4780.30143917836,4780.30144490938,4.05534766831913e-08,9.80361217528518e-08,8937.42697157097,-3.91790846409424e-05,1.09691661976873e-11,-489490.561220046,"MPA"
"1806","Mugil","MT_60",2035,2414.30114618081,2414.30114618074,0.00172902859758321,1.18109980737787e-12,4513.86773564217,-6.83351290267246e-10,2.61660360685795e-16,-253905.134729935,1214.88514893013,1214.88514884155,3.38867935004469,3.02771992895596e-16,2274.78252934945,-2.74297448006984e-13,1.33297883536961e-19,-140484.163632916,4780.30144221293,4780.30144873685,0,2.68830064814471e-08,8937.42697806801,-1.07322350877538e-05,3.00791341504895e-12,-489490.561191599,"MPA"
"1807","Mugil","MT_60",2036,2414.30207097467,2414.30207097469,0.000751219926762627,2.29683623749203e-13,4513.86848686211,-1.32794980374685e-10,5.08839951014929e-17,-253905.134729934,1216.69762901106,1216.69762898367,2.01590036592858,4.13856326448646e-17,2276.79842968798,-3.74303098832184e-14,1.81932259945307e-20,-140484.163632916,4780.30144568796,4780.30145201857,0,7.37883574093566e-09,8937.42698439125,-2.94294327500528e-06,8.25610744499694e-13,-489490.561183809,"MPA"
"1808","Mugil","MT_60",2037,2414.30247277463,2414.30247277462,0.000326386114878363,4.46953973779608e-14,4513.86881324822,-2.58240839862433e-11,9.90179432742655e-18,-253905.134729934,1217.77586006417,1217.77586005569,1.19729684604218,5.65462641193185e-18,2277.99572652554,-5.10869123489157e-15,2.48358674979707e-21,-140484.163632916,4780.30144907002,4780.30145446032,0,2.02713823073887e-09,8937.42698977952,-8.07777769180528e-07,2.26814522157908e-13,-489490.561181674,"MPA"
"1809","Mugil","MT_60",2038,2414.30264734657,2414.30264734657,0.000141806502468949,8.70301173028946e-15,4513.86895505473,-5.02524944837698e-12,1.92806040457935e-18,-253905.134729934,1218.41625016946,1218.41625016682,0.710418791691133,7.72473790388883e-19,2278.70614531459,-6.97395498058614e-16,3.39102387855258e-22,-140484.163632916,4780.30145195201,4780.30145622386,0,5.57359537474112e-10,8937.42699405082,-2.219153880288e-07,6.23624157285877e-14,-489490.561181088,"MPA"
"1810","Mugil","MT_60",2039,2414.30272319366,2414.30272319366,6.16113223681377e-05,1.69564816192417e-15,4513.86901666605,-9.78507951587325e-13,3.75652944028281e-19,-253905.134729934,1218.79622708818,1218.79622708735,0.421286350942553,1.05524016055972e-19,2279.12743166471,-9.52205252902649e-17,4.63087424734197e-23,-140484.163632916,4780.30145423657,4780.30145749065,0,1.53362148038628e-10,8937.42699730474,-6.10154039219061e-08,1.71595413469203e-14,-489490.561180928,"MPA"
"1811","Mugil","MT_60",2040,2414.30275614729,2414.30275614729,2.67685541303099e-05,3.3055787016383e-16,4513.8690434346,-1.90647239003946e-13,7.32316044048573e-20,-253905.134729934,1219.02155768427,1219.02155768402,0.249742335138325,1.4415944202054e-20,2279.37717399959,-1.30035719534992e-17,6.32520323425898e-24,-140484.163632916,4780.30145597698,4780.30145840065,0,4.22287524182741e-11,8937.42699972837,-1.67888997590067e-08,4.72493396937687e-15,-489490.561180883,"MPA"
"1812","Mugil","MT_60",2041,2414.30277046481,2414.30277046481,1.16302556799948e-05,6.44750620397319e-17,4513.86905506486,-3.71656961818327e-14,1.42837688509175e-20,-253905.134729934,1219.15513568691,1219.15513568683,0.148019546373658,1.96961010164667e-21,2279.52519354589,-1.77612747906255e-18,8.64100125294588e-25,-140484.163632916,4780.30145727329,4780.301459055,0,1.16354823543085e-11,8937.42700151008,-4.62287663615311e-09,1.30188278513244e-15,-489490.561180871,"MPA"
"1813","Mugil","MT_60",2042,2414.30277668541,2414.30277668541,5.05305073543451e-06,1.25821889082953e-17,4513.86906011791,-7.24914082871986e-15,2.787451021464e-21,-253905.134729934,1219.23430590591,1219.23430590589,0.0877190399973203,2.69137904622493e-22,2279.61291258586,-2.42640728083598e-19,1.18067528002987e-25,-140484.163632916,4780.30145822625,4780.30145952597,0,3.20794656720645e-12,8937.42700280979,-1.27376245877817e-09,3.58934016095075e-16,-489490.561180868,"MPA"
"1814","Mugil","MT_60",2043,2414.3027793881,2414.3027793881,2.19542209418159e-06,2.45657011461013e-18,4513.86906231333,-1.41465639906657e-15,5.44227154552409e-22,-253905.134729934,1219.28122359874,1219.28122359873,0.0519801814060237,3.67818469563505e-23,2279.66489276726,-3.31535541595801e-20,1.61351283602914e-26,-140484.163632916,4780.30145892142,4780.30145986521,0,8.84949505336302e-13,8937.42700375357,-3.51181135584212e-10,9.90161379844978e-17,-489490.561180867,"MPA"
"1815","Mugil","MT_60",2044,2414.30278056235,2414.30278056235,9.53854688640062e-07,4.79843595637325e-19,4513.86906326719,-2.76200163089781e-16,1.06304278882075e-22,-253905.134729934,1219.30902588869,1219.30902588869,0.0308009002807829,5.02758797077198e-24,2279.69569366754,-4.53077026148951e-21,2.20540658704844e-27,-140484.163632916,4780.30145942622,4780.30146010969,0,2.44254089964615e-13,8937.42700443705,-9.68774154003452e-11,2.73293521571781e-17,-489490.561180866,"MPA"
"1816","Mugil","MT_60",2045,2414.30278107253,2414.30278107253,4.14425930664236e-07,9.37686181014172e-20,4513.86906368161,-5.39503751673593e-17,2.07734466346143e-23,-253905.134729934,1219.32550015902,1219.32550015902,0.018250643663268,6.87313410935898e-25,2279.7139443112,-6.19281748234171e-22,3.01493490050051e-28,-140484.163632916,4780.30145979178,4780.30146028597,0,6.74499623277518e-14,8937.42700493124,-2.67390453257999e-11,7.54691056992929e-18,-489490.561180866,"MPA"
"1817","Mugil","MT_60",2046,2414.30278129419,2414.30278129419,1.80057284226859e-07,1.83312856369923e-20,4513.86906386167,-1.05427105215562e-17,4.06110265459072e-24,-253905.134729934,1219.33526175803,1219.33526175803,0.0108140042176183,9.39765162742774e-26,2279.72475831542,-8.4659860820452e-23,4.12229422506216e-29,-140484.163632916,4780.30146005611,4780.30146041312,0,1.86347538524338e-14,8937.42700528825,-7.38389928303106e-12,2.08502445302802e-18,-489490.561180866,"MPA"
"1818","Mugil","MT_60",2047,2414.3027813905,2414.3027813905,7.82306714791175e-08,3.58506342836487e-21,4513.8690639399,-2.06104602855507e-18,7.94232924713552e-25,-253905.134729934,1219.34104577172,1219.34104577172,0.00640753630729208,1.28514749987027e-26,2279.73116585172,-1.1575468986543e-23,5.63729237568099e-30,-140484.163632916,4780.30146024706,4780.30146050485,0,5.15055712381859e-15,8937.42700554604,-2.03998847225769e-12,5.76290818461638e-19,-489490.561180866,"MPA"
"1819","Mugil","MT_60",2048,2414.30278143234,2414.30278143234,3.39890609581836e-08,7.01391905862966e-22,4513.86906397389,-4.03080334198915e-19,1.55385966213819e-25,-253905.134729934,1219.34447292756,1219.34447292756,0.00379658703760754,1.75774170377124e-27,2279.73496243876,-1.58296083179025e-24,7.71030255716374e-31,-140484.163632916,4780.30146038494,4780.30146057106,0,1.42416641132529e-15,8937.42700573216,-5.63843088085774e-13,1.59348592211333e-19,-489490.561180866,"MPA"
"1820","Mugil","MT_60",2049,2414.30278145052,2414.30278145052,1.47675143780656e-08,1.37270321545734e-22,4513.86906398866,-7.88597717903426e-20,3.04107894137463e-26,-253905.134729934,1219.34650358253,1219.34650358253,0.00224954304935621,2.4044995187019e-28,2279.73721198181,-2.16506544699145e-25,1.05472765839836e-31,-140484.163632916,4780.30146048449,4780.30146061885,0,3.93941231490361e-16,8937.42700586652,-1.55906704455918e-13,4.40777005773255e-20,-489490.561180866,"MPA"
"1821","Mugil","MT_60",2050,2414.30278145842,2414.30278145842,6.41606229501067e-09,2.68742936145939e-23,4513.86906399507,-1.5433748436665e-20,5.95371581089829e-27,-253905.134729934,1219.34770678049,1219.34770678049,0.00133289047536061,3.28973463864907e-29,2279.73854487229,-2.96169234724136e-26,1.4430323904698e-32,-140484.163632916,4780.30146055636,4780.30146065336,0,1.09007213413648e-16,8937.42700596352,-4.31256338172827e-14,1.21967109037195e-20,-489490.561180866,"MPA"
"1822","Mugil","MT_60",2051,2414.30278146185,2414.30278146185,2.78759612764763e-09,5.26301918210042e-24,4513.86906399786,-3.02156418364015e-21,1.16596629354647e-27,-253905.134729934,1219.34841969465,1219.34841969465,0.000789758213290461,4.50155418956691e-30,2279.7393346305,-4.05205832250792e-27,1.97459230563613e-33,-140484.163632916,4780.30146060824,4780.30146067828,0,3.01732273760698e-17,8937.42700603357,-1.19332651503977e-14,3.37605301346089e-21,-489490.561180866,"MPA"
"1823","Mugil","MT_60",2052,2414.30278146334,2414.30278146334,1.21128363659753e-09,1.03101210299521e-24,4513.86906399907,-5.9173835362829e-22,2.28409838295588e-28,-253905.134729934,1219.34884210731,1219.34884210731,0.000467943651371193,6.16067653353389e-31,2279.73980257415,-5.54468717182605e-28,2.70236006369229e-34,-140484.163632916,4780.3014606457,4780.30146069629,0,8.35451614698305e-18,8937.42700608415,-3.30313115473958e-15,9.3477867190893e-22,-489490.561180866,"MPA"
"1824","Mugil","MT_60",2053,2414.30278146399,2414.30278146399,5.26287719504497e-10,2.02030683483337e-25,4513.8690639996,-1.15920041954582e-22,4.47577633774666e-29,-253905.134729934,1219.34909239318,1219.34909239318,0.000277263565190637,8.43252214097404e-32,2279.74007983772,-7.58827082138185e-29,3.69889674753782e-35,-140484.163632916,4780.30146067276,4780.3014607093,0,2.31390084836948e-18,8937.42700612069,-9.1458769801816e-16,2.58900111496776e-22,-489490.561180866,"MPA"
"1825","Mugil","MT_60",2054,2414.30278146427,2414.30278146427,2.28709849025406e-10,3.95995176109899e-26,4513.86906399983,-2.27149664271243e-23,8.77285473936676e-30,-253905.134729934,1219.34924069128,1219.34924069128,0.000164282744445401,1.15437942442192e-32,2279.74024412046,-1.03865619669751e-29,5.06364490685313e-36,-140484.163632916,4780.3014606923,4780.3014607187,0,6.41037694344832e-19,8937.42700614709,-2.53307937061651e-16,7.17250830586728e-23,-489490.561180866,"MPA"
"1826","Mugil","MT_60",2055,2414.30278146439,2414.30278146439,9.91926234930559e-11,7.76383057355332e-27,4513.86906399992,-4.45230247977672e-24,1.71999463508444e-30,-253905.134729934,1219.34932856009,1219.34932856009,9.73399318554845e-05,1.58052188937882e-33,2279.74034146039,-1.42187968984393e-30,6.9329034018461e-37,-140484.163632916,4780.30146070642,4780.3014607255,0,1.77635511056141e-19,8937.42700616616,-7.01758400957436e-17,1.98754642621377e-23,-489490.561180866,"MPA"
"1827","Mugil","MT_60",2056,2414.30278146445,2414.30278146445,4.30779393455567e-11,1.52254709221616e-27,4513.86906399997,-8.72912707037694e-25,3.37304221861271e-31,-253905.134729934,1219.34938062364,1219.34938062364,5.76753304513086e-05,2.16427357477911e-34,2279.74039913572,-1.94677050224109e-31,9.49350913092446e-38,-140484.163632916,4780.30146071663,4780.30146073041,0,4.92352271555614e-20,8937.42700617995,-1.94461594523004e-17,5.50888159663768e-24,-489490.561180866,"MPA"
"1828","Mugil","MT_60",2057,2414.30278146447,2414.30278146447,1.8704894715834e-11,2.98654599192158e-28,4513.86906399999,-1.71184918484185e-25,6.61637710260707e-32,-253905.134729934,1219.34941147206,1219.34941147206,3.41734736022497e-05,2.96402844202601e-35,2279.7404333092,-2.66579273751907e-32,1.30016051088524e-38,-140484.163632916,4780.301460724,4780.30146073397,0,1.36494469703587e-20,8937.42700618992,-5.38989120048546e-18,1.52722332287811e-24,-489490.561180866,"MPA"
"1829","Mugil","MT_60",2058,2414.30278146448,2414.30278146448,8.21881737513921e-12,5.85958720136016e-29,4513.86906399999,-3.35787073378599e-26,1.2981296351932e-32,-253905.134729934,1219.34942975019,1219.34942975019,2.0248280519034e-05,4.05985030084183e-36,2279.74045355748,-3.65087176901318e-33,1.78083883652872e-39,-140484.163632916,4780.30146072933,4780.30146073654,0,3.78477960959045e-21,8937.42700619713,-1.49423570007041e-18,4.23475303011614e-25,-489490.561180866,"MPA"
"1830","Mugil","MT_60",2059,2414.30278146448,2414.30278146448,3.40088994833347e-12,1.14989982322438e-29,4513.869064,-6.58812435125252e-27,2.54748156608111e-33,-253905.134729934,1219.34944058026,1219.34944058026,1.19974007156349e-05,5.56152643481053e-37,2279.74046555488,-5.00062429136843e-34,2.43954368846327e-40,-140484.163632916,4780.30146073319,4780.3014607384,0,1.04965474288753e-21,8937.42700620234,-4.14328347648335e-19,1.17444846504448e-25,-489490.561180866,"MPA"
"1831","Mugil","MT_60",2060,2414.30278146449,2414.30278146449,1.70044497416674e-12,2.25706595106861e-30,4513.869064,-1.29286974774042e-27,5.00029114506148e-34,-253905.134729934,1219.34944699723,1219.34944699723,7.1086342019809e-06,7.61961848594591e-38,2279.74047266351,-6.85027818245759e-35,3.34231839153293e-41,-140484.163632916,4780.30146073598,4780.30146073975,0,2.91156841910001e-22,8937.42700620611,-1.14908068654634e-19,3.25772553675622e-26,-489490.561180866,"MPA"
"1832","Mugil","MT_60",2061,2414.30278146449,2414.30278146449,5.66814991388913e-13,4.43114612635215e-31,4513.869064,-2.5376926127435e-28,9.81673607170488e-35,-253905.134729934,1219.34945079937,1219.34945079937,4.21196908183588e-06,1.04406274816496e-38,2279.74047687548,-9.38528416792776e-36,4.57974388174607e-42,-140484.163632916,4780.30146073799,4780.30146074072,0,8.07749824776532e-23,8937.42700620884,-3.18735952046528e-20,9.03783409045617e-27,-489490.561180866,"MPA"
"1833","Mugil","MT_60",2062,2414.30278146449,2414.30278146449,2.83407495694456e-13,8.70105714813651e-32,4513.869064,-4.98208162039168e-29,1.92762728044796e-35,-253905.134729934,1219.3494530522,1219.3494530522,2.49565283741499e-06,1.43078065639952e-39,2279.74047937113,-1.285999498293e-36,6.27606813544184e-43,-140484.163632916,4780.30146073945,4780.30146074143,0,2.24125433548665e-23,8937.42700621082,-8.84261924695003e-21,2.50771763946116e-27,-489490.561180866,"MPA"
"1834","Mugil","MT_60",2063,2414.30278146449,2414.30278146449,2.83407495694456e-13,1.70886929958326e-32,4513.869064,-9.78288137191156e-30,3.78581938322538e-36,-253905.134729934,1219.34945438703,1219.34945438703,1.47871054105896e-06,1.96097272753932e-40,2279.74048084984,-1.76233009570581e-37,8.60173666820291e-44,-140484.163632916,4780.30146074051,4780.30146074194,0,6.21963931796242e-24,8937.42700621225,-2.45355159684018e-21,6.95909383499329e-28,-489490.561180866,"MPA"
"1835","Mugil","MT_60",2064,2414.30278146449,2414.30278146449,2.83407495694456e-13,3.35678475038292e-33,4513.869064,-1.92133729882524e-30,7.43660195452874e-37,-253905.134729934,1219.34945517794,1219.34945517794,8.76157627507278e-07,2.68794913431922e-41,2279.740481726,-2.41538158582104e-38,1.17905926437609e-44,-140484.163632916,4780.30146074127,4780.30146074231,0,1.72621446307573e-24,8937.42700621328,-6.80877923524009e-22,1.93144454424732e-28,-489490.561180866,"MPA"
"1836","Mugil","MT_60",2065,2414.30278146449,2414.30278146449,2.83407495694456e-13,6.59497385133711e-34,4513.869064,-3.77414220421147e-31,1.46104677779309e-37,-253905.134729934,1219.34945564657,1219.34945564657,5.19136175810214e-07,3.68485597345928e-42,2279.74048224514,-3.31081750769295e-39,1.61634887961873e-45,-140484.163632916,4780.30146074183,4780.30146074258,0,4.79154748561247e-25,8937.42700621403,-1.88972584918472e-22,5.36121579765787e-29,-489490.561180866,"MPA"
"1837","Octopus","MT",2015,249.62757562009,249.62757562009,679.372960894912,95.105002896776,2837.58175399814,-819827.083394154,0.0422067281821125,-2810734.94724005,114.378734398928,114.378734398928,271.292829847364,35.465255692453,1268.29035215491,-596296.516391584,0.0343501542604309,-2364114.84972303,318.634129225466,318.634129225466,1447.15471753918,276.099304308553,4047.27082123063,-2089446.4187105,0.095993959124411,-4313066.3958331,"MPA"
"1838","Octopus","MT",2016,314.354199193994,313.874562745245,661.220013747397,24.5135005996105,3473.80863069717,-168000.879629519,0.00865223934748795,-2158908.74347541,140.504285888986,140.50421395489,291.334304858093,8.87232071136508,1550.75226436754,-121418.226197536,0.0069955409855864,-1889236.55952898,448.366492396754,448.365074735444,1572.13660232016,79.4133615277691,5539.99264436171,-426780.241763578,0.0196234054235365,-2650400.21888617,"MPA"
"1839","Octopus","MT",2017,384.836957989797,384.33769069514,550.516091838827,6.15505658476528,4017.67039865658,-34436.929629618,0.00177419506727823,-2025344.79347551,171.796102623886,171.795578055731,294.818130902587,2.20953835723522,1843.36033234474,-24725.8627131811,0.00142483301563488,-1792544.19604463,613.733841784524,613.723537087052,1341.98826391675,22.2363817761159,6859.73422180488,-87234.1976990252,0.00401441515329891,-2310854.17482162,"MPA"
"1840","Octopus","MT",2018,445.087285684574,444.739062459846,380.712486531827,1.46091565033009,4396.57374631335,-7061.0314021184,0.000363914385699433,-1997968.89524801,204.211935139397,204.21078726776,274.840315753912,0.535009382458767,2117.66449084455,-5035.79651179845,0.000290239512493739,-1772854.12984325,759.938019385969,759.918466026116,774.970516043444,5.63685514257867,7629.04832934589,-17844.0002898934,0.000821833389316147,-2241463.97741249,"MPA"
"1841","Octopus","MT",2019,487.063118894222,486.877083049582,221.443144478143,0.328144658336104,4617.50271028851,-1448.25714515098,7.46656540538772e-05,-1992356.12099104,234.600016102808,234.598338615977,234.31452970952,0.125213492538938,2351.8521295747,-1025.73792847207,5.9128759929084e-05,-1768844.07125992,845.16450488333,845.146315626881,287.029271357795,1.2843984462692,7914.77501300097,-3652.82577154611,0.000168365791866372,-2227272.80289414,"MPA"
"1842","Octopus","MT",2020,511.538166159845,511.456513429261,113.044631735903,0.0707459971355333,4730.3949432967,-297.136139544734,1.53237506197135e-05,-1991204.99998544,260.543891563108,260.54197127221,183.023510137021,0.0283332686019943,2534.84538615222,-208.957460470137,1.20473181048872e-05,-1768027.29079192,876.818000928754,876.808750552451,76.2785525486052,0.273186660890268,7990.77112851238,-748.32427294725,3.45165533908614e-05,-2224368.30139554,"MPA"
"1843","Octopus","MT",2021,524.044641947725,524.013029538426,53.2366622840999,0.0148799669517636,4783.58511320455,-60.9808710077472,3.14579685621373e-06,-1990968.8447169,280.816329017386,280.814492588131,132.243984747035,0.00622271516979959,2667.08131175483,-42.5729024313671,2.4548842796501e-06,-1767860.90623388,885.237035199673,885.234091057967,17.5314536483493,0.0565831531987103,8008.24305486582,-153.41257184575,7.08108495913494e-06,-2223773.38969444,"MPA"
"1844","Octopus","MT",2022,529.93717816904,529.925736348303,24.0221526521353,0.00309001797033153,4807.59273401798,-12.518617514971,6.45976314848629e-07,-1990920.38246341,295.465746056707,295.464220062173,89.7062824096588,0.00133430461907304,2756.78473386534,-8.67485408254395,5.00288333393724e-07,-1767827.00818553,887.172617640416,887.171926294518,3.86520655814028,0.0116413516498582,8012.09592872642,-31.4726106969352,1.45367206789689e-06,-2223651.44973329,"MPA"
"1845","Octopus","MT",2023,532.596800717262,532.592787622383,10.6188406799938,0.000637890891451929,4818.2069237122,-2.57063848462261,1.3268499047634e-07,-1990910.43448438,305.403309047721,305.402172645246,58.0598002890503,0.000281099442332094,2814.84311665247,-1.76784251013144,1.01966640100386e-07,-1767820.10117396,887.599448365323,887.599309249433,0.843505528014815,0.00239259253600326,8012.936902546,-6.46099323284668,2.98622596265067e-07,-2223626.43811583,"MPA"
"1846","Octopus","MT",2024,533.772666433455,533.771277257263,4.64993639255333,0.000131349877371252,4822.85533957868,-0.528014245638441,2.72612171514492e-08,-1990908.39186014,311.835157716691,311.834379405393,36.3748637929757,5.85056172154865e-05,2851.21714362853,-0.360309868540364,2.07847080329875e-08,-1767818.69364132,887.692613487783,887.692586911173,0.183566673769897,0.00049187564260431,8013.11995076752,-1.32725839336422,6.13851906866773e-08,-2223621.30438099,"MPA"
"1847","Octopus","MT",2025,534.287629234146,534.287150702594,2.02757953239512,2.70202751254568e-05,4824.88241355925,-0.108484785762311,5.60255161760757e-09,-1990907.97233068,315.864760777611,315.864260155525,22.307606855911,1.20811295604798e-05,2873.52423778123,-0.0734444106385462,4.23718625458289e-09,-1767818.40677586,887.712892014387,887.712886923841,0.0399045630890421,0.000101177949139948,8013.15974906212,-0.272832697458544,1.26265363068152e-08,-2223620.24995529,"MPA"
"1848","Octopus","MT",2026,534.512193413476,534.512028822159,0.882440598310738,5.55685677035315e-06,4825.76468400939,-0.0222950962478391,1.15170851880516e-09,-1990907.88614099,318.335994851778,318.335687541213,13.4970959730142,2.48240949712071e-06,2887.02102396127,-0.014972364731024,8.63890551361463e-10,-1767818.34830381,887.717300966132,887.71729996747,0.0086687173128868,2.08249098306943e-05,8013.16839595586,-0.0561199193395144,2.59883872592653e-09,-2223620.03324251,"MPA"
"1849","Octopus","MT",2027,534.609933476977,534.609876881347,0.383725733827092,1.14282665617792e-06,4826.14835200476,-0.00458317053363801,2.36817753415782e-10,-1990907.86842906,319.831201608497,319.831019433671,8.09860772062206,5.08553957411469e-07,2895.11944899851,-0.00305260330618335,1.76151837825466e-10,-1767818.33638405,887.718258890024,887.718258689074,0.00188212821245644,4.28891878257116e-06,8013.1702735942,-0.0115508019014783,5.35233826712068e-10,-2223619.9886734,"MPA"
"1850","Octopus","MT",2028,534.652437149434,534.652417686978,0.166795490239884,2.3507172788771e-07,4826.31512779747,-0.000942405200896806,4.87079379085442e-11,-1990907.8647883,320.728364805197,320.72825962543,4.83485910334961,1.03998986040433e-07,2899.9542028181,-0.000622440877880717,3.59221782508366e-11,-1767818.33395389,887.71846689936,887.718466858184,0.000408445634749306,8.83844367802721e-07,8013.17068111482,-0.00237890094555823,1.10298962548857e-10,-2223619.97950149,"MPA"
"1851","Octopus","MT",2029,534.670912976849,534.670906282991,0.0724878056389452,4.83630324719085e-08,4826.38760886089,-0.000193830962441476,1.00206952137072e-11,-1990907.86403972,321.263970576947,321.263911073318,2.8776387717233,2.12459443201961e-08,2902.83178206494,-0.000126932596130159,7.32630379049677e-12,-1767818.33345838,887.718512045484,887.718512036965,8.85990564040353e-05,1.82247579031925e-07,8013.17076952311,-0.000490234908928479,2.27435039498649e-11,-2223619.97761283,"MPA"
"1852","Octopus","MT",2030,534.678942605111,534.678940302543,0.0314994820957765,9.95243990960746e-09,4826.41910603046,-3.98768879094963e-05,2.06208882191456e-12,-1990907.86388577,321.582755795553,321.582722666091,1.70961721797625,4.33786024165271e-09,2904.54136614912,-2.58878013231758e-05,1.49435471560355e-12,-1767818.33335734,887.718521839569,887.718521837801,1.92109327727143e-05,3.7601063445646e-08,8013.17078869467,-0.000101085806519392,4.69240760335399e-12,-2223619.97722368,"MPA"
"1853","Octopus","MT",2031,534.682431938063,534.682431145918,0.0136873263346339,2.04857597834188e-09,4826.4327925626,-8.20598598585755e-06,4.24450495341813e-13,-1990907.8638541,321.772147672978,321.772129462371,1.01459057644355,8.85413800396855e-10,2905.55593851407,-5.28036313853889e-06,3.04837735584923e-13,-1767818.33333673,887.718523963441,887.718523963075,4.16393994183217e-06,7.76220596021585e-09,8013.17079285048,-2.08558807889805e-05,9.68680958501282e-13,-2223619.97714345,"MPA"
"1854","Octopus","MT",2032,534.683948165338,534.683947892772,0.00594729991644114,4.21776011857628e-10,4826.43873958953,-1.68908088419113e-06,8.7388767256432e-14,-1990907.86384758,321.884544463963,321.884534557931,0.601731595342104,1.80700343930543e-10,2906.1576602032,-1.077156308262e-06,6.21913152115287e-14,-1767818.33333252,887.718524423832,887.718524423757,9.02209847530543e-07,1.6032863457648e-09,8013.17079375101,-4.30540061750211e-06,2.00081389404033e-13,-2223619.9771269,"MPA"
"1855","Octopus","MT",2033,534.684606991427,534.684606897616,0.00258411541449355,8.68597504369598e-11,4826.44132361105,-3.47759509713855e-07,1.79966544966687e-14,-1990907.86384624,321.951204654267,321.951199312052,0.356737226786589,3.68770047188526e-11,2906.51439208774,-2.19755468063922e-07,1.26892650591823e-14,-1767818.33333167,887.718524523595,887.71852452358,1.95419156486691e-07,3.31338662067713e-10,8013.17079394609,-8.89281997267222e-07,4.13492574407786e-14,-2223619.97712348,"MPA"
"1856","Octopus","MT",2034,534.684893255607,534.684893223307,0.00112278749663499,1.78920975678889e-11,4826.44244636623,-7.16168443467888e-08,3.70709936552013e-15,-1990907.86384596,321.990724278938,321.990721418727,0.211443908047549,7.5259462148954e-12,2906.72583313556,-4.48380158841735e-08,2.58933733455484e-15,-1767818.33333149,887.718524545206,887.718524545203,4.23147689990361e-08,6.85113299182789e-11,8013.17079398833,-1.83780962097369e-07,8.54984021681406e-15,-2223619.97712278,"MPA"
"1857","Octopus","MT",2035,534.685017637153,534.685017626025,0.000487841255984226,3.68645344007056e-12,4826.44293419635,-1.47522284350688e-08,7.63803460017577e-16,-1990907.86384591,322.014148231807,322.014146709805,0.125309250301289,1.53599577461938e-12,2906.85114086386,-9.14952465578911e-09,5.28428157395001e-16,-1767818.33333146,887.718524549886,887.718524549885,9.15952594925287e-09,1.41734677780374e-11,8013.17079399747,-3.80006306782005e-08,1.76877145669611e-15,-2223619.97712263,"MPA"
"1858","Octopus","MT",2036,534.685071680159,534.685071676323,0.000211960981343692,7.59730888693846e-13,4826.4431461535,-3.03952012341544e-09,1.57410104927101e-16,-1990907.8638459,322.02803012632,322.028029320631,0.0742567746852928,3.13509659980775e-13,2906.92539683286,-1.86722149588168e-09,1.07851983103331e-16,-1767818.33333145,887.718524550899,887.718524550899,1.98206086273555e-09,2.93364442146229e-12,8013.17079399945,-7.8614838611683e-09,3.66102819580463e-16,-2223619.9771226,"MPA"
"1859","Octopus","MT",2037,534.685095161286,534.685095159963,9.20938374856907e-05,1.56607664578867e-13,4826.44323824601,-6.26406145805328e-10,3.24478419897801e-17,-1990907.86384589,322.036256382933,322.036255958331,0.0440015670835893,6.3995403106896e-14,2906.96939797534,-3.81099181320705e-10,2.20148075322969e-17,-1767818.33333145,887.718524551118,887.718524551118,4.290903453216e-10,6.07506143797754e-13,8013.17079399988,-1.62718105652612e-09,7.58134525539723e-17,-2223619.9771226,"MPA"
"1860","Octopus","MT",2038,534.685105363519,534.685105363061,4.00131807699358e-05,3.22899275558745e-14,4826.44327825873,-1.29124668646281e-10,6.69021181063784e-18,-1990907.86384589,322.041130936376,322.041130713463,0.026072801501015,1.30643073100131e-14,2906.99547055393,-7.77901788237046e-11,4.49413307228465e-18,-1767818.33333145,887.718524551166,887.718524551166,9.27031732834506e-11,1.25863552264135e-13,8013.17079399997,-3.36960567435763e-10,1.57070846859248e-17,-2223619.97712259,"MPA"
"1861","Octopus","MT",2039,534.685109796225,534.685109796067,1.73849682682177e-05,6.65917712112975e-15,4826.44329564354,-2.66233847998237e-11,1.37972762492156e-18,-1990907.86384589,322.044019319962,322.044019203318,0.0154489769421666,2.66725963907247e-15,2907.01091941423,-1.58801939547357e-11,9.1753140527675e-19,-1767818.33333145,887.718524551176,887.718524551176,2.00966807134664e-11,2.60885365012615e-14,8013.17079399999,-6.98117285288241e-11,3.25570703182763e-18,-2223619.97712259,"MPA"
"1862","Octopus","MT",2040,534.685111722157,534.685111722102,7.55341590126351e-06,1.37363736709901e-15,4826.4433031969,-5.49056151237952e-12,2.84606548333208e-19,-1990907.86384589,322.045730782231,322.045730721366,0.00915392157604721,5.44610839993923e-16,2907.02007327494,-3.24213288637185e-12,1.87343926496079e-19,-1767818.33333145,887.718524551178,887.718524551178,4.81145329581479e-12,5.40996240329586e-15,8013.170794,-1.44703196054585e-11,6.7513379439593e-19,-2223619.97712259,"MPA"
"1863","Octopus","MT",2041,534.685112558937,534.685112558918,3.2817981158047e-06,2.83413312677472e-16,4826.44330647868,-1.1325784395575e-12,5.87209451916178e-20,-1990907.86384589,322.046744869155,322.046744837472,0.00542390223677192,1.11211497478879e-16,2907.02549714549,-6.61987045376695e-13,3.82561849169598e-20,-1767818.33333145,887.718524551178,887.718524551178,6.97870461892156e-13,1.12234925596594e-15,8013.170794,-3.00070051938023e-12,1.40063064274921e-19,-2223619.97712259,"MPA"
"1864","Octopus","MT",2042,534.6851129225,534.685112922493,1.42586853561609e-06,5.8487572180824e-17,4826.44330790455,-2.33677253260435e-13,1.21181517044476e-20,-1990907.86384589,322.04734573871,322.047345722251,0.00321376990570852,2.27120107168378e-17,2907.02871089894,-1.35179716077108e-13,7.81280065802875e-21,-1767818.33333145,887.718524551179,887.718524551179,0,2.32940806316879e-16,8013.170794,-6.22524473229473e-13,2.90697418419307e-20,-2223619.97712259,"MPA"
"1865","Octopus","MT",2043,534.68511308046,534.685113080458,6.19507403270128e-07,1.20725972413823e-17,4826.44330852405,-4.82236175805339e-14,2.50134446241403e-21,-1990907.86384589,322.047701766123,322.047701757587,0.00190421772681451,4.63878109080556e-18,2907.03061510813,-2.76068347201552e-14,1.59571216941578e-21,-1767818.33333145,887.718524551179,887.718524551179,0,4.83661500952002e-17,8013.170794,-1.29203411482873e-13,6.03583167494885e-21,-2223619.97712259,"MPA"
"1866","Octopus","MT",2044,534.685113149091,534.68511314909,2.69161340221192e-07,2.49247131514796e-18,4826.44330879321,-9.95398322570596e-15,5.16419888481021e-22,-1990907.86384589,322.047912719042,322.047912714622,0.0011282821340523,9.47533084842093e-19,2907.03174338584,-5.63851095568402e-15,3.25945340898506e-22,-1767818.33333145,887.718524551179,887.718524551179,0,1.00464024324796e-17,8013.170794,-2.68268651225139e-14,1.25373621638042e-21,-2223619.97712259,"MPA"
"1867","Octopus","MT",2045,534.685113178909,534.685113178909,1.16944245568e-07,5.14695688655746e-19,4826.44330891016,-2.05506877785231e-15,1.06640781984952e-22,-1990907.86384589,322.048037712388,322.048037710102,0.000668526055741889,1.93565009983135e-19,2907.03241190961,-1.1517405271527e-15,6.6585103662426e-23,-1767818.33333145,887.718524551179,887.718524551179,0,2.08760122769485e-18,8013.170794,-5.57235757843318e-15,2.60521244506355e-22,-2223619.97712259,"MPA"
"1868","Octopus","MT",2046,534.685113191864,534.685113191864,5.08093339445177e-08,1.06306632760096e-19,4826.44330896096,-4.2437200113969e-16,2.20258741180783e-23,-1990907.86384589,322.048111773075,322.048111771894,0.00039611257747265,3.95458587849776e-20,2907.03280802101,-2.35281051021647e-16,1.36035149188508e-23,-1767818.33333145,887.718524551179,887.718524551179,0,4.33957659240796e-19,8013.170794,-1.15791305395882e-15,5.41555484585115e-23,-2223619.97712259,"MPA"
"1869","Octopus","MT",2047,534.685113197493,534.685113197493,2.20753839362973e-08,2.19613093955575e-20,4826.44330898304,-8.76509352459432e-17,4.55020560477386e-24,-1990907.86384589,322.048155655258,322.048155654648,0.000234703024624812,8.08009656365425e-21,2907.03304272342,-4.80685485399804e-17,2.77949961258148e-24,-1767818.33333145,887.718524551179,887.718524551179,0,9.02412380194272e-20,8013.170794,-2.40699819407168e-16,1.12616142023326e-23,-2223619.97712259,"MPA"
"1870","Octopus","MT",2048,534.685113199939,534.685113199939,9.59112703624957e-09,4.53777233866217e-21,4826.44330899263,-1.81073302553932e-17,9.40189710757901e-25,-1990907.86384589,322.048181656161,322.048181655847,0.000139065230884376,1.6510991604904e-21,2907.03318178834,-9.82146988001482e-18,5.67967111561884e-25,-1767818.33333145,887.718524551179,887.718524551179,0,1.87722248960465e-20,8013.170794,-5.00533847757316e-17,2.34267125693895e-24,-2223619.97712259,"MPA"
"1871","Octopus","MT",2049,534.685113201001,534.685113201001,4.16729214584622e-09,9.37804587669121e-22,4826.4433089968,-3.74144095325159e-18,1.94305522230377e-25,-1990907.86384589,322.048197062111,322.048197061948,8.23983086327085e-05,3.37419751778946e-22,2907.03326418648,-2.0069338573157e-18,1.16070141164124e-25,-1767818.33333145,887.718524551179,887.718524551179,0,3.90638218107726e-21,8013.170794,-1.04122396416603e-17,4.87495185301957e-25,-2223619.97712259,"MPA"
"1872","Octopus","MT",2050,534.685113201463,534.685113201463,1.81062075499349e-09,1.93849977748836e-22,4826.44330899861,-7.73229732252269e-19,4.01641468340646e-26,-1990907.86384589,322.048206190377,322.048206190294,4.88222649509989e-05,6.89617467269259e-23,2907.03331300867,-4.10138353752885e-19,2.37223796426789e-26,-1767818.33333145,887.718524551179,887.718524551179,0,8.13162550771777e-22,8013.170794,-2.16672171927017e-18,1.01478250205355e-25,-2223619.97712259,"MPA"
"1873","Octopus","MT",2051,534.685113201664,534.685113201664,7.86673051040145e-10,4.00775803501556e-23,4826.4433089994,-1.59831342651307e-19,8.30375035700376e-27,-1990907.86384589,322.048211599017,322.048211598974,2.8927936727124e-05,1.40956813621265e-23,2907.03334193656,-8.38239502086481e-20,4.84882003210973e-27,-1767818.33333145,887.718524551179,887.718524551179,0,1.69324252093662e-22,8013.170794,-4.51030359648134e-19,2.11307429289348e-26,-2223619.97712259,"MPA"
"1874","Octopus","MT",2052,534.685113201751,534.685113201751,3.41820955921967e-10,8.28739724106705e-24,4826.44330899974,-3.30443859316723e-20,1.71708165008679e-27,-1990907.86384589,322.04821480372,322.048214803697,1.71402408851765e-05,2.88140046899874e-24,2907.03335907678,-1.71334939859331e-20,9.91182463383539e-28,-1767818.33333145,887.718524551179,887.718524551179,0,3.52692106892138e-23,8013.170794,-9.39177268388371e-20,4.40140508618913e-27,-2223619.97712259,"MPA"
"1875","Octopus","MT",2053,534.685113201789,534.685113201789,1.48486053547674e-10,1.71401390974198e-24,4826.44330899989,-6.8330460674078e-21,3.55129812992086e-28,-1990907.86384589,322.048216702555,322.048216702543,1.01558509610852e-05,5.89061387015811e-25,2907.03336923262,-3.50238174706924e-21,2.02633170746582e-28,-1767818.33333145,887.718524551179,887.718524551179,0,7.3485699928316e-24,8013.170794,-1.95624906318719e-20,9.1706144568065e-28,-2223619.97712259,"MPA"
"1876","Octopus","MT",2054,534.685113201805,534.685113201805,6.42429456165465e-11,3.54559116981563e-25,4826.44330899995,-1.41322247079059e-21,7.34617800897848e-29,-1990907.86384589,322.048217827643,322.048217827637,6.01749398795844e-06,1.2043605665224e-25,2907.0333752501,-7.16012182206558e-22,4.14291964883885e-29,-1767818.33333145,887.718524551179,887.718524551179,0,1.53156810489477e-24,8013.170794,-4.07597246530916e-21,1.91131344166726e-28,-2223619.97712259,"MPA"
"1877","Octopus","MT",2055,534.685113201812,534.685113201812,2.78790141354828e-11,7.33566886229892e-26,4826.44330899998,-2.92337715869194e-22,1.51989123100648e-29,-1990907.86384589,322.048218494275,322.048218494272,3.56545502465841e-06,2.46258477266239e-26,2907.03337881556,-1.46391675535578e-22,8.47112659121269e-30,-1767818.33333145,887.718524551179,887.718524551179,0,3.19295031511516e-25,8013.170794,-8.49502614847023e-22,3.98462780489583e-29,-2223619.97712259,"MPA"
"1878","Octopus","MT",2056,534.685113201815,534.685113201815,1.21213104936883e-11,1.51798036816421e-26,4826.44330899999,-6.04833602315385e-23,3.14513249401188e-30,-1990907.86384589,322.048218889264,322.048218889263,2.11258518379343e-06,5.03575037298716e-27,2907.03338092814,-2.9933054958193e-23,1.73226437979151e-30,-1767818.33333145,887.718524551179,887.718524551179,0,6.65834786784969e-26,8013.170794,-1.77100817985062e-22,8.30925489924069e-30,-2223619.97712259,"MPA"
"1879","Octopus","MT",2057,534.685113201817,534.685113201817,5.15155695981752e-12,3.14171369902765e-27,4826.443309,-1.25159075682849e-23,6.50937656963506e-31,-1990907.86384589,322.048219123302,322.048219123301,1.25173807960929e-06,1.0298528811679e-27,2907.03338217988,-6.12102349363831e-24,3.54262489011769e-31,-1767818.33333145,887.718524551179,887.718524551179,0,1.38885050031289e-26,8013.170794,-3.69313248703886e-23,1.73320965697226e-30,-2223619.97712259,"MPA"
"1880","Octopus","MT",2058,534.685113201817,534.685113201817,2.42426209873766e-12,6.50338887576407e-28,4826.443309,-2.59037594212092e-24,1.34744955226907e-31,-1990907.86384589,322.048219261972,322.048219261972,7.41673305642644e-07,2.10631743333865e-28,2907.03338292155,-1.25180026989659e-24,7.24559080143484e-32,-1767818.33333145,887.718524551179,887.718524551179,0,2.8977142549995e-27,8013.170794,-7.70342584098445e-24,3.61618930819397e-31,-2223619.97712259,"MPA"
"1881","Octopus","MT",2059,534.685113201817,534.685113201817,9.09098287026623e-13,1.34643122653844e-28,4826.443309,-5.36211243285789e-25,2.78969655362514e-32,-1990907.86384589,322.048219344136,322.048219344136,4.39452343511229e-07,4.30833775562292e-29,2907.033383361,-2.56025766264339e-25,1.48203931228787e-32,-1767818.33333145,887.718524551179,887.718524551179,0,6.04732224963934e-28,8013.170794,-1.60725195884821e-24,7.54672826163568e-32,-2223619.97712259,"MPA"
"1882","Octopus","MT",2060,534.685113201818,534.685113201818,6.06065524684415e-13,2.78803768946796e-29,4826.443309,-1.1101466877854e-25,5.77658849585787e-33,-1990907.86384589,322.04821939282,322.04821939282,2.60381902055038e-07,8.81317911470433e-30,2907.03338362138,-5.23684349504254e-26,3.03167454668679e-33,-1767818.33333145,887.718524551179,887.718524551179,0,1.26233532372933e-28,8013.170794,-3.35421980091715e-25,1.57532561851113e-32,-2223619.97712259,"MPA"
"1883","Octopus","MT",2061,534.685113201818,534.685113201818,3.03032762342208e-13,5.77406693495498e-30,4826.443309,-2.2987663575963e-26,1.19633994751123e-33,-1990907.86384589,322.048219421666,322.048219421666,1.54280019862113e-07,1.80298465155865e-30,2907.03338377566,-1.07125398073234e-26,6.20214635895448e-34,-1767818.33333145,887.718524551179,887.718524551179,0,2.63564619367605e-29,8013.170794,-7.00169424327044e-26,3.28914266453616e-33,-2223619.97712259,"MPA"
"1884","Octopus","MT",2062,534.685113201818,534.685113201818,3.03032762342208e-13,1.19600337885336e-30,4826.443309,-4.76077883262642e-27,2.47802222523394e-34,-1990907.86384589,322.048219438757,322.048219438757,9.14132271544074e-08,3.68882190134304e-31,2907.03338386708,-2.19155251455847e-27,1.26893001020579e-34,-1767818.33333145,887.718524551179,887.718524551179,0,5.50423580763618e-30,8013.170794,-1.46189276610278e-26,6.86898600958009e-34,-2223619.97712259,"MPA"
"1885","Octopus","MT",2063,534.685113201818,534.685113201818,3.03032762342208e-13,2.4777024144029e-31,4826.443309,-9.8611734743237e-28,5.13359891699683e-35,-1990907.86384589,322.048219448884,322.048219448884,5.41636951644544e-08,7.54777970626933e-32,2907.03338392124,-4.48381349571046e-28,2.59638563084848e-35,-1767818.33333145,887.718524551179,887.718524551179,0,1.14974465018466e-30,8013.170794,-3.05299039355668e-27,1.43481860020449e-34,-2223619.97712259,"MPA"
"1886","Octopus","MT",2064,534.685113201818,534.685113201818,3.03032762342208e-13,5.13370334201524e-32,4826.443309,-2.04289166386823e-28,1.063661792617e-35,-1990907.86384589,322.048219454885,322.048219454885,3.20928642138582e-08,1.54449412313574e-32,2907.03338395333,-9.17442950992938e-29,5.31295626558096e-36,-1767818.33333145,887.718524551179,887.718524551179,0,2.40213390947974e-31,8013.170794,-6.37719657138819e-28,2.99773207289976e-35,-2223619.97712259,"MPA"
"1887","Octopus","MT",2065,534.685113201818,534.685113201818,3.03032762342208e-13,1.06383932458203e-32,4826.443309,-4.23279232453862e-29,2.20418899896382e-36,-1990907.86384589,322.04821945844,322.04821945844,1.90153633260577e-08,3.16073776189088e-33,2907.03338397235,-1.87735374009064e-29,1.08727260558409e-36,-1767818.33333145,887.718524551179,887.718524551179,0,5.01974421067404e-32,8013.170794,-1.33237237756133e-28,6.26436692754966e-36,-2223619.97712259,"MPA"
"1888","Octopus","MT_20",2015,302.940413155689,302.940413155689,818.371733355701,137.36011456638,3415.56452478932,-975555.224200303,0.0502312879977536,-3371435.89600683,137.548252728077,137.548252728077,327.336232867342,51.6909226911337,1517.25243117621,-722875.796242067,0.0416322698354867,-2872810.63968585,383.583878028088,383.583878028088,1736.53679745546,395.358049989634,4803.67619846582,-2482804.6014808,0.114182914380327,-5130700.73909714,"MPA"
"1889","Octopus","MT_20",2016,378.384534462392,377.691814752245,795.615489347804,42.2520570733575,4168.23523735362,-240612.516834473,0.0123934087154505,-2636493.188641,168.084909731856,168.084808612877,351.553826145225,15.6409810257202,1853.16517517673,-178967.516101462,0.0103088308061094,-2328902.35954524,532.16291739553,532.161002737418,1881.9752610987,133.634876429413,6552.01466847699,-604509.318451542,0.0278223815367678,-3252405.45606788,"MPA"
"1890","Octopus","MT_20",2017,461.767224237426,461.013317600835,665.474869367269,12.7278579239767,4820.22834216032,-59361.0118795278,0.00305862974543007,-2455241.68368605,205.298139444289,205.297391659007,357.266279771837,4.73091645515774,2205.69979070813,-44312.771822657,0.00255292059940256,-2194247.61526644,725.848099817511,725.834002007593,1629.56488912324,44.4402221241052,8137.12523766621,-147281.841718821,0.00678394441682878,-2795177.97933516,"MPA"
"1891","Octopus","MT_20",2018,533.996604079164,533.453900116443,463.631942994077,3.63576951985412,5279.68181167183,-14649.0144487525,0.000755060626079288,-2410529.68625528,244.352780459438,244.351083055245,335.143269506999,1.39461031102686,2539.44675249991,-10973.1414261318,0.000632286120544237,-2160907.98486991,901.450498905865,901.422590224113,968.362387349761,13.4667407239153,9091.9929756103,-35908.2785672214,0.00165524294041863,-2683804.41618356,"MPA"
"1892","Octopus","MT_20",2019,584.895975444125,584.598886507924,271.675881581909,0.983864854393432,5550.07673946314,-3616.11996071933,0.000186446566195813,-2399496.79176724,281.326079558102,281.323518989106,287.663366438555,0.39771384166345,2826.70984452781,-2717.58324828641,0.000156616754603684,-2152652.42669207,1007.23306628905,1007.2056046075,371.598446859044,3.67411109759076,9459.88984969021,-8760.8929049254,0.000404136634091392,-2656657.03052127,"MPA"
"1893","Octopus","MT_20",2020,614.850982334127,614.71797975659,139.482786386528,0.255532701909274,5689.17099057022,-892.901031819265,4.60514643396551e-05,-2396773.57283834,313.149782655003,313.146772796657,226.128671937578,0.109669718181448,3052.72583688886,-673.110512086031,3.87981252710027e-05,-2150607.95395587,1047.98957562113,1047.97462862732,101.850950118644,0.934012044136427,9560.79184077091,-2138.97124974311,9.8736362415134e-05,-2650035.10886608,"MPA"
"1894","Octopus","MT_20",2021,630.260181331705,630.207843469144,65.9316247438272,0.0647232960000194,5754.98555415549,-220.539391753864,1.13775280423378e-05,-2396101.21119828,338.188383281605,338.185440964951,164.273480794571,0.0293437082169845,3216.96703165856,-166.740971081465,9.61237910724782e-06,-2150101.58441486,1059.16774328398,1059.16259540978,23.9968562775789,0.230778562497641,9584.55277061179,-522.578013951101,2.41381671192244e-05,-2648418.71563029,"MPA"
"1895","Octopus","MT_20",2022,637.551278549256,637.53207657577,29.8158900811393,0.0161807335103057,5784.76606152963,-54.4863489799365,2.81168594297053e-06,-2395935.15815551,356.383421780055,356.380932418303,111.898700698238,0.00766200750375336,3328.85558098754,-41.309547393651,2.38176190094411e-06,-2149976.15299117,1061.80003680705,1061.79870614606,5.42094186014332,0.0565948436360097,9589.9157869673,-127.754927809877,5.90480711804491e-06,-2648023.89254415,"MPA"
"1896","Octopus","MT_20",2023,640.850435493016,640.843621350945,13.1965288137381,0.00402050483630819,5797.95175569646,-13.4649664563638,6.95023004024105e-07,-2395894.13677298,368.778707052006,368.776826084834,72.6391964081218,0.001964745545311,3401.49093168294,-10.2355147287419,5.90218461456213e-07,-2149945.07895851,1062.39416478568,1062.39386165605,1.2154387101635,0.0138609151753355,9591.11706163265,-31.252081092135,1.44536425824561e-06,-2647927.38969743,"MPA"
"1897","Octopus","MT_20",2024,642.311178720868,642.308794984139,5.78292021252403,0.000996362097833217,5803.73129581016,-3.32841184103336,1.71847839315643e-07,-2395884.00021837,376.82542763331,376.824124360111,45.6000717279498,0.000497556541348956,3447.08920258115,-2.53640621415084,1.46276291242061e-07,-2149937.37984999,1062.52724491101,1062.52717700468,0.272792802006422,0.00339534540816078,9591.38639118292,-7.64980747667726,3.54009427627564e-07,-2647903.78742382,"MPA"
"1898","Octopus","MT_20",2025,642.951450213167,642.950620988281,2.52272061687392,0.000246664892832068,5806.25294053725,-0.822965630294439,4.25011357488174e-08,-2395881.49477216,381.876914841613,381.876068819398,28.001125769525,0.000124978008727522,3475.08935735045,-0.628603242036322,3.62561370268405e-08,-2149935.47204702,1062.55708189279,1062.55706619629,0.0614162150595689,0.000832137755756437,9591.44695956373,-1.87364804792107,8.67588640818386e-08,-2647898.01126439,"MPA"
"1899","Octopus","MT_20",2026,643.230804141109,643.230516240213,1.0982394932567,6.10468636907128e-05,5807.35083108275,-0.203534505166061,1.05139902044682e-08,-2395880.87534103,384.978839999332,384.978316858644,16.9555356943304,3.1232089348355e-05,3492.04433867201,-0.155805273472202,8.98742552361634e-09,-2149934.99924905,1062.56379180513,1062.56378804052,0.0138789950967705,0.000204058159498762,9591.46063073605,-0.459184312701249,2.12750133190277e-08,-2647896.59680065,"MPA"
"1900","Octopus","MT_20",2027,643.352431122515,643.352331221272,0.477652432160074,1.51085283175911e-05,5807.82836850514,-0.0503506439397801,2.60162174183273e-09,-2395880.72215717,386.857154013784,386.856842077017,10.1787745101591,7.78062783008257e-06,3502.22279346477,-0.0386219933697871,2.2281017570378e-09,-2149934.88206577,1062.56530633081,1062.56530540552,0.00314906391404589,5.00682985622173e-05,9591.46372880638,-0.112601201775564,5.22009114698612e-09,-2647896.25021754,"MPA"
"1901","Octopus","MT_20",2028,643.405333878106,643.40529921713,0.20764922330675,3.73975368186269e-06,5808.03597932771,-0.0124589543114668,6.43916038289693e-10,-2395880.68426548,387.984747959193,387.984567007153,6.07853666583144,1.93474681977541e-06,3508.30114724382,-0.00957488695842251,5.52434048911534e-10,-2149934.85301867,1062.56564954257,1062.56564931272,0.000717513878532719,1.22918902421475e-05,9591.46443379852,-0.0276281160251706,1.28154477783967e-09,-2647896.16524446,"MPA"
"1902","Octopus","MT_20",2029,643.428333509318,643.428321484461,0.0902506706373128,9.2587221085955e-07,5808.12621704762,-0.0030836613186692,1.59412274055267e-10,-2395880.67489019,388.658122755157,388.658019987808,3.61851484907897,4.80582713461984e-07,3511.91955884496,-0.00237398858756535,1.36984463884037e-10,-2149934.84581777,1062.56572764331,1062.56572758615,0.000164193859807524,3.01937426831613e-06,9591.46459491585,-0.00678276811938239,3.14798046736e-10,-2647896.14439911,"MPA"
"1903","Octopus","MT_20",2030,643.438330263117,643.438326091836,0.0392209560327903,2.29274964912919e-07,5808.1654336031,-0.000763412354185658,3.94748594217722e-11,-2395880.67256994,389.058979181454,389.058921780877,2.15001198538714,1.19303160218035e-07,3514.06951331047,-0.000588666386417656,3.39709276113707e-11,-2149934.84403245,1062.56574549228,1062.56574547813,3.773932451888e-05,7.42083461114978e-07,9591.46463189894,-0.00166611591911961,7.73691498128121e-11,-2647896.13928246,"MPA"
"1904","Octopus","MT_20",2031,643.442674768389,643.442673321649,0.0170433761784525,5.67889178378796e-08,5808.18247547575,-0.000189041875351606,9.77742775564981e-12,-2395880.67199557,389.297156359382,389.297124722992,1.27603368310816,2.96073000144344e-08,3515.34551532758,-0.000145983970560734,8.42535997741652e-12,-2149934.84358976,1062.56574958936,1062.56574958588,8.71277603201481e-06,1.82482423765909e-07,9591.46464042576,-0.000409487839864783,1.90255013986737e-11,-2647896.13802583,"MPA"
"1905","Octopus","MT_20",2032,643.444562708436,643.44456220674,0.00740583540397107,1.406931405811e-08,5808.18988079539,-4.68233022966182e-05,2.4223264548217e-12,-2395880.67185335,389.438514962246,389.438497714267,0.756819454521346,7.3465299546676e-09,3516.10231752678,-3.6206466071765e-05,2.08984579213557e-12,-2149934.84347999,1062.56575053398,1062.56575053313,2.02041848569582e-06,4.48969361107302e-08,9591.46464240043,-0.000100695322217344,4.68092598931588e-12,-2647896.13771704,"MPA"
"1906","Octopus","MT_20",2033,643.445383087733,643.445382913778,0.00321795230959203,3.48645761013574e-09,5808.19309857025,-1.1600323377874e-05,6.00265776813729e-13,-2395880.67181813,389.522355348146,389.52234602881,0.448693062264844,1.82282920738829e-09,3516.55100126788,-8.98073450925836e-06,5.18423257530553e-13,-2149934.84345276,1062.56575075274,1062.56575075253,4.70574979598855e-07,1.10518401078867e-08,9591.46464285975,-2.47745034883814e-05,1.15225781670995e-12,-2647896.13764112,"MPA"
"1907","Octopus","MT_20",2034,643.445739560649,643.445739500335,0.00139822132239772,8.6416604250173e-10,5808.1944967304,-2.87462373519421e-06,1.48783972550504e-13,-2395880.6718094,389.572061622838,389.572056625239,0.265952147002446,4.52288796464636e-10,3516.81694841684,-2.22783006488374e-06,1.28617158557014e-13,-2149934.84344601,1062.56575080362,1062.56575080357,1.10073965518534e-07,2.72188348431717e-09,9591.46464296706,-6.09849746925107e-06,2.83781839965862e-13,-2647896.13762244,"MPA"
"1908","Octopus","MT_20",2035,643.445894452226,643.445894431312,0.000607526676432498,2.14244807660314e-10,5808.19510423594,-7.12514281789135e-07,3.6886644857449e-14,-2395880.67180724,389.601523893985,389.601521230976,0.15761458004495,1.12229503254908e-10,3516.97456033376,-5.52708922040192e-07,3.19122391230931e-14,-2149934.84344433,1062.56575081551,1062.5657508155,2.58559879958263e-08,6.70681503704231e-10,9591.46464299223,-1.50195798870146e-06,6.99248267777414e-14,-2647896.13761784,"MPA"
"1909","Octopus","MT_20",2036,643.445961753166,643.445961745912,0.000263966926001413,5.31278886114104e-11,5808.19536819556,-1.76647126811072e-07,9.14705647077071e-15,-2395880.6718067,389.618984524981,389.61898311365,0.0934012633410313,2.7850213745066e-11,3517.06796018574,-1.37137058649469e-07,7.91879875349271e-15,-2149934.84344392,1062.5657508183,1062.56575081829,6.09813165914381e-09,1.65336905411522e-10,9591.46464299816,-3.70087642676601e-07,1.7237920543483e-14,-2647896.13761671,"MPA"
"1910","Octopus","MT_20",2037,643.445990995254,643.445990992737,0.000114691064000606,1.31774911364544e-11,5808.1954828841,-4.38045056833184e-08,2.26877546313869e-15,-2395880.67180657,389.629331587452,389.629330842942,0.0553461308916466,6.91170957251355e-12,3517.12330557212,-3.40296006112736e-08,1.96519079334551e-15,-2149934.84344381,1062.56575081895,1062.56575081895,1.44363790551870e-09,4.07778932670975e-11,9591.46464299956,-9.12342821936732e-08,4.25147720237555e-15,-2647896.13761643,"MPA"
"1911","Octopus","MT_20",2038,643.446003700728,643.446003699854,4.98317838458527e-05,3.26918564141928e-12,5808.195532715,-1.08649802245829e-08,5.62857371287692e-16,-2395880.67180654,389.635462883788,389.635462492603,0.0327950770591129,1.71546094952971e-12,3517.15610025799,-8.44505073048558e-09,4.87745467186835e-16,-2149934.84344379,1062.56575081911,1062.56575081911,3.42860120680937e-10,1.00618102403101e-11,9591.46464299989,-2.2501581315627e-08,1.04903793266379e-15,-2647896.13761636,"MPA"
"1912","Octopus","MT_20",2039,643.446009221117,643.446009220813,2.16511392689009e-05,8.11225951114883e-13,5808.19555436584,-2.69547793848673e-09,1.39669187537809e-16,-2395880.67180653,389.639095958747,389.63909575391,0.0194322060211272,4.25810365243856e-13,3517.17553225917,-2.09599760242296e-09,1.21066666688439e-16,-2149934.84344378,1062.56575081915,1062.56575081915,8.21441842422467e-11,2.48381191335841e-12,9591.46464299997,-5.55219073780334e-09,2.58960649474026e-16,-2647896.13761635,"MPA"
"1913","Octopus","MT_20",2040,643.446011619649,643.446011619543,9.40704153422517e-06,2.01343773839978e-13,5808.19556377277,-6.68864321404206e-10,3.46654605471483e-17,-2395880.67180653,389.641248683039,389.641248576093,0.0115141188421309,1.0570426364485e-13,3517.18704627107,-5.20262020564875e-10,3.00537356409893e-17,-2149934.84344378,1062.56575081915,1062.56575081916,1.92329245796539e-11,6.13405219178052e-13,9591.46464299999,-1.37058811192295e-09,6.39532378014578e-17,-2647896.13761634,"MPA"
"1914","Octopus","MT_20",2041,643.446012661772,643.446012661735,4.08718006490095e-06,4.99835840329094e-14,5808.19556785992,-1.66010056718727e-10,8.60569922002472e-18,-2395880.67180652,389.642524233244,389.642524177548,0.00682238630861739,2.62427923904049e-14,3517.19386860168,-1.29150472441383e-10,7.46130133135796e-18,-2149934.84344378,1062.56575081916,1062.56575081916,5.18905517607271e-12,1.51550506113275e-13,9591.464643,-3.38482111578312e-10,1.58005593258251e-17,-2647896.13761634,"MPA"
"1915","Octopus","MT_20",2042,643.446013114556,643.446013114543,1.77579667742654e-06,1.24110377869492e-14,5808.1955696357,-4.12119900636237e-11,2.13681472015623e-18,-2395880.67180652,389.643280027601,389.643279998657,0.00404240678017543,6.51581806742404e-15,3517.19791097952,-3.20635877806966e-11,1.85256153368802e-18,-2149934.84344378,1062.56575081916,1062.56575081916,8.35771046262997e-13,3.74579085181082e-14,9591.464643,-8.36268321758334e-11,3.90533770516952e-18,-2647896.13761634,"MPA"
"1916","Octopus","MT_20",2043,643.446013311282,643.446013311277,7.71545741834632e-07,3.08232909436922e-15,5808.19557040724,-1.02330310139069e-11,5.30686175665837e-19,-2395880.67180652,389.643727852037,389.643727837022,0.00239520394238203,1.6179651237104e-15,3517.20030616844,-7.96104683031297e-12,4.60015377203652e-19,-2149934.84344378,1062.56575081916,1062.56575081916,8.35771046262997e-13,9.26191907378556e-15,9591.464643,-2.06695860649927e-11,9.65641788665202e-19,-2647896.13761634,"MPA"
"1917","Octopus","MT_20",2044,643.446013396755,643.446013396753,3.35219535368072e-07,7.6566500955646e-16,5808.19557074246,-2.54141271258309e-12,1.31824936036507e-19,-2395880.67180652,389.643993196884,389.643993189108,0.00141920185142924,4.01800525114467e-16,3517.20172536252,-1.97683255994804e-12,1.14238738240432e-19,-2149934.84344378,1062.56575081916,1062.56575081916,8.35771046262997e-13,2.29099927612143e-15,9591.464643,-5.11080412645199e-12,2.38858126615046e-19,-2647896.13761634,"MPA"
"1918","Octopus","MT_20",2045,643.446013433891,643.44601343389,1.45645423599085e-07,1.90233133996063e-16,5808.19557088811,-6.31298842217399e-13,3.27525359087978e-20,-2395880.67180652,389.644150418651,389.644150414628,0.000840901797297511,9.97913178566382e-17,3517.20256626029,-4.90920235492459e-13,2.83723612260214e-20,-2149934.84344378,1062.56575081916,1062.56575081916,8.35771046262997e-13,5.66905543077742e-16,9591.464643,-1.26419249194695e-12,5.91052111620386e-20,-2647896.13761634,"MPA"
"1919","Octopus","MT_20",2046,643.446013450026,643.446013450026,6.32793040564743e-08,4.72737191139203e-17,5808.19557095138,-1.5684921700384e-13,8.13914038137181e-21,-2395880.67180652,389.644243575349,389.64424357327,0.000498248491775307,2.47865264227308e-17,3517.20306450671,-1.21925070839489e-13,7.04722743595111e-21,-2149934.84344378,1062.56575081916,1062.56575081916,8.35771046262997e-13,1.40330990458446e-16,9591.464643,-3.12823202814492e-13,1.46308197633676e-20,-2647896.13761634,"MPA"
"1920","Octopus","MT_20",2047,643.446013457036,643.446013457036,2.74933830614513e-08,1.17500117531905e-17,5808.19557097888,-3.89776779256833e-14,2.02300552893845e-21,-2395880.67180652,389.644298772297,389.644298771223,0.000295220429950968,6.15713887887966e-18,3517.20335972606,-3.02841803483747e-14,1.75057816280654e-21,-2149934.84344378,1062.56575081916,1062.56575081916,8.35771046262997e-13,3.47495397197556e-17,9591.464643,-7.74358099428936e-14,3.6229648977663e-21,-2647896.13761634,"MPA"
"1921","Octopus","MT_20",2048,643.446013460082,643.446013460082,1.19448522796502e-08,2.92105969647639e-18,5808.19557099082,-9.68800810086892e-15,5.02920340883786e-22,-2395880.67180652,389.644331477414,389.64433147686,0.000174922870896773,1.52961558836944e-18,3517.20353464838,-7.52279180366241e-15,4.34895407494668e-22,-2149934.84344378,1062.56575081916,1062.56575081916,8.35771046262997e-13,8.60780931694713e-18,9591.464643,-1.91750855926498e-14,8.97444721670245e-22,-2647896.13761634,"MPA"
"1922","Octopus","MT_20",2049,643.446013461405,643.446013461405,5.19001162321438e-09,7.26314718133337e-19,5808.19557099601,-2.40844439962087e-15,1.25049976237187e-22,-2395880.67180652,389.644350855733,389.644350855448,0.000103644581991535,3.800365921595e-19,3517.20363829268,-1.86888405006128e-15,1.08050781939614e-22,-2149934.84344378,1062.56575081916,1062.56575081916,8.35771046262997e-13,2.13294652312283e-18,9591.464643,-4.74986091179313e-15,2.22379647166764e-22,-2647896.13761634,"MPA"
"1923","Octopus","MT_20",2050,643.44601346198,643.44601346198,2.25477314270449e-09,1.80630140878046e-19,5808.19557099827,-5.9885411357973e-16,3.10991836741941e-23,-2395880.67180652,389.6443623377,389.644362337553,6.1411042014307e-05,9.44295624815284e-20,3517.20369970357,-4.64328616674427e-16,2.68479087913631e-23,-2149934.84344378,1062.56575081916,1062.56575081916,8.35771046262997e-13,5.28696913800879e-19,9591.464643,-1.17697766575519e-15,5.51216037882943e-23,-2647896.13761634,"MPA"
"1924","Octopus","MT_20",2051,643.44601346223,643.44601346223,9.7914699792397e-10,4.49298787680766e-20,5808.19557099925,-1.48931448311019e-16,7.73560019094785e-24,-2395880.67180652,389.644369140948,389.644369140872,3.63869963896617e-05,2.34654922323246e-20,3517.20373609049,-1.15374013272135e-16,6.67163298909948e-24,-2149934.84344378,1062.56575081916,1062.56575081916,8.35771046262997e-13,1.31089797992967e-19,9591.464643,-2.91739362778903e-16,1.36673389176947e-23,-2647896.13761634,"MPA"
"1925","Octopus","MT_20",2052,643.446013462338,643.446013462338,4.25573387924568e-10,1.1177858693916e-20,5808.19557099967,-3.70451569424582e-17,1.92449764428179e-24,-2395880.67180652,389.64437317198,389.644373171941,2.15598555552684e-05,5.83163274687251e-21,3517.20375765031,-2.86701314060659e-17,1.65803097700409e-24,-2149934.84344378,1062.56575081916,1062.56575081916,8.35771046262997e-13,3.25133903109636e-20,9591.464643,-7.23364429316242e-17,3.38982538341445e-24,-2647896.13761634,"MPA"
"1926","Octopus","MT_20",2053,643.446013462386,643.446013462386,1.848892096639e-10,2.78137165113e-21,5808.19557099986,-9.21626189409805e-18,4.78870178720805e-25,-2395880.67180652,389.644375560429,389.644375560408,1.27745438970249e-05,1.44940295868294e-21,3517.20377042483,-7.12508707591221e-18,4.12089562775639e-25,-2149934.84344378,1062.56575081916,1062.56575081916,8.35771046262997e-13,8.06645847085005e-21,9591.464643,-1.79411597145709e-17,8.41003826953277e-25,-2647896.13761634,"MPA"
"1927","Octopus","MT_20",2054,643.446013462406,643.446013462406,8.05927324176002e-11,6.92205710872103e-22,5808.19557099994,-2.29327013908168e-18,1.19177411023875e-25,-2395880.67180652,389.644376975621,389.644376975611,7.56911115490447e-06,3.60268485001842e-22,3517.20377799393,-1.77088007315164e-18,1.02430370407094e-25,-2149934.84344378,1062.56575081916,1062.56575081916,8.35771046262997e-13,2.0018289636189e-21,9591.464643,-4.45113900372528e-18,2.08709413851603e-25,-2647896.13761634,"MPA"
"1928","Octopus","MT_20",2055,643.446013462415,643.446013462415,3.46439347496476e-11,1.72300203672091e-22,5808.19557099997,-5.70730878845272e-19,2.96650141280329e-26,-2395880.67180652,389.644377814145,389.644377814139,4.48481258531615e-06,8.95573481502381e-23,3517.20378247874,-4.40175918597555e-19,2.54626555079268e-26,-2149934.84344378,1062.56575081916,1062.56575081916,8.35771046262997e-13,4.96924833661226e-22,9591.464643,-1.10462590379047e-18,5.18090669315962e-26,-2647896.13761634,"MPA"
"1929","Octopus","MT_20",2056,643.446013462419,643.446013462419,1.49515928919533e-11,4.28952876258234e-23,5808.19557099999,-1.42063327595343e-19,7.38530359411406e-27,-2395880.67180652,389.644378310982,389.64437831098,2.6573188292619e-06,2.22645370044576e-23,3517.20378513606,-1.0942113880465e-19,6.33018112722681e-27,-2149934.84344378,1062.56575081916,1062.56575081916,8.35771046262997e-13,1.23387296221213e-22,9591.464643,-2.74207264194356e-19,1.28642809845797e-26,-2647896.13761634,"MPA"
"1930","Octopus","MT_20",2057,643.446013462421,643.446013462421,6.19944095520015e-12,1.0680837063725e-23,5808.19557099999,-3.53676151763646e-20,1.83892517618619e-27,-2395880.67180652,389.644378605366,389.644378605365,1.57450121017934e-06,5.53558175472336e-24,3517.20378671056,-2.72028040266623e-20,1.57385869369216e-27,-2149934.84344378,1062.56575081916,1062.56575081916,8.35771046262997e-13,3.06452141062881e-23,9591.464643,-6.80861382673888e-20,3.19505052115825e-27,-2647896.13761634,"MPA"
"1931","Octopus","MT_20",2058,643.446013462421,643.446013462421,2.91738397891772e-12,2.65993883371672e-24,5808.195571,-8.80646233979007e-21,4.57963028483003e-28,-2395880.67180652,389.644378779793,389.644378779793,9.32915551467052e-07,1.37641594165718e-24,3517.20378764347,-6.7633719714607e-21,3.91338126854589e-28,-2149934.84344378,1062.56575081916,1062.56575081916,8.35771046262997e-13,7.61314132589292e-24,9591.464643,-1.69102845169221e-20,7.93741269895533e-28,-2647896.13761634,"MPA"
"1932","Octopus","MT_20",2059,643.446013462422,643.446013462422,1.45869198945886e-12,6.62532851507421e-25,5808.195571,-2.19314750571637e-21,1.14068619661399e-28,-2395880.67180652,389.644378883144,389.644378883143,5.52766194272561e-07,3.42272973240347e-25,3517.20378819624,-1.68170454510291e-21,9.73139442311558e-29,-2149934.84344378,1062.56575081916,1062.56575081916,8.35771046262997e-13,1.89178073690738e-24,9591.464643,-4.20099482554997e-21,1.97235855765577e-28,-2647896.13761634,"MPA"
"1933","Octopus","MT_20",2060,643.446013462422,643.446013462422,7.29345994729431e-13,1.65048414784061e-25,5808.195571,-5.46265294645266e-22,2.84164699288258e-29,-2395880.67180652,389.644378944381,389.64437894438,3.27522104931974e-07,8.51200115248766e-26,3517.20378852376,-4.18189006092473e-22,2.42010462431947e-29,-2149934.84344378,1062.56575081916,1062.56575081916,8.35771046262997e-13,4.70197306638446e-25,9591.464643,-1.04390037523583e-21,4.90224719726829e-29,-2647896.13761634,"MPA"
"1934","Octopus","MT_20",2061,643.446013462422,643.446013462422,0,4.11227592502606e-26,5808.195571,-1.36084151491678e-22,7.0801264777626e-30,-2395880.67180652,389.644378980664,389.644378980664,1.94061844661634e-07,2.11702777615538e-26,3517.20378871782,-1.03999602059073e-22,6.01906486926633e-30,-2149934.84344378,1062.56575081916,1062.56575081916,8.35771046262997e-13,1.16893069003659e-25,9591.464643,-2.59458792057032e-22,1.2187196987581e-29,-2647896.13761634,"MPA"
"1935","Octopus","MT_20",2062,643.446013462422,643.446013462422,0,1.02475224150121e-26,5808.195571,-3.39061469138611e-23,1.76432117165224e-30,-2395880.67180652,389.644379002163,389.644379002163,1.14984396121567e-07,5.2657097584673e-27,3517.20378883281,-2.58658383972738e-23,1.49712955938413e-30,-2149934.84344378,1062.56575081916,1062.56575081916,8.35771046262997e-13,2.9066559101904e-26,9591.464643,-6.45025695709692e-23,3.03046095500307e-30,-2647896.13761634,"MPA"
"1936","Octopus","MT_20",2063,643.446013462422,643.446013462422,0,2.55399504542521e-27,5808.195571,-8.44918986082584e-24,4.39722632305491e-31,-2395880.67180652,389.644379014901,389.644379014901,6.81299631613221e-08,1.30985258080579e-27,3517.20378890093,-6.43364244843751e-24,3.72413047252081e-31,-2149934.84344378,1062.56575081916,1062.56575081916,8.35771046262997e-13,7.22922547931655e-27,9591.464643,-1.60391695302358e-23,7.53714448042359e-31,-2647896.13761634,"MPA"
"1937","Octopus","MT_20",2064,643.446013462422,643.446013462422,0,6.36626313606854e-28,5808.195571,-2.10579573954323e-24,1.09608277790351e-31,-2395880.67180652,389.644379022449,389.644379022449,4.03681313219899e-08,3.25853752177046e-28,3517.2037889413,-1.60037745172739e-24,9.26456843943268e-32,-2149934.84344378,1062.56575081916,1062.56575081916,8.35771046262997e-13,1.79837536602185e-27,9591.464643,-3.98914686215691e-24,1.87497471237026e-31,-2647896.13761634,"MPA"
"1938","Octopus","MT_20",2065,643.446013462422,643.446013462422,0,1.58712566148282e-28,5808.195571,-5.24905082050082e-25,2.73256236309819e-32,-2395880.67180652,389.644379026921,389.644379026921,2.39188087793901e-08,8.10695006131628e-29,3517.20378896522,-3.98128007057098e-25,2.30494180826426e-32,-2149934.84344378,1062.56575081916,1062.56575081916,8.35771046262997e-13,4.47462432518687e-28,9591.464643,-9.92358513214414e-25,4.66521484646511e-32,-2647896.13761634,"MPA"
"1939","Octopus","MT_40",2015,370.045521078713,370.045521078713,969.790079231585,189.362081647598,4120.71873158399,-1101164.56661895,0.0566902993563188,-3932692.00763297,163.795452946087,163.795452946087,386.874942254518,70.9398137017822,1794.46791055274,-832873.490847187,0.0479798720497914,-3343649.02632634,453.600076325152,453.600076325152,2059.85550183393,547.176687711063,5607.19163912287,-2909187.20695039,0.133636579270224,-6076052.11731099,"MPA"
"1940","Octopus","MT_40",2016,456.503230310673,455.548230203917,931.288935668589,67.9625708019165,4983.0900963439,-320926.168709808,0.0165279107108714,-3152453.60972383,198.795513893587,198.795369333487,413.627449843356,24.9038686431186,2183.19134719287,-240871.288397769,0.0138782606783039,-2751646.82387692,621.178309650523,621.175478696706,2237.11446370067,218.098075353213,7626.20519651651,-846171.090016078,0.0389017050707125,-4013036.00037668,"MPA"
"1941","Octopus","MT_40",2017,552.038824798822,550.965515204096,772.142558687795,23.9711506094125,5730.18819482756,-93558.2299415768,0.00482007651723254,-2925085.6709556,241.859240413809,241.858158553438,419.527649515761,8.76486342779686,2593.95305142047,-69668.5450435488,0.00401477503189103,-2580444.0805227,844.849535722522,844.828358836764,1982.97973735136,86.4027560660165,9522.7610009161,-246295.148190862,0.0113326700440508,-3413160.05855147,"MPA"
"1942","Octopus","MT_40",2018,634.804166850123,634.014689120095,535.314944882058,8.04688483311236,6256.66677714648,-27282.8551402821,0.00140609837024307,-2858810.2961543,287.364419748321,287.3619003496,393.373343739099,3.01293662100888,2984.31093913984,-20152.887859241,0.00116154882771218,-2530928.42333839,1054.95459446796,1054.91056257207,1233.23063329903,31.4534077395303,10724.4941945797,-71742.5160228948,0.00330379033892576,-3238607.4263835,"MPA"
"1943","Octopus","MT_40",2019,693.128743015889,692.688273667435,313.189807865389,2.56542556096238,6566.85069010245,-7958.50870024975,0.00041030052273628,-2839485.94971427,330.609214729182,330.605331740284,337.675129272038,1.00299442907422,3320.9791909939,-5830.27700294021,0.000336096187265492,-2516605.81248209,1188.08551667194,1188.03913158974,501.942097912253,10.3352351352377,11216.0546722745,-20913.6414610906,0.000963838792051614,-3187778.5518217,"MPA"
"1944","Octopus","MT_40",2020,727.491670329876,727.290271363267,160.924936602287,0.786221250814645,6726.78800648732,-2322.23585992727,0.000119760000903335,-2833849.67687395,367.906141436759,367.901497654462,265.496911241454,0.322996654386118,3586.14846179867,-1686.91925997468,9.7261120168577e-05,-2512462.45473913,1242.54178039137,1242.51431523387,145.52923234675,3.15588253355817,11358.4005569302,-6101.13242724633,0.000281386211188186,-3172966.04278785,"MPA"
"1945","Octopus","MT_40",2021,745.209914726733,745.128738125878,76.21263811662,0.23518147718717,6802.68428652589,-677.813162592461,3.4965818964064e-05,-2832205.25417661,397.282237352671,397.277634001678,192.907482881243,0.100945543386087,3778.95039578554,-488.150154278132,2.81490785862042e-05,-2511263.68563343,1258.31120325168,1258.30075709413,36.1080176616306,0.933712648820313,11393.5644157855,-1781.17108543009,8.22058782591614e-05,-3168646.08144603,"MPA"
"1946","Octopus","MT_40",2022,753.617888981471,753.587332117145,34.5373319185395,0.0694639366452221,6837.12159764346,-197.896924100909,1.02116689514808e-05,-2831725.33793812,418.641303915633,418.637364449971,131.419833831296,0.0307897199175654,3910.33550043125,-141.275325122619,8.14775566067909e-06,-2510916.81080428,1262.20674094868,1262.20368931092,8.64785438612657,0.273815040074364,11401.9354034938,-520.361193189508,2.40325530942667e-05,-3167385.27155379,"MPA"
"1947","Octopus","MT_40",2023,757.432937955304,757.421806915114,15.3142306380318,0.020395618420767,6852.40430162288,-57.7950663136654,2.98311369485668e-06,-2831585.23608033,433.196464942705,433.193459913579,85.3181188048591,0.00922300224456823,3995.64139120474,-40.8913952331828,2.35863306636425e-06,-2510816.42687439,1263.13409930014,1263.13328795467,2.08569174383849,0.080161706315939,11403.9401221858,-152.125405107813,7.03054754687836e-06,-3167017.03576571,"MPA"
"1948","Octopus","MT_40",2024,759.125993023832,759.121996551267,6.72070516867827,0.00597314013792079,6859.11503717886,-16.8835305774385,8.71689644686885e-07,-2831544.3245446,442.6468587306,442.644760038008,53.5620024738073,0.00272845216043274,4049.1985665338,-11.8372001602351,6.82859003882527e-07,-2510787.37267931,1263.3561869063,1263.35596812521,0.512725700752676,0.0234703894934152,11404.429158716,-44.5031693986508,2.05809606406088e-06,-3166909.41353,"MPA"
"1949","Octopus","MT_40",2025,759.869424609099,759.867998327352,2.93506825941739,0.00174758874112957,6862.04693156779,-4.93349959324836,2.54783849134909e-07,-2831532.37451361,448.580052703932,448.578681200194,32.8912116641646,0.000800604630866537,4082.08760608959,-3.42701737491022,1.97719583766338e-07,-2510778.96249653,1263.41036356098,1263.41030181216,0.128928086798796,0.00687539593942008,11404.551149658,-13.027690206941,6.02870811722109e-07,-3166877.93805081,"MPA"
"1950","Octopus","MT_40",2026,760.194226991076,760.1937192056,1.27880852796336,0.00051115445893679,6863.32472115582,-1.44199911536288,7.44901285166453e-08,-2831528.88301313,452.2235803934,452.222727506904,19.9170302275074,0.000233721152884008,4102.00354970945,-0.99227694530377,5.72553477886764e-08,-2510776.5277561,1263.42387801386,1263.42385998393,0.0331840229503576,0.00201529146247041,11404.5823003596,-3.81615525950462,1.76709419889642e-07,-3166868.72651586,"MPA"
"1951","Octopus","MT_40",2027,760.335783625389,760.335603032543,0.556527769396948,0.000149511878116737,6863.88091882049,-0.42159143090887,2.17841809854293e-08,-2831527.86260545,454.429917003435,454.429405990095,11.9567974305099,6.80182933720374e-05,4113.95976810833,-0.287341283672622,1.65817318886181e-08,-2510775.82282044,1263.42732896424,1263.42732362439,0.00873520030207031,0.000591079507530629,11404.5904391405,-1.11856564937587,5.18282482928633e-08,-3166866.02892625,"MPA"
"1952","Octopus","MT_40",2028,760.397400553686,760.397336365781,0.242048557288215,4.37389118143442e-05,6864.12285945096,-0.123291820986364,6.37233006942033e-09,-2831527.56430584,455.754455919317,455.754158258401,7.14041483044109,1.9758358731484e-05,4121.09986551949,-0.0832168194601818,4.80276044359817e-09,-2510775.61869597,1263.42823059816,1263.42822901599,0.00234740516048594,0.000173467799384478,11404.5926114957,-0.328071351367723,1.52103490134415e-08,-3166865.23843196,"MPA"
"1953","Octopus","MT_40",2029,760.424203324403,760.424180523018,0.105237217385646,1.2798339884318e-05,6864.22806106862,-0.0360654441059813,1.86452667581511e-09,-2831527.47707946,456.545453253823,456.545283602356,4.25068624008024,5.73339674317507e-06,4125.35037637471,-0.0241030334676355,1.39122991627209e-09,-2510775.55958219,1263.42847125695,1263.42847079134,0.000642411181541496,5.09391566260286e-05,11404.5932025021,-0.0962810806731598,4.46654768948413e-09,-3166865.00664169,"MPA"
"1954","Octopus","MT_40",2030,760.435857815142,760.435849720602,0.0457453403931731,3.74578391592341e-06,6864.27379456869,-0.0105526520543841,5.45696313061244e-10,-2831527.45156667,457.016335170855,457.016240120026,2.52565126806021,1.66270188937963e-06,4127.87593092924,-0.00698199319844872,4.03045035877299e-10,-2510775.54246115,1263.42853673007,1263.42853659446,0.000178553961462153,1.49671447744265e-05,11404.5933659533,-0.0282731210196422,1.31237866388618e-09,-3166864.93863373,"MPA"
"1955","Octopus","MT_40",2031,760.440924283367,760.440921411895,0.0198823199416325,1.09657629930638e-06,6864.29367292058,-0.00308847460913019,1.59751247544967e-10,-2831527.44410249,457.296122238977,457.296069711056,1.49898781849229,4.82038013381516e-07,4129.37486573777,-0.00202271144758888,1.16776287958999e-10,-2510775.53750186,1263.4285548376,1263.42855479857,5.02676656132785e-05,4.40022332152362e-06,11404.5934117817,-0.00830731996317409,3.8582904113826e-10,-3166864.91866792,"MPA"
"1956","Octopus","MT_40",2032,760.443126455474,760.443125437664,0.00864068886094683,3.21101908825436e-07,6864.30231227053,-0.000904143310411874,4.67785797648609e-11,-2831527.44191816,457.462177877979,457.462149172911,0.889060704978032,1.39728890266976e-07,4130.26389759795,-0.000586050348119434,3.3837783447251e-11,-2510775.5360652,1263.42855991458,1263.4285599035,1.42987799594242e-05,1.29435429274436e-06,11404.5934247751,-0.00244228695879663,1.13494119969664e-10,-3166864.91280289,"MPA"
"1957","Octopus","MT_40",2033,760.444083543646,760.444083183182,0.00375493228923161,9.40490543655899e-08,6864.30606674831,-0.000264752486026409,1.3701181870343e-11,-2831527.44127877,457.560666986909,457.560651445241,0.527098005531014,4.05016598629935e-08,4130.79098002132,-0.00016981737116339,9.8060707965696e-12,-2510775.53564897,1263.42856135401,1263.42856135091,4.10082572292495e-06,3.80950380353877e-07,11404.5934284919,-0.000718414581453142,3.34032407976456e-11,-3166864.91107902,"MPA"
"1958","Octopus","MT_40",2034,760.444499473814,760.44449934626,0.00163168254305889,2.75532329254185e-08,6864.30769827575,-7.75445081643928e-05,4.01398665214376e-12,-2831527.44109156,457.619058458052,457.619050108571,0.312426706611138,1.17399692018006e-08,4131.10339836671,-4.92124739962383e-05,2.84206325284512e-12,-2510775.53552837,1263.42856176577,1263.42856176491,1.18367890271303e-06,1.12179767200443e-07,11404.5934295625,-0.00021144157303681,9.83636706604837e-12,-3166864.91057205,"MPA"
"1959","Octopus","MT_40",2035,760.444680218386,760.444680173286,0.000709012829744697,8.07413676828354e-09,6864.3084072354,-2.2717939490223e-05,1.17624924806047e-12,-2831527.44103674,457.653668921218,457.653664465028,0.185158402092495,3.40317146598799e-09,4131.28855230921,-1.42630989056426e-05,8.23792373318086e-13,-2510775.53549342,1263.42856188438,1263.42856188414,3.43371249813357e-07,3.30510777083009e-08,11404.5934298726,-6.22639263660672e-05,2.89804962470166e-12,-3166864.91042287,"MPA"
"1960","Octopus","MT_40",2036,760.444758758659,760.444758742724,0.000308078214088822,2.36659397084397e-09,6864.30871529531,-6.65721178393748e-06,3.44768013100319e-13,-2831527.44102068,457.674180724707,457.674178359696,0.109724076887817,9.86580089677227e-10,4131.3982740201,-4.13426118295177e-06,2.38806870593257e-13,-2510775.53548329,1263.42856191873,1263.42856191867,9.99946123850565e-08,9.74262057023891e-09,11404.5934299628,-1.83445724652202e-05,8.5427162574079e-13,-3166864.91037895,"MPA"
"1961","Octopus","MT_40",2037,760.444792886284,760.444792880658,0.000133862516413325,6.93831746322715e-10,6864.30884915151,-1.95128174003899e-06,1.01078167533357e-13,-2831527.44101597,457.686335962354,457.686334713196,0.0650187147447858,2.8603400037628e-10,4131.4632914854,-1.19846941016574e-06,6.92341869635507e-14,-2510775.53548035,1263.42856192872,1263.4285619287,2.92071711561208e-08,2.87328801866938e-09,11404.5934299891,-5.40751531989262e-06,2.51941293331997e-13,-3166864.91036601,"MPA"
"1962","Octopus","MT_40",2038,760.444807715199,760.444807713213,5.81634361028718e-05,2.03463240075722e-10,6864.30890731276,-5.7207158184007e-07,2.96407467302589e-14,-2831527.44101459,457.693538755087,457.693538098018,0.0385266717992488,8.29359269501964e-11,4131.50181750004,-3.47456730336775e-07,2.00742257937139e-14,-2510775.5354795,1263.42856193163,1263.42856193163,8.55125800955431e-09,8.47793188304076e-10,11404.5934299968,-1.59478128777241e-06,7.43378703948224e-14,-3166864.9103622,"MPA"
"1963","Octopus","MT_40",2039,760.444814158443,760.444814157743,2.52717722472919e-05,5.96784747409889e-11,6864.30893258377,-1.67757580915967e-07,8.69402521751845e-15,-2831527.44101419,457.69780676057,457.697806416168,0.0228284527113628,2.40496680608976e-11,4131.52464560833,-1.0074394061108e-07,5.82104743658854e-15,-2510775.53547925,1263.42856193249,1263.42856193249,2.5075438225662e-09,2.50266261677836e-10,11404.5934299991,-4.70556624960603e-07,2.19443387626239e-14,-3166864.91036108,"MPA"
"1964","Octopus","MT_40",2040,760.444816958027,760.44481695778,1.0980372086936e-05,1.75084630251417e-11,6864.30894356388,-4.92055295429253e-08,2.55065195886424e-15,-2831527.44101407,457.700335713855,457.700335533886,0.0135265311291484,6.97457320798091e-12,4131.53817195948,-2.92133435853801e-08,1.68813544797483e-15,-2510775.53547918,1263.42856193274,1263.42856193274,7.36158071257429e-10,7.39112611672126e-11,11404.5934299997,-1.3890704603574e-07,6.48083262422968e-15,-3166864.91036074,"MPA"
"1965","Octopus","MT_40",2041,760.44481817443,760.444818174343,4.77084201955143e-06,5.13777937798692e-12,6864.30894833463,-1.44359116951491e-08,7.48477293232037e-16,-2831527.44101403,457.701834195891,457.701834102093,0.00801481008319418,2.0228734531762e-12,4131.54618667577,-8.47202866867466e-09,4.89617515086927e-16,-2510775.53547916,1263.42856193281,1263.42856193281,2.16358238794864e-10,2.18378167588335e-11,11404.5934299999,-4.10234878991703e-08,1.91482641559052e-15,-3166864.91036065,"MPA"
"1966","Octopus","MT_40",2042,760.444818702946,760.444818702915,2.07286172408865e-06,1.50799034436075e-12,6864.30895040746,-4.23615306406943e-09,2.19685674947167e-16,-2831527.44101402,457.702722085629,457.702722036851,0.00474895440381265,5.86762570307253e-13,4131.55093558139,-2.45718056847907e-09,1.42020092189459e-16,-2510775.53547916,1263.42856193283,1263.42856193283,6.411814051287e-11,6.45494550178721e-12,11404.59343,-1.21207972560974e-08,5.65995231781556e-16,-3166864.91036062,"MPA"
"1967","Octopus","MT_40",2043,760.444818932579,760.444818932568,9.00623887055458e-07,4.42706510234742e-13,6864.30895130807,-1.24335387789905e-09,6.44939663166626e-17,-2831527.44101402,457.703248180929,457.703248155611,0.00281385305112135,1.70215308034948e-13,4131.55374940912,-7.12738004402175e-10,4.11988889137e-17,-2510775.53547915,1263.42856193284,1263.42856193284,1.89838885170142e-11,1.90877725419388e-12,11404.59343,-3.58273386897391e-09,1.67369162777238e-16,-3166864.91036061,"MPA"
"1968","Octopus","MT_40",2044,760.444819032351,760.444819032347,3.91304393569224e-07,1.29994820155085e-13,6864.30895169937,-3.65016167486531e-10,1.89377869028336e-17,-2831527.44101402,457.7035599036,457.70355989048,0.00166726218391858,4.93829658763722e-14,4131.55541665819,-2.06759574672661e-10,1.19526378868074e-17,-2510775.53547915,1263.42856193284,1263.42856193284,5.07104961755634e-12,5.64666314440842e-13,11404.59343,-1.05944208437298e-09,4.95121827802714e-17,-3166864.91036061,"MPA"
"1969","Octopus","MT_40",2045,760.4448190757,760.444819075699,1.70013791862984e-07,3.81792619254177e-14,6864.30895186938,-1.07182094554522e-10,5.56199643606744e-18,-2831527.44101402,457.703744605501,457.703744598711,0.000987883485431885,1.43284041108816e-14,4131.55640453488,-5.99851692669983e-11,3.46804112880553e-18,-2510775.53547915,1263.42856193284,1263.42856193284,1.54176323659206e-12,1.6710799215843e-13,11404.59343,-3.13410721880724e-10,1.46526917582918e-17,-3166864.9103606,"MPA"
"1970","Octopus","MT_40",2046,760.444819094534,760.444819094534,7.38672563401416e-08,1.12155067629985e-14,6864.30895194325,-3.14792024528108e-11,1.63388723346202e-18,-2831527.44101402,457.703854044881,457.703854041371,0.000585338461135595,4.15776836251492e-15,4131.55698986983,-1.74046127789409e-11,1.00634433017914e-18,-2510775.53547915,1263.42856193284,1263.42856193284,0,4.9472759562945e-14,11404.59343,-9.27511259570608e-11,4.33796784309785e-18,-3166864.9103606,"MPA"
"1971","Octopus","MT_40",2047,760.444819102717,760.444819102717,3.2093764750977e-08,3.29532852842843e-15,6864.30895197534,-9.2473031218947e-12,4.80067047025256e-19,-2831527.44101402,457.703918889709,457.703918887895,0.000346823105160732,1.20660264042633e-15,4131.55733669113,-5.05041109290706e-12,2.9204550327767e-19,-2510775.53547915,1263.42856193284,1263.42856193284,0,1.46518883303741e-14,11404.59343,-2.74592142146962e-11,1.28473570060219e-18,-3166864.9103606,"MPA"
"1972","Octopus","MT_40",2048,760.444819106273,760.444819106273,1.39439330839685e-08,9.68423973037474e-16,6864.30895198929,-2.71703298230011e-12,1.41081058532307e-19,-2831527.44101402,457.703957311414,457.703957310478,0.000205498514008242,3.50194600930498e-16,4131.5575421887,-1.4656512737058e-12,8.47609200096554e-20,-2510775.53547915,1263.42856193284,1263.42856193284,0,4.34084927432055e-15,11404.59343,-8.1323407844606e-12,3.80622886818733e-19,-3166864.9103606,"MPA"
"1973","Octopus","MT_40",2049,760.444819107818,760.444819107818,6.05825408963825e-09,2.84654398885724e-16,6864.30895199535,-7.98475737056630e-13,4.14687626790502e-20,-2831527.44101402,457.703980076935,457.703980076452,0.000121761252915115,1.01647215503701e-16,4131.55766394947,-4.25378747403084e-13,2.46026382219682e-20,-2510775.53547915,1263.42856193284,1263.42856193284,0,1.28648482009794e-15,11404.59343,-2.4093321486468e-12,1.12804093192293e-19,-3166864.9103606,"MPA"
"1974","Octopus","MT_40",2050,760.444819108489,760.444819108489,2.63200747016448e-09,8.36863032533801e-17,6864.30895199798,-2.3470054158545e-13,1.21915117513838e-20,-2831527.44101402,457.703993565888,457.703993565639,7.21455139136418e-05,2.95067961626333e-17,4131.55773609474,-1.23470101885359e-13,7.14180910993957e-21,-2510775.53547915,1263.42856193284,1263.42856193284,0,3.81398352413595e-16,11404.59343,-7.14046731395254e-13,3.34425207487291e-20,-3166864.9103606,"MPA"
"1975","Octopus","MT_40",2051,760.44481910878,760.44481910878,1.14339541810202e-09,2.46078433239729e-17,6864.30895199912,-6.90002359834259e-14,3.58489740133424e-21,-2831527.44101402,457.704001558316,457.704001558188,4.27473686947651e-05,8.56621198238591e-18,4131.55777884198,-3.5841680493172e-14,2.07336131540623e-21,-2510775.53547915,1263.42856193284,1263.42856193284,0,1.13107812085577e-16,11404.59343,-2.11690214020349e-13,9.91774172221212e-21,-3166864.9103606,"MPA"
"1976","Octopus","MT_40",2052,760.444819108907,760.444819108907,4.96491338731153e-10,7.23725679857582e-18,6864.30895199962,-2.02894252749547e-14,1.05433144824696e-21,-2831527.44101402,457.704006293959,457.704006293893,2.53284900936415e-05,2.48711247317029e-18,4131.5578041704,-1.04053122492188e-14,6.01979351688367e-22,-2510775.53547915,1263.42856193284,1263.42856193284,0,3.35537923608371e-17,11404.59343,-6.2779025646666e-14,2.9421296398496e-21,-3166864.9103606,"MPA"
"1977","Octopus","MT_40",2053,760.444819108962,760.444819108962,2.15922014500283e-10,2.12889507736271e-18,6864.30895199984,-5.96719424279194e-15,3.10139752194946e-22,-2831527.44101402,457.704009099904,457.704009099869,1.50075256277492e-05,7.22173478276661e-19,4131.55781917789,-3.02107648837351e-15,1.74794475233458e-22,-2510775.53547915,1263.42856193284,1263.42856193284,0,9.95684048021185e-18,11404.59343,-1.86235977190518e-14,8.73055277360453e-22,-3166864.9103606,"MPA"
"1978","Octopus","MT_40",2054,760.444819108986,760.444819108986,9.39540901418424e-11,6.26344071790405e-19,6864.30895199993,-1.755296350911e-15,9.12464861605518e-23,-2831527.44101402,457.70401076247,457.704010762452,8.89219090529961e-06,2.09713697501993e-19,4131.55782807007,-8.77218592204504e-16,5.07589889045103e-23,-2510775.53547915,1263.42856193284,1263.42856193284,0,2.95548145755457e-18,11404.59343,-5.52641530537296e-15,2.59148340157407e-22,-3166864.9103606,"MPA"
"1979","Octopus","MT_40",2055,760.444819108997,760.444819108997,4.09432961627301e-11,1.84309927238838e-19,6864.30895199997,-5.16427265636016e-16,2.68504708234525e-23,-2831527.44101402,457.704011747567,457.704011747557,5.26875951644534e-06,6.09047076500612e-20,4131.55783333882,-2.54737621020407e-16,1.47413421727443e-23,-2510775.53547915,1263.42856193284,1263.42856193284,0,8.77521230680362e-19,11404.59343,-1.64040169110232e-15,7.69445430971722e-23,-3166864.9103606,"MPA"
"1980","Octopus","MT_40",2056,760.444819109001,760.444819109001,1.76702646597047e-11,5.4245053579374e-20,6864.30895199999,-1.51965470801767e-16,7.90247845175577e-24,-2831527.44101402,457.704012331251,457.704012331247,3.12182036777113e-06,1.76894112885864e-20,4131.55783646063,-7.39804814235804e-17,4.28153544066239e-24,-2510775.53547915,1263.42856193284,1263.42856193284,0,2.60618837581351e-19,11404.59343,-4.87056789717543e-16,2.28520936919845e-23,-3166864.9103606,"MPA"
"1981","Octopus","MT_40",2057,760.444819109003,760.444819109003,7.75767716767524e-12,1.59678279136393e-20,6864.30895199999,-4.47256164079238e-17,2.32621055160795e-24,-2831527.44101402,457.704012677094,457.704012677091,1.84972576550003e-06,5.13823537561427e-21,4131.55783831036,-2.14871922393763e-17,1.24365568122266e-24,-2510775.53547915,1263.42856193284,1263.42856193284,0,7.74228129329318e-20,11404.59343,-1.44653109160532e-16,6.78873941523155e-24,-3166864.9103606,"MPA"
"1982","Octopus","MT_40",2058,760.444819109004,760.444819109004,3.44785651896678e-12,4.7011539308598e-21,6864.308952,-1.31656418236947e-17,6.84869221903258e-25,-2831527.44101402,457.704012882011,457.704012882009,1.09599035885873e-06,1.49263064710967e-21,4131.55783940635,-6.24137510301269e-18,3.61275505638352e-25,-2510775.53547915,1263.42856193284,1263.42856193284,0,2.3006119690667e-20,11404.59343,-4.29725292102378e-17,2.01726785192964e-24,-3166864.9103606,"MPA"
"1983","Octopus","MT_40",2059,760.444819109004,760.444819109004,1.29294619461254e-12,1.38431422370578e-21,6864.308952,-3.8761507918611e-18,2.01668402950081e-25,-2831527.44101402,457.704013003427,457.704013003426,6.4939091132803e-07,4.33638769643984e-22,4131.55784005574,-1.8130869984869e-18,1.04957690657985e-25,-2510775.53547915,1263.42856193284,1263.42856193284,0,6.83794371951174e-21,11404.59343,-1.27692486616035e-17,5.99578035068256e-25,-3166864.9103606,"MPA"
"1984","Octopus","MT_40",2060,760.444819109004,760.444819109004,8.61964129741695e-13,4.07694771121481e-22,6864.308952,-1.1413816167939e-18,5.93934180370326e-26,-2831527.44101402,457.704013075368,457.704013075368,3.84773766873819e-07,1.25991395565698e-22,4131.55784044051,-5.2673768731412e-19,3.04948884762552e-26,-2510775.53547915,1263.42856193284,1263.42856193284,0,2.03288089911581e-21,11404.59343,-3.79531206750683e-18,1.78251062748828e-25,-3166864.9103606,"MPA"
"1985","Octopus","MT_40",2061,760.444819109004,760.444819109004,0,1.20089361640953e-22,6864.308952,-3.36148620777268e-19,1.74947489223898e-26,-2831527.44101402,457.704013117994,457.704013117994,2.27984199247881e-07,3.66092091487798e-23,4131.55784066849,-1.53040781768208e-19,8.86087295945407e-27,-2510775.53547915,1263.42856193284,1263.42856193284,0,6.04504135688514e-22,11404.59343,-1.12832420457086e-18,5.30053210049868e-26,-3166864.9103606,"MPA"
"1986","Octopus","MT_40",2062,760.444819109004,760.444819109004,0,3.53786751307266e-23,6864.308952,-9.90149399625252e-20,5.154003903105e-27,-2831527.44101402,457.704013143251,457.704013143251,1.35083942807049e-07,1.06383954244531e-23,4131.55784080358,-4.44689255354874e-20,2.57491140986465e-27,-2510775.53547915,1263.42856193284,1263.42856193284,0,1.79797777148164e-22,11404.59343,-3.35522188416056e-19,1.57653824532843e-26,-3166864.9103606,"MPA"
"1987","Octopus","MT_40",2063,760.444819109004,760.444819109004,0,1.04242530276229e-23,6864.308952,-2.91700892248558e-20,1.5186165279734e-27,-2831527.44101402,457.704013158216,457.704013158216,8.00392461829256e-08,3.09170376420719e-24,4131.55784088362,-1.29223773176408e-20,7.48314288056987e-28,-2510775.53547915,1263.42856193284,1263.42856193284,0,5.3488933927666e-23,11404.59343,-9.97944267037717e-20,4.6901219456857e-27,-3166864.9103606,"MPA"
"1988","Octopus","MT_40",2064,760.444819109004,760.444819109004,0,3.07194478965355e-24,6864.308952,-8.59490610642293e-21,4.47524260801008e-28,-2831527.44101402,457.704013167083,457.704013167083,4.74243444997511e-08,8.9857685456667e-25,4131.55784093104,-3.75546884658152e-21,2.17491050391416e-28,-2510775.53547915,1263.42856193284,1263.42856193284,0,1.59160441746373e-23,11404.59343,-2.96883397613343e-20,1.39558190060242e-27,-3166864.9103606,"MPA"
"1989","Octopus","MT_40",2065,760.444819109004,760.444819109004,0,9.05410860748225e-25,6864.308952,-2.5328507434751e-21,1.31901239743066e-28,-2831527.44101402,457.704013172336,457.704013172336,2.80997253461751e-08,2.61184759370715e-25,4131.55784095914,-1.09149441242935e-21,6.32170162990766e-29,-2510775.53547915,1263.42856193284,1263.42856193284,0,4.73690843737959e-24,11404.59343,-8.83399410711821e-21,4.15350925612049e-28,-3166864.9103606,"MPA"
"1990","Octopus","MT_60",2015,399.611995180317,399.611995180317,1080.11588748479,241.693807312986,4445.6005721718,-1301543.91344884,0.0670035618833429,-4463928.17623707,180.864071241518,180.864071241518,429.621800297592,89.3577612854291,1972.87015601216,-950060.782421168,0.0547332025495707,-3748089.75349582,506.451633108453,506.451633108453,2301.67950657678,707.593011545721,6165.67458603105,-3370207.93419171,0.154780570222139,-6914854.59291823,"MPA"
"1991","Octopus","MT_60",2016,492.494429748982,491.275500622256,1056.02094530006,96.7451616878791,5403.65742665725,-423636.575864497,0.0218166947370682,-3586020.83865272,218.559347984636,218.559164546845,459.814874902462,34.8085368525825,2397.87631062425,-306212.385782617,0.0176437861136759,-3104241.35685727,683.04840706409,683.044701969305,2499.27906524845,310.828246986713,8354.12169919801,-1096970.08619025,0.0504213148616807,-4641616.74491676,"MPA"
"1992","Octopus","MT_60",2017,598.63029520898,597.184281435869,901.671210697815,38.3020250868292,6265.58059849513,-137927.978876092,0.00710572046877304,-3300312.24166431,265.642562132513,265.641175272431,468.773380934847,13.6395639083916,2853.00874079062,-98705.1724515705,0.00568830947268612,-2896734.14352622,925.489893998763,925.4618852183,2261.02896661177,137.276260320964,10477.8463967084,-357312.571579268,0.0164375469016898,-3901959.23030578,"MPA"
"1993","Octopus","MT_60",2018,694.116237796564,692.992661305296,647.275524395376,14.4806944158392,6897.2518519834,-44920.2801224679,0.00231501841497831,-3207304.54291069,316.063238263017,316.059925476752,442.952778171257,5.23258229780055,3290.72562387782,-31820.4188200554,0.0018341085112586,-2829849.38989471,1160.76127451625,1160.70098886956,1466.20110755631,56.1705571979518,11887.81666142,-116473.792251566,0.00536267250171701,-3661120.45097808,"MPA"
"1994","Octopus","MT_60",2019,764.094313587469,763.433492730463,391.270468323337,5.19890901044905,7282.66259043928,-14634.1466304199,0.000754443554326254,-3177018.40941864,364.554577785725,364.549342828659,383.569332729143,1.94624178938675,3672.34347986051,-10259.4297401285,0.000591448585535227,-2808288.40081478,1316.96120525878,1316.89423851043,631.872984235527,20.8091593576193,12498.8135195496,-37996.5325007024,0.00175082210409448,-3582643.19122722,"MPA"
"1995","Octopus","MT_60",2020,806.791051356295,806.474598012246,206.131173331417,1.79034431932639,7486.68696610732,-4768.99246129537,0.000245936938012255,-3167153.25524952,406.83113082126,406.824723316554,304.154089290431,0.700474378826478,3975.79068726741,-3308.21592944268,0.000190747494235421,-2801337.18700409,1384.64892131374,1384.60647701226,194.32109817336,7.14901170959372,12685.9431617119,-12404.8733595077,0.000572023555144324,-3557051.53208602,"MPA"
"1996","Octopus","MT_60",2021,829.39336726801,829.260845741126,99.2402773174109,0.600291374299131,7585.19443052355,-1554.59306479411,8.01944430005154e-05,-3163938.85585302,440.447749531063,440.441263997121,222.628040027179,0.244605660626417,4198.16763610002,-1066.88772629548,6.15248023569451e-05,-2799095.85880095,1405.37959761038,1405.36213239548,51.1165134638804,2.37247583002042,12734.6697341308,-4052.84907987839,0.000187021674471039,-3548699.50780639,"MPA"
"1997","Octopus","MT_60",2022,840.30626345067,840.254747526988,45.4293786364327,0.198393147824414,7630.37390008847,-506.913551297579,2.61569540704134e-05,-3162891.17633952,465.083208076348,465.077556152582,152.545238326803,0.0833193346676752,4350.62390316839,-344.110294273283,1.98468146200052e-05,-2798373.08136893,1410.7776456598,1410.77205346092,13.1197637707618,0.779209358081344,12747.0046963446,-1325.0658785598,6.11887066001274e-05,-3545971.72460508,"MPA"
"1998","Octopus","MT_60",2023,845.311354830004,845.292038088031,20.2701068976504,0.0651159257547429,7650.5595743184,-165.338984713122,8.53397491025875e-06,-3162549.60177293,481.972683658455,481.968305600016,99.4460463015932,0.0278566486567995,4450.03771476288,-111.001723546323,6.40295236003218e-06,-2798139.9727982,1412.14414273546,1412.14248633153,3.45462276955131,0.255360224323365,12750.2023024859,-433.527400791851,2.00330462194005e-05,-3545080.18612731,"MPA"
"1999","Octopus","MT_60",2024,847.547572852198,847.540443138159,8.93181770531013,0.0213071510712105,7659.4629551586,-53.9434570928694,2.785067788522e-06,-3162438.20624531,492.985987183041,492.982890364859,62.6074079761369,0.00919348716340157,4512.63283243367,-35.8107666000132,2.06594279741565e-06,-2798064.78184125,1412.49838131078,1412.49787731393,0.946056793180994,0.0836816691151087,12751.0641736131,-141.935883843306,6.56317538184091e-06,-3544788.59461036,"MPA"
"2000","Octopus","MT_60",2025,848.533911007987,848.531296072505,3.91167491783724,0.00696364037198057,7663.36505150058,-17.6044671191021,9.09157856601384e-07,-3162401.86725534,499.920426362152,499.918381269302,38.5157122792089,0.00300838654191709,4551.14349123349,-11.5544196839128,6.66660298222552e-07,-2798040.52549434,1412.59386148774,1412.59370060891,0.26969125645314,0.027435519292279,12751.3062684715,-46.5006694706445,2.15162731817524e-06,-3544693.15939599,"MPA"
"2001","Octopus","MT_60",2026,848.966194718944,848.965237874877,1.70780306776261,0.00227499196878457,7665.06962273231,-5.74680257495026,2.9686623890549e-07,-3162390.0095908,504.186730686386,504.185447905788,23.3494481021843,0.000979171825769731,4574.49067738325,-3.72848399742741,2.15148784949627e-07,-2798032.69955865,1412.62068134419,1412.62062848018,0.0796873869119811,0.00900026368049234,12751.3769027307,-15.2444668586818,7.05830906961866e-07,-3544661.90319337,"MPA"
"2002","Octopus","MT_60",2027,849.155031260398,849.154681418403,0.744370138052672,0.000743216073424819,7665.81289981229,-1.87649639487682,9.69614612612044e-08,-3162386.13928462,506.773188678372,506.772414570282,14.0271825122342,0.000317660647235318,4588.51676812675,-1.20327607829182,6.94417960142829e-08,-2798030.17435073,1412.628506379,1412.62848886709,0.0242499691424089,0.00295437978888771,12751.3981808081,-5.00087340487617,2.31691064574552e-07,-3544651.65959992,"MPA"
"2003","Octopus","MT_60",2028,849.237373300739,849.23724543701,0.32413165740238,0.000242835001377771,7666.13666077096,-0.612894961283494,3.16776624759785e-08,-3162384.87568318,508.327033080311,508.326579452589,8.38038085105926,0.000102854346881185,4596.89659249574,-0.388370778049534,2.24156053582507e-08,-2798029.35944543,1412.6308636161,1412.63085783984,0.00754971252918342,0.000970386989451174,12751.4047543574,-1.64155135509361,7.61004411477809e-08,-3544648.30027787,"MPA"
"2004","Octopus","MT_60",2029,849.273240326156,849.273193609273,0.141056246682576,7.93593398695915e-05,7666.27759094142,-0.200235010657714,1.03519343741242e-08,-3162384.46302323,509.255370378501,509.255110512428,4.9901255910719,3.32653331507019e-05,4601.8864249554,-0.125364797512838,7.23647752753733e-09,-2798029.09643945,1412.63159184986,1412.63158996384,0.00239040228133187,0.000318923515041459,12751.4068239501,-0.539178247891667,2.50108537672142e-08,-3544647.19790476,"MPA"
"2005","Octopus","MT_60",2030,849.288852912759,849.288835852303,0.0613603713703386,2.59410516563857e-05,7666.33890831128,-0.0654347418672056,3.38378721398888e-09,-3162384.32822296,509.808156138686,509.808009905145,2.96547350574589,1.07519385906146e-05,4604.85174147567,-0.0404717580603579,2.33642001410726e-09,-2798029.01154641,1412.63182112437,1412.63182051645,0.000766062376241455,0.000104878267628748,12751.4074845263,-0.177204075399858,8.2248390030331e-09,-3544646.83593059,"MPA"
"2006","Octopus","MT_60",2031,849.295645799932,849.295639573771,0.0266845430830609,8.48173031238589e-06,7666.36557814648,-0.0213889727104144,1.1063599541143e-09,-3162384.28417719,510.136661105555,510.136579986235,1.76019445484476,3.47405697140226e-06,4606.61185133714,-0.0130669913724966,7.54434089198126e-10,-2798028.98414164,1412.63189430461,1412.63189411149,0.000247602643612403,3.45092873563659e-05,12751.4076974266,-0.0582737000648948,2.70631202602881e-09,-3544646.71700021,"MPA"
"2007","Octopus","MT_60",2032,849.298600349056,849.298598078723,0.0116022060221353,2.77389444935049e-06,7666.37717530827,-0.00699331882326748,3.61826530045349e-10,-3162384.26978154,510.331650351315,510.331605875517,1.04404697026378,1.1223277815809e-06,4607.65585270928,-0.00421935330123537,2.4363411631534e-10,-2798028.97529401,1412.63191789021,1412.63191782986,8.05057784175927e-05,1.13614042981159e-05,12751.4077665106,-0.0191744562084424,8.90992161481627e-10,-3544646.67790097,"MPA"
"2008","Octopus","MT_60",2033,849.299885110809,849.299884283751,0.00504374118778568,9.07410438592006e-07,7666.38221731499,-0.00228711123503643,1.1836235271499e-10,-3162384.26507533,510.4473073592,510.447283209284,0.61900844770683,3.62560983279452e-07,4608.27483664451,-0.00136258195307723,7.86866465590965e-11,-2798028.97243723,1412.63192554351,1412.63192552499,2.62845003329955e-05,3.74254938645686e-06,12751.407789034,-0.0063127569984621,2.93500878958586e-10,-3544646.66503927,"MPA"
"2009","Octopus","MT_60",2034,849.300443676561,849.300443375598,0.00219236288338328,2.96910190647975e-07,7666.38440908,-0.000748170308462719,3.87288531030863e-11,-3162384.26353639,510.515879903057,510.515866896027,0.366913927692079,1.17124619560214e-07,4608.64173744804,-0.000440073818981376,2.54161534218026e-11,-2798028.97151473,1412.63192803871,1412.63192803315,8.60675801425676e-06,1.23349249787272e-06,12751.4077964017,-0.00207947926794043,9.67338287972544e-11,-3544646.66080599,"MPA"
"2010","Octopus","MT_60",2035,849.300686485612,849.300686376221,0.000952864912596311,9.71746003335341e-08,7666.38536173835,-0.000244805694572451,1.26754145314616e-11,-3162384.26303303,510.556526065275,510.5565191078,0.217453705654973,3.78387796144638e-08,4608.85918415839,-0.000142145887017113,8.21039731093504e-12,-2798028.9712168,1412.63192885492,1412.6319288533,2.8241375776734e-06,4.0675498136148e-07,12751.4077988175,-0.000685367594829919,3.18988293582726e-11,-3544646.65941188,"MPA"
"2011","Octopus","MT_60",2036,849.300792023418,849.300791983706,0.000414112552881828,3.18115950023954e-08,7666.38577577938,-8.01214962364037e-05,4.14949073160512e-12,-3162384.26286834,510.580615340024,510.580611640249,0.128863670267835,1.22252354814174e-08,4608.98804411665,-4.59185997372862e-05,2.65255131724003e-12,-2798028.97112057,1412.63192912255,1412.63192912209,9.28103103340162e-07,1.34199411505906e-07,12751.4077996109,-0.000226005981847242,1.05242819949625e-11,-3544646.65895252,"MPA"
"2012","Octopus","MT_60",2037,849.300837891889,849.30083787749,0.000179961850516292,1.0416499012168e-08,7666.38595571641,-2.62289967085038e-05,1.3587235650466e-12,-3162384.26281445,510.594890759202,510.594888801653,0.0763608473313959,3.95015347518979e-09,4609.06440300249,-1.48350238830771e-05,8.57054399009192e-13,-2798028.97108949,1412.63192921045,1412.63192921032,3.05357381575752e-07,4.42979580841868e-08,12751.4077998719,-7.45654537598823e-05,3.47396607343447e-12,-3544646.65880108,"MPA"
"2013","Octopus","MT_60",2038,849.300857825751,849.300857820536,7.82028859606716e-05,3.41161764128211e-09,7666.38603391067,-8.58851319836335e-06,4.45009899188843e-13,-3162384.26279681,510.60334998205,510.603348950787,0.0452477254971283,1.27646945918678e-09,4609.10964969544,-4.79328044313693e-06,2.76947629293548e-13,-2798028.97107944,1412.63192923935,1412.63192923932,1.00557106586525e-07,1.46293900518934e-08,12751.4077999578,-2.46133519356537e-05,1.14727646402012e-12,-3544646.65875113,"MPA"
"2014","Octopus","MT_60",2039,849.300866488301,849.300866486415,3.39820437807926e-05,1.11763434102171e-09,7666.38606788971,-2.81291462876152e-06,1.45783728614722e-13,-3162384.26279103,510.6083625206,510.608361979339,0.0268110628970782,4.12523142811747e-10,4609.13646021667,-1.54889543658353e-06,8.95016986453304e-14,-2798028.9710762,1412.63192924887,1412.63192924886,3.31392488136178e-08,4.83361721385671e-09,12751.4077999861,-8.12855358385873e-06,3.79065377696987e-13,-3544646.65873464,"MPA"
"2015","Octopus","MT_60",2040,849.300870252581,849.3008702519,1.47660324212513e-05,3.6621699154573e-10,7666.3860826547,-9.21501260089165e-07,4.77691820243437e-14,-3162384.26278914,510.611332655264,510.611332372093,0.0158864133931077,1.33330196948545e-10,4609.15234634675,-5.00559519043766e-07,2.89273702594958e-14,-2798028.97107515,1412.631929252,1412.631929252,1.09276789394551e-08,1.59777636531712e-09,12751.4077999954,-2.68571118734426e-06,1.25301958056676e-13,-3544646.6587292,"MPA"
"2016","Octopus","MT_60",2041,849.300871888282,849.300871888036,6.41605800805126e-06,1.20025950752954e-10,7666.38608907039,-3.01949756993428e-07,1.56561317756402e-14,-3162384.26278852,510.613092559343,510.613092411605,0.00941313339027757,4.30974355424454e-11,4609.16175933236,-1.61783192205597e-07,9.35040378490618e-15,-2798028.97107481,1412.63192925304,1412.63192925304,3.60489397569209e-09,5.2838647509623e-10,12751.4077999985,-8.87775276638328e-07,4.14375011280288e-14,-3544646.6587274,"MPA"
"2017","Octopus","MT_60",2042,849.300872599028,849.300872598939,2.78782104426291e-06,3.93466957614673e-11,7666.38609185808,-9.8962657193924e-08,5.13236553759855e-15,-3162384.26278832,510.614135352753,510.614135275856,0.00557750913013949,1.39321179237202e-11,4609.16733676458,-5.22943550460736e-08,3.02270101409228e-15,-2798028.9710747,1412.63192925338,1412.63192925338,1.19059018295073e-09,1.7481299038789e-10,12751.4077999995,-2.93588301393482e-07,1.37093090527553e-14,-3544646.65872681,"MPA"
"2018","Octopus","MT_60",2043,849.300872907855,849.300872907824,1.21130977712906e-06,1.29013857127385e-11,7666.38609306935,-3.24417639407865e-08,1.68285102761005e-15,-3162384.26278825,510.614753234242,510.614753194298,0.00330479728343379,4.504282120727e-12,4609.17064152192,-1.69051736750314e-08,9.77244216076066e-16,-2798028.97107467,1412.63192925349,1412.63192925349,3.93334303021659e-10,5.78597382807731e-11,12751.4077999998,-9.71316476261703e-08,4.53751767556017e-15,-3544646.65872661,"MPA"
"2019","Octopus","MT_60",2044,849.300873042042,849.300873042031,5.26308890685487e-07,4.23114549685989e-12,7666.38609359564,-1.0637328028427e-08,5.51908741027929e-16,-3162384.26278823,510.615119343286,510.615119322573,0.00195816045764495,1.45638627080016e-12,4609.17259966166,-5.4654704886896e-09,3.15975776138278e-16,-2798028.97107466,1412.63192925353,1412.63192925353,1.29968670922865e-10,1.91581923052429e-11,12751.4077999999,-3.21487075872325e-08,1.50243742539888e-15,-3544646.65872655,"MPA"
"2020","Octopus","MT_60",2045,849.300873100346,849.300873100342,2.28676823876693e-07,1.38794288229004e-12,7666.38609382431,-3.48862390297712e-09,1.81042653650004e-16,-3162384.26278822,510.615336270764,510.615336260038,0.00116024828696806,4.70944657140943e-13,4609.17375989922,-1.76716960896759e-09,1.02175530848395e-16,-2798028.97107465,1412.63192925354,1412.63192925354,4.29491551158086e-11,6.34603624717038e-12,12751.4078,-1.06448999014202e-08,4.97673382163373e-16,-3544646.65872653,"MPA"
"2021","Octopus","MT_60",2046,849.300873125679,849.300873125678,9.93574921429346e-08,4.55381924941796e-13,7666.38609392367,-1.14437348429284e-09,5.93998162065737e-17,-3162384.26278822,510.615464804699,510.615464799151,0.000687468803204401,1.52301856024137e-13,4609.17444736248,-5.71440934729795e-10,3.30432012239186e-17,-2798028.97107465,1412.63192925354,1412.63192925354,1.46866261458925e-11,2.10288389540796e-12,12751.4078,-3.52605922028592e-09,1.6491386115092e-16,-3544646.65872652,"MPA"
"2022","Octopus","MT_60",2047,849.300873136686,849.300873136685,4.31693443658623e-08,1.49440761025933e-13,7666.38609396683,-3.75467180071731e-10,1.94929865513007e-17,-3162384.26278822,510.615540963548,510.615540960681,0.000407337677979011,4.92586193468794e-14,4609.17485469729,-1.84801954395575e-10,1.06870807146607e-17,-2798028.97107465,1412.63192925355,1412.63192925355,5.92563772195703e-12,6.97088079658815e-13,12751.4078,-1.16842905709847e-09,5.46675387213964e-17,-3544646.65872652,"MPA"
"2023","Octopus","MT_60",2048,849.300873141468,849.300873141468,1.87559131652772e-08,4.9051237660057e-14,7666.38609398559,-1.23215477067133e-10,6.39822167300686e-18,-3162384.26278822,510.615586089088,510.615586087608,0.000241354717812965,1.59331142329289e-14,4609.17509605053,-5.9770038301232e-11,3.45682573024905e-18,-2798028.97107465,1412.63192925355,1412.63192925355,1.73748297411277e-12,2.31161040878867e-13,12751.4078,-3.87324269023572e-10,1.81282760699464e-17,-3544646.65872652,"MPA"
"2024","Octopus","MT_60",2049,849.300873143546,849.300873143546,8.14906627106498e-09,1.61033792447889e-14,7666.38609399374,-4.04432606438241e-11,2.10051764252028e-18,-3162384.26278822,510.615612826786,510.615612826022,0.000143006800235958,5.15418697137576e-15,4609.17523905656,-1.93331192874599e-11,1.11824499264372e-18,-2798028.97107465,1412.63192925355,1412.63192925355,0,7.66816383887916e-14,12751.4078,-1.2844041348255e-10,6.01358215433997e-18,-3544646.65872652,"MPA"
"2025","Octopus","MT_60",2050,849.300873144449,849.300873144449,3.54061182429394e-09,5.2877238117016e-15,7666.38609399728,-1.32774053237007e-11,6.89728347473171e-19,-3162384.26278822,510.615628669342,510.615628668948,8.47339251894106e-05,1.66747907771249e-15,4609.17532379009,-6.25405083218644e-12,3.61773851335265e-19,-2798028.97107465,1412.63192925355,1412.63192925355,0,2.54456261268362e-14,12751.4078,-4.26067528668763e-11,1.99551504633365e-18,-3544646.65872652,"MPA"
"2026","Octopus","MT_60",2051,849.300873144841,849.300873144841,1.53871365185656e-09,1.73661577697249e-15,7666.38609399882,-4.35978382055372e-12,2.26523391292834e-19,-3162384.26278822,510.615638056328,510.615638056125,5.020624486305e-05,5.3951186523163e-16,4609.17537399614,-2.0233062261543e-12,1.17051712580119e-19,-2798028.97107465,1412.63192925355,1412.63192925355,0,8.44647114051222e-15,12751.4078,-1.41383977534772e-11,6.62395185927017e-19,-3544646.65872652,"MPA"
"2027","Octopus","MT_60",2052,849.300873145012,849.300873145012,6.68101626195219e-10,5.70453846060882e-16,7666.38609399949,-1.43185794806538e-12,7.4409746530693e-20,-3162384.26278822,510.615643618275,510.615643618171,2.97480131761841e-05,1.74574835994189e-16,4609.17540374405,-6.54639515735393e-13,3.7875503062674e-20,-2798028.97107465,1412.63192925355,1412.63192925355,0,2.80461582278684e-15,12751.4078,-4.69312753408265e-12,2.19945583011378e-19,-3544646.65872652,"MPA"
"2028","Octopus","MT_60",2053,849.300873145086,849.300873145086,2.89767420006885e-10,1.8742073503858e-16,7666.38609399978,-4.70345187644528e-13,2.44470775069984e-20,-3162384.26278822,510.615646913821,510.615646913767,1.76261730354242e-05,5.64939538425266e-17,4609.17542137016,-2.1182775062874e-13,1.22568461587808e-20,-2798028.97107465,1412.63192925355,1412.63192925355,0,9.31543234628409e-16,12751.4078,-1.55833359535359e-12,7.30541481567556e-20,-3544646.65872652,"MPA"
"2029","Octopus","MT_60",2054,849.300873145118,849.300873145118,1.26111402062802e-10,6.15876577658722e-17,7666.3860939999,-1.54530364549038e-13,8.03346674831245e-21,-3162384.26278822,510.615648866485,510.615648866457,1.0443785739401e-05,1.82835966806419e-17,4609.17543181392,-6.85493245413768e-14,3.9667825606878e-21,-2798028.97107465,1412.63192925355,1412.63192925355,0,3.09499521119625e-16,12751.4078,-5.17594996880304e-13,2.42717922580772e-20,-3544646.65872652,"MPA"
"2030","Octopus","MT_60",2055,849.300873145132,849.300873145132,5.43915589049499e-11,2.02417123683081e-17,7666.38609399996,-5.07796706929047e-14,2.64031997868594e-21,-3162384.26278822,510.61565002347,510.615650023456,6.18810625488508e-06,5.91779987551266e-18,4609.17543800201,-2.21851740337372e-14,1.28391725658048e-21,-2798028.97107465,1412.63192925355,1412.63192925355,0,1.0285849676794e-16,12751.4078,-1.71967760285726e-13,8.06644241806308e-21,-3544646.65872652,"MPA"
"2031","Octopus","MT_60",2056,849.300873145138,849.300873145138,2.31043790038727e-11,6.65390991728773e-18,7666.38609399998,-1.66895044495869e-14,8.67933056814784e-22,-3162384.26278822,510.615650709002,510.615650708994,3.66654871291922e-06,1.91556785602952e-18,4609.17544166855,-7.18061233414188e-15,4.15598816273282e-22,-2798028.97107465,1412.63192925355,1412.63192925355,0,3.41931895939816e-17,12751.4078,-5.71514464757525e-14,2.6815227095146e-21,-3544646.65872652,"MPA"
"2032","Octopus","MT_60",2057,849.300873145141,849.300873145141,1.01081658141943e-11,2.18766742009954e-18,7666.38609399999,-5.4862186138754e-15,2.85358367459695e-22,-3162384.26278822,510.61565111519,510.615651115186,2.17248646889859e-06,6.20116197431497e-19,4609.17544384104,-2.32433513210454e-15,1.34539508265498e-22,-2798028.97107465,1412.63192925355,1412.63192925355,0,1.13698426249708e-17,12751.4078,-1.89988217436675e-14,8.91653910164402e-22,-3544646.65872652,"MPA"
"2033","Octopus","MT_60",2058,849.300873145141,849.300873145141,4.33207106322615e-12,7.19381090148767e-19,7666.386094,-1.80375476529011e-15,9.38357501602721e-23,-3162384.26278822,510.615651355863,510.615651355861,1.2872314486849e-06,2.00764314412744e-19,4609.17544512827,-7.52444168445006e-16,4.35575336324013e-23,-2798028.97107465,1412.63192925355,1412.63192925355,0,3.78164677724951e-18,12751.4078,-6.31744554545431e-15,2.96567001586249e-22,-3544646.65872652,"MPA"
"2034","Octopus","MT_60",2059,849.300873145142,849.300873145142,1.9253649169894e-12,2.36596714080888e-19,7666.386094,-5.93137264601393e-16,3.08615703905204e-23,-3162384.26278822,510.615651498466,510.615651498465,7.62704139940148e-07,6.5003616082357e-20,4609.17544589097,-2.43605856718795e-16,1.41030899900032e-23,-2798028.97107465,1412.63192925355,1412.63192925355,0,1.25810106500265e-18,12751.4078,-2.10120301357098e-15,9.86636993134715e-23,-3544646.65872652,"MPA"
"2035","Octopus","MT_60",2060,849.300873145142,849.300873145142,4.8134122924735e-13,7.78267730351979e-20,7666.386094,-1.95076475772521e-16,1.01516897376337e-23,-3162384.26278822,510.61565158296,510.615651582959,4.51913674155823e-07,2.10487207166667e-20,4609.17544634288,-7.88748818606436e-17,4.5666998281507e-24,-2798028.97107465,1412.63192925355,1412.63192925355,0,4.18653445830371e-19,12751.4078,-6.99040895374989e-16,3.28319392177522e-23,-3544646.65872652,"MPA"
"2036","Octopus","MT_60",2061,849.300873145142,849.300873145142,4.8134122924735e-13,2.56046373194492e-20,7666.386094,-6.41689917944666e-17,3.33985752941511e-24,-3162384.26278822,510.615651633024,510.615651633023,2.67765638889625e-07,6.8163318789459e-21,4609.17544661065,-2.55403539007202e-17,1.47886144892885e-24,-2798028.97107465,1412.63192925355,1412.63192925355,0,1.39346161174932e-19,12751.4078,-2.32617146401088e-16,1.09279040683595e-23,-3544646.65872652,"MPA"
"2037","Octopus","MT_60",2062,849.300873145142,849.300873145142,4.8134122924735e-13,8.42512216483462e-21,7666.386094,-2.11112923994543e-17,1.09896919637643e-24,-3162384.26278822,510.615651662687,510.615651662687,1.58655267780157e-07,2.20755850365884e-21,4609.1754467693,-8.27088405131035e-18,4.78948681652414e-25,-2798028.97107465,1412.63192925355,1412.63192925355,0,4.63909522578909e-20,12751.4078,-7.74251512731898e-17,3.63810435565326e-24,-3544646.65872652,"MPA"
"2038","Octopus","MT_60",2063,849.300873145142,849.300873145142,4.8134122924735e-13,2.77268452098376e-21,7666.386094,-6.94660171530105e-18,3.61667738486817e-25,-3162384.26278822,510.615651680264,510.615651680263,9.40056343851174e-08,7.15006233948952e-22,4609.17544686331,-2.67863430705034e-18,1.55126712403651e-25,-2798028.97107465,1412.63192925355,1412.63192925355,0,1.54477900156741e-20,12751.4078,-2.57762859485267e-17,1.21145760985497e-24,-3544646.65872652,"MPA"
"2039","Octopus","MT_60",2064,849.300873145142,849.300873145142,4.8134122924735e-13,9.12620244162035e-22,7666.386094,-2.28610750949658e-18,1.19041779656295e-25,-3162384.26278822,510.615651690678,510.615651690678,5.56997190381964e-08,2.31602469825408e-22,4609.17544691901,-8.67582999395135e-19,5.02481349420146e-26,-2798028.97107465,1412.63192925355,1412.63192925355,0,5.14506871804407e-21,12751.4078,-8.58328258715752e-18,4.03490249762388e-25,-3544646.65872652,"MPA"
"2040","Octopus","MT_60",2065,849.300873145142,849.300873145142,4.8134122924735e-13,3.00430390434564e-22,7666.386094,-7.52464976706827e-19,3.91880068067133e-26,-3162384.26278822,510.615651696848,510.615651696848,3.30028447817268e-08,7.50260247199827e-23,4609.17544695201,-2.81024634323251e-19,1.6277537182954e-26,-2798028.97107465,1412.63192925355,1412.63192925355,0,1.71397632958514e-21,12751.4078,-2.85876353138592e-18,1.34414674557356e-25,-3544646.65872652,"MPA"
"2041","Panulirus","MT",2015,8.98090564501274,8.98090564501274,25.4938106064396,0.222699841960248,169.552994564479,-55311.5954690685,0.00154350522806418,-344681.651650048,5.04260248590818,5.04260248590818,5.09877008689915,0.0548129077008454,86.0554068791983,-23291.3709237365,0.000676606922895807,-200703.018838875,13.6688564116022,13.6688564116022,86.2239204372214,0.91092516239381,304.908705374828,-168005.623544219,0.00414819197505721,-639987.200070488,"MPA"
"2042","Panulirus","MT",2016,10.553919909472,10.5532869597392,26.8246704844606,0.00423490231592974,196.372797196891,-893.055486413083,2.49785106438097e-05,-290263.111667392,5.3565663898357,5.35656619635298,4.87769362089554,0.000600099915047067,90.9325002066961,-239.982852069517,6.97341557487632e-06,-177651.630767208,18.9792109805702,18.97918097112,108.502547652826,0.0301456447169598,413.381077373487,-3915.1135046329,9.88804584384153e-05,-475896.690030901,"MPA"
"2043","Panulirus","MT",2017,12.2233333556773,12.2226982473107,27.2151107189785,7.95480975364197e-05,223.587193259406,-14.4517007815129,4.05111048805813e-07,-289384.507881761,5.66014376103841,5.66014294683304,4.60389847423805,6.53712279846135e-06,95.5363913296059,-2.47331697079504,7.18898697040541e-08,-177414.121232109,25.7311337608485,25.730998284961,127.762844774684,0.000993338794830865,541.142793333488,-93.319251545716,2.40335054377723e-06,-472074.895777814,"MPA"
"2044","Panulirus","MT",2018,13.9173084881496,13.9167075305575,26.535592125762,1.47205158477907e-06,250.122182955524,-0.234373404022054,6.58412347633201e-09,-289370.290554383,5.94671550993573,5.94671418024847,4.29128483976628,7.08223646488834e-08,99.8276747688626,-0.0254972250735932,7.41313306221811e-10,-177411.673412363,33.6837324230077,33.683461648281,137.430661497827,3.21233883890327e-05,678.5731519332,-2.26802981182411,5.93718396500422e-08,-471983.84455608,"MPA"
"2045","Panulirus","MT",2019,15.5689935956338,15.5684487432227,24.829717651053,2.68186801426768e-08,274.951355727347,-0.00380903074178877,1.07226789774182e-10,-289370.05999001,6.213828820692,6.21382709915485,3.95253830274289,7.6330386208595e-10,103.780211349305,-0.000262916970500529,7.64621869497985e-12,-177411.648178055,42.2381610930351,42.2377600780559,132.111033457784,1.00838654962266e-06,810.683783367619,-0.0560248622932845,1.48625398700188e-09,-471981.632551131,"MPA"
"2046","Panulirus","MT",2020,17.1144991853484,17.1140260537876,22.3005794249629,4.81055221436374e-10,297.251462020268,-6.20302062026027e-05,1.74965988346351e-12,-289370.056243009,6.45985664589437,6.45985465428859,3.60010492784353,8.18682737298972e-12,107.380314285535,-2.71178843751343e-06,7.88862459048392e-14,-177411.64791785,50.4614604038496,50.4609809452726,111.638904204557,3.04800799110552e-08,922.322208083119,-0.00140237184967682,3.7602209939399e-11,-471981.57792864,"MPA"
"2047","Panulirus","MT",2021,18.5025816335101,18.5021877170308,19.2602390144178,8.50205694234012e-12,316.511307118198,-1.0121354919706e-06,2.86029867097388e-14,-289370.056181991,6.6839470440169,6.68394489474403,3.2453618352888,8.7415569092935e-14,110.62567397155,-2.79771411018763e-08,8.14074805703487e-16,-177411.647915166,57.4104558863148,57.4099814276939,82.6026374428988,8.84795679920637e-10,1004.92437106651,-3.54779117499486e-05,9.59386986555676e-13,-471981.576561746,"MPA"
"2048","Panulirus","MT",2022,19.7014213423251,19.7011060312347,16.0488649873579,1.48258268561769e-13,332.559856794466,-1.65456386099245e-08,4.68423129091741e-16,-289370.056180996,6.88595625235686,6.88595404324915,2.89801070174809,9.29587565256034e-16,113.523682464191,-2.88708790579342e-10,8.4030037302431e-18,-177411.647915138,62.5520732002122,62.5516772982281,54.1983242023871,2.47621482815178e-11,1059.12229936689,-9.05148115140904e-07,2.46419684020123e-14,-471981.576527173,"MPA"
"2049","Panulirus","MT",2023,20.7003721917723,20.7001285368309,12.9584265053556,2.55540333359228e-15,345.51803964488,-2.70956613835322e-10,7.68415337714401e-18,-289370.056180979,7.06634439357996,7.06634220498852,2.56574777344205,9.84911159847902e-18,116.089428049041,-2.98005704982092e-12,8.67582434617545e-20,-177411.647915138,65.9256532187236,65.9253671589118,32.3635302530379,6.73907648913908e-13,1091.48554356012,-2.32481743628143e-08,6.36305353849564e-16,-471981.576526292,"MPA"
"2050","Panulirus","MT",2024,21.5069614491715,21.506778781898,10.1881349350908,4.36226727276182e-17,355.705991912697,-4.44476486078083e-12,1.26254297735069e-19,-289370.056180979,7.2260506463663,7.22604854030639,2.25418663970637,1.0401216402577e-19,118.343612582688,-3.07677509360392e-14,8.95966154800562e-22,-177411.647915138,67.940121250405,67.9399362755043,18.1170487957362,1.80103398218849e-14,1109.60240738095,-6.00304567962266e-10,1.65009792691542e-17,-471981.576526269,"MPA"
"2051","Panulirus","MT",2025,22.1411161720194,22.1409826191016,7.83758217150986,7.3899049514022e-19,363.543440531289,-7.30284575376211e-14,2.07754747691488e-21,-289370.056180979,7.36636360922717,7.36636163014952,1.96697847776635,1.09526824745318e-21,120.310589081377,-3.17740221348428e-16,9.25498672752294e-24,-177411.647915138,69.0678154575586,69.0677049718371,9.74745799343828,4.76460709621499e-16,1119.34975488867,-1.55672411827691e-11,4.29400489993309e-19,-471981.576526268,"MPA"
"2052","Panulirus","MT",2026,22.6289624953927,22.6288667961308,5.92599103722757,1.24459301186631e-20,369.469335869255,-1.20168786830179e-15,3.42352372896426e-23,-289370.056180979,7.48879914912605,7.48879732579895,1.7060623822427,1.15044468567482e-23,122.016649640292,-3.28210552436632e-18,9.56229190305929e-26,-177411.647915138,69.6745444934596,69.6744819961219,5.12725555815081,1.25437506603028e-17,1124.47694794948,-4.05100002668235e-13,1.12063181239905e-20,-471981.576526268,"MPA"
"2053","Panulirus","MT",2027,22.9978231277245,22.9977556219376,4.42097414030675,2.08715211015691e-22,373.890242503775,-1.98020476664406e-17,5.64907430698494e-25,-289370.056180979,7.59499383206724,7.5949921800744,1.47198159867082,1.20577933523002e-25,123.48862958697,-3.39105940643923e-20,9.8820906355691e-28,-177411.647915138,69.9936894608677,69.99365539826,2.66409394940872,3.29657749687116e-19,1127.14100783628,-1.05721054690396e-14,2.93165835967642e-22,-471981.576526268,"MPA"
"2054","Panulirus","MT",2028,23.2730049059516,23.272957855933,3.26472231699627,3.48956261952629e-24,377.154917770752,-3.2674661122438e-19,9.33314361953131e-27,-289370.056180979,7.68661803785312,7.68661656229735,1.26421394354673,1.26142612104149e-27,124.752842054961,-3.50444584439903e-22,1.02149189847407e-29,-177411.647915138,70.1595153417467,70.1594972525826,1.37529709672956,8.66246128272444e-21,1128.51628684385,-2.76573961575e-16,7.68534457985591e-24,-471981.576526268,"MPA"
"2055","Panulirus","MT",2029,23.47621642331,23.4761839249625,2.39251883821276,5.8225183718226e-26,379.547404110618,-5.3983317683021e-21,1.54380281342351e-28,-289370.056180979,7.76530964203271,7.76530834014744,1.0814806044375,1.31755654769296e-29,125.834321357513,-3.62245477904977e-24,1.05613365071325e-31,-177411.647915138,70.2451203441019,70.2451109170923,0.707580005284283,2.27774377704435e-22,1129.22385742212,-7.25038322830491e-18,2.01835321022585e-25,-471981.576526268,"MPA"
"2056","Panulirus","MT",2030,23.6251380585799,23.6251157610625,1.74343191457749,9.7029191539457e-28,381.290813727678,-8.92939124125669e-23,2.55644752841306e-30,-289370.056180979,7.83262691927813,7.83262578276016,0.922012679071089,1.37435313818732e-31,126.756332900066,-3.74528447162851e-26,1.0921927298422e-33,-177411.647915138,70.2891634660331,70.2891586228624,0.36340900494922,5.99521047689405e-24,1129.5872615839,-1.9041213663932e-19,5.30914332959719e-27,-471981.576526268,"MPA"
"2057","Panulirus","MT",2031,23.7336575542993,23.7336423307825,1.26516630821657,1.61580376843972e-29,382.555964812378,-1.47865120650323e-24,4.23772340728902e-32,-289370.056180979,7.89001803761673,7.89001705458665,0.78376696487633,1.43200430923671e-33,127.540098881913,-3.87314188154823e-28,1.12973010819342e-35,-177411.647915138,70.3117837590455,70.3117812986722,0.186476904977057,1.57976694866731e-25,1129.7737360285,-5.00866313650632e-21,1.39853475906121e-28,-471981.576526268,"MPA"
"2058","Panulirus","MT",2032,23.812407583195,23.8123972267294,0.915315914176577,2.6899538652633e-31,383.471270370089,-2.45109768932707e-26,7.03153392048218e-34,-289370.056180979,7.93880398457934,7.9388031411452,0.664590957577593,1.49070058226238e-35,128.204688996056,-4.00624305848754e-30,1.16880943456924e-37,-177411.647915138,70.3233909639703,70.3233897254736,0.0956430891325396,4.16750955947006e-27,1129.86937787914,-1.31938212467528e-22,3.68880028507544e-30,-471981.576526268,"MPA"
"2059","Panulirus","MT",2033,23.8693812837987,23.8693742568038,0.660747843646387,4.47810893711329e-33,384.13201118674,-4.0670309534162e-28,1.16778252041824e-35,-289370.056180979,7.98017176375253,7.98017104519739,0.562342057436684,1.55063195590769e-37,128.767030334938,-4.14481354989541e-32,1.20949715303063e-39,-177411.647915138,70.329344243853,70.3293436251742,0.0490432219788549,1.10062576819551e-28,1129.91842048244,-3.48002570653609e-24,9.7411772028762e-32,-471981.576526268,"MPA"
"2060","Panulirus","MT",2034,23.9105094613208,23.9105047025186,0.476218461060736,7.45629317578545e-35,384.608224888999,-6.75443350210722e-30,1.94107615405141e-37,-289370.056180979,8.01517501136598,8.01517440300521,0.474968369126508,1.61198623754205e-39,129.241998095703,-4.2890888250482e-34,1.25186262700915e-41,-177411.647915138,70.332396927816,70.3323966207698,0.0251449861485217,2.90976458320703e-30,1129.94356516154,-9.18985675138339e-26,2.57519883537675e-33,-471981.576526268,"MPA"
"2061","Panulirus","MT",2035,23.9401516465641,23.9401484283244,0.342827096748282,1.24189894817057e-36,384.951048767507,-1.12271420132536e-31,3.22899786084611e-39,-289370.056180979,8.04473964229201,8.04473913005678,0.400559057489511,1.6749481328328e-41,129.642556640958,-4.43931471682106e-36,1.2959782689897e-43,-177411.647915138,70.3339620722717,70.3339619207436,0.0128912946957654,7.70023292121957e-32,1129.95645630471,-2.42945052716652e-27,6.81470577769446e-35,-471981.576526268,"MPA"
"2062","Panulirus","MT",2036,23.9614909084635,23.961488734303,0.246593916422401,2.06928544082742e-38,385.197640509769,-1.86764431389615e-33,5.37545138348907e-41,-289370.056180979,8.06967263045024,8.06967220125431,0.337371716103181,1.73969891141499e-43,129.979927927865,-4.59574788233533e-38,1.34191967602128e-45,-177411.647915138,70.334764488607,70.3347644141952,0.00660887574782646,2.03962472886527e-33,1129.96306510605,-6.42901441415679e-29,1.80504719449785e-36,-471981.576526268,"MPA"
"2063","Panulirus","MT",2037,23.9768401478258,23.9768386801463,0.177267480911205,3.44942438595577e-40,385.374906523001,-3.10914650120938e-35,8.9549474126913e-43,-289370.056180979,8.0906724927701,8.09067213471234,0.283843163544408,1.80641649375652e-45,130.263770733352,-4.75865628363436e-40,1.38976577132247e-47,-177411.647915138,70.3351758571008,70.3351758207175,0.00338806168022211,5.4071775625353e-35,1129.96645313134,-1.70288707538115e-30,4.78526929994962e-38,-471981.576526268,"MPA"
"2064","Panulirus","MT",2038,23.9878741688475,23.9878731786585,0.127376214664495,5.75275454253103e-42,385.502281747476,-5.17951588353426e-37,1.49276839176706e-44,-289370.056180979,8.10834044516269,8.10834014761006,0.238588865181737,1.87527583338206e-47,130.502359300981,-4.92831968953016e-42,1.43959895225979e-49,-177411.647915138,70.335386746609,70.3353867288881,0.00173688538899479,1.43463002306012e-36,1129.96818999901,-4.51443776840558e-32,1.26962178341153e-39,-471981.576526268,"MPA"
"2065","Panulirus","MT",2039,23.9958027101335,23.9958020423905,0.0914982540091813,9.59868641370017e-44,385.593779333743,-8.6341278444195e-39,2.48991695922067e-46,-289370.056180979,8.12319152249424,8.12319127608178,0.200394999298219,1.94644949607544e-49,130.702754053867,-5.10503019975948e-44,1.49150524498862e-51,-177411.647915138,70.3354948588975,70.335494850296,0.000890407730068983,3.809207090812e-38,1129.96908039814,-1.19776509243753e-33,3.37107462401013e-41,-471981.576526268,"MPA"
"2066","Panulirus","MT",2040,24.0014980279888,24.0014975778513,0.0657113491116535,1.60233535760054e-45,385.659490232717,-1.4401603383085e-40,4.155501136416e-48,-289370.056180979,8.13566520470591,8.13566500128205,0.16820615238189,2.02010836171198e-51,130.870960002825,-5.28909279259209e-46,1.54557446605865e-53,-177411.647915138,70.3355502822837,70.3355502781214,0.000456462913147399,1.01212128350934e-39,1129.96953685689,-3.18028215922903e-35,8.95707060590281e-43,-471981.576526268,"MPA"
"2067","Panulirus","MT",2041,24.0055882392336,24.0055879358767,0.0471843889839582,2.67606332685926e-47,385.706674318344,-2.40352887881169e-42,6.93892780647105e-50,-289370.056180979,8.1461352770167,8.14613510955552,0.141110778368274,2.09642239433825e-53,131.012070613732,-5.48082589704778e-48,1.60190039129974e-55,-177411.647915138,70.335578694811,70.3355786928025,0.000234002963605123,2.69099645903152e-41,1129.96977085785,-8.45012793166509e-37,2.38147699678636e-44,-471981.576526268,"MPA"
"2068","Panulirus","MT",2042,24.0085252387362,24.0085250343483,0.0338771029563465,4.47130595612894e-49,385.740551216912,-4.01345388015197e-44,1.15925035552563e-51,-289370.056180979,8.15491878502678,8.15491864752274,0.118325889955588,2.17556144206835e-55,131.130396366183,-5.68056199090092e-50,1.66058093231763e-57,-177411.647915138,70.3355932603299,70.3355932593631,0.000119960079400654,7.15907414020699e-43,1129.96989081696,-2.24669271596746e-38,6.33563332835637e-46,-471981.576526268,"MPA"
"2069","Panulirus","MT",2043,24.0106339250215,24.010633787344,0.0243208223323793,7.47411693634372e-51,385.764871901567,-6.70506701421139e-46,1.93760208869767e-53,-289370.056180979,8.16228403692227,8.16228392427839,0.0991819465958694,2.25769604071523e-57,131.229578200135,-5.8886482256828e-52,1.72171832094428e-59,-177411.647915138,70.3356007272512,70.3356007267869,6.14966963269155e-05,1.90566046009069e-44,1129.96995231319,-5.97705594812374e-40,1.68647012242243e-47,-471981.576526268,"MPA"
"2070","Panulirus","MT",2044,24.0121477794872,24.0121476867641,0.0174592035505636,1.24986965253752e-52,385.782331012395,-1.12070281483752e-47,3.23997789351254e-55,-289370.056180979,8.16845766502416,8.16845757294103,0.0831085356746396,2.34299820438038e-59,131.312686643727,-6.10544707992998e-54,1.78541930200289e-61,-177411.647915138,70.3356045551182,70.3356045548956,3.15258315155981e-05,5.07530328681915e-46,1129.9699838388,-1.59102109509978e-41,4.49153827182772e-49,-471981.576526268,"MPA"
"2071","Panulirus","MT",2045,24.0132345314956,24.0132344690594,0.0125329137721785,2.09093481910629e-54,385.794863863731,-1.87399274025403e-49,5.41998597654149e-57,-289370.056180979,8.17363079605448,8.17363072092471,0.0696211824511111,2.43164219306231e-61,131.382307751048,-6.33133704197228e-56,1.85179533476445e-63,-177411.647915138,70.3356065174471,70.3356065173407,1.61614781211041e-05,1.35235350145723e-47,1129.97000000017,-4.23733100562904e-43,1.19680480083572e-50,-471981.576526268,"MPA"
"2072","Panulirus","MT",2046,24.0140146457576,24.0140146037223,0.00899635004262805,3.49928114645609e-56,385.803860171738,-3.13490230806062e-51,9.07031554774366e-59,-289370.056180979,8.17796440038017,8.17796433919114,0.0583094451345001,2.52380525224536e-63,131.440617134994,-6.56671332360441e-58,1.92096280348962e-65,-177411.647915138,70.3356075234206,70.3356075233698,8.285054969818e-06,3.6050820362032e-49,1129.97000828518,-1.12906932621109e-44,3.1904227866264e-52,-471981.576526268,"MPA"
"2073","Panulirus","MT",2047,24.0145746259245,24.0145745976285,0.00645759876946243,5.85829979122808e-58,385.810317742211,-5.24624101887041e-53,1.51846583252632e-60,-289370.056180979,8.18159390022895,8.18159385047509,0.0488263328036952,2.61966832284994e-65,131.489443418043,-6.81198860604155e-60,1.99304323746795e-67,-177411.647915138,70.3356080391253,70.3356080391011,4.24726654094449e-06,9.61441027874843e-51,1129.97001253242,-3.00985465925077e-46,8.50855350872632e-54,-471981.576526268,"MPA"
"2074","Panulirus","MT",2048,24.0149765809697,24.014976561925,0.00463520429479362,9.8109468600831e-60,385.814952927462,-8.78275691210831e-55,2.54294569522223e-62,-289370.056180979,8.18463311921832,8.18463307882336,0.0408790088632793,2.7194167222374e-67,131.530322386512,-7.06759381961918e-62,2.06816354098526e-69,-177411.647915138,70.3356083034972,70.3356083034857,2.17732598604551e-06,2.56507171441381e-52,1129.97001470973,-8.02699552204085e-48,2.27003520975337e-55,-471981.576526268,"MPA"
"2075","Panulirus","MT",2049,24.0152651006388,24.0152650878226,0.00332706853247014,1.64357443292325e-61,385.818279983178,-1.4708314961144e-56,4.26000708678347e-64,-289370.056180979,8.1871776532167,8.1871776204657,0.0342206984179586,2.82324079846278e-69,131.564543052179,-7.33397895876256e-64,2.14645623366981e-71,-177411.647915138,70.3356084390254,70.3356084390199,1.11618767917025e-06,6.84594447672668e-54,1129.97001582591,-2.14155819139606e-49,6.05851871076911e-57,-471981.576526268,"MPA"
"2076","Panulirus","MT",2050,24.0154721950617,24.0154721864381,0.00238809195358607,2.75422818485458e-63,385.820668066508,-2.46397419205855e-58,7.1386669024202e-66,-289370.056180979,8.18930773747517,8.18930771095579,0.028643694675863,2.931336560886e-71,131.593186720335,-7.61161393381978e-66,2.22805970168859e-73,-177411.647915138,70.3356085085028,70.3356085085002,5.72203932660919e-07,1.82773270587419e-55,1129.97001639812,-5.71562516608539e-51,1.61750549154024e-58,-471981.576526268,"MPA"
"2077","Panulirus","MT",2051,24.0156208426292,24.0156208368274,0.00171410638689202,4.61674559643615e-65,385.822382167093,-4.12898161676797e-60,1.1966040130679e-67,-289370.056180979,8.19109067843952,8.19109065699166,0.0239733502160144,3.04390629075913e-73,131.617160049103,-7.90098946142507e-68,2.31311846028647e-75,-177411.647915138,70.3356085441198,70.3356085441185,2.93335301730848e-07,4.88120067684397e-57,1129.97001669145,-1.5259596503833e-52,4.31976123791611e-60,-471981.576526268,"MPA"
"2078","Panulirus","MT",2052,24.015727537768,24.0157275338651,0.00123033292584701,7.74089678617202e-67,385.823612496116,-6.92111850435471e-62,2.00633689100086e-69,-289370.056180979,8.19258291154594,8.19258289421898,0.0200629386517317,3.16115913563403e-75,131.637222970428,-8.20261799513511e-70,2.40178342818402e-77,-177411.647915138,70.3356085623785,70.3356085623779,1.50375701262941e-07,1.30396297047747e-58,1129.97001684182,-4.07527602399166e-54,1.15398015099151e-61,-471981.576526268,"MPA"
"2079","Panulirus","MT",2053,24.0158041202784,24.0158041176532,0.000883092467950888,1.29825545762682e-68,385.824495585959,-1.1604586984783e-63,3.36489373819355e-71,-289370.056180979,8.1938317391786,8.19383172519523,0.0167892773784257,3.28331169147386e-77,131.654012233823,-8.51703469816171e-72,2.49421221437284e-79,-177411.647915138,70.3356085717387,70.3356085717384,7.70887225354358e-08,3.48432861034691e-60,1129.97001691891,-1.08866841996255e-55,3.08355846475054e-63,-471981.576526268,"MPA"
"2080","Panulirus","MT",2054,24.015859088694,24.0158590869285,0.000633853284473634,2.17789641596865e-70,385.825129437477,-1.94624353474749e-65,5.64478523526812e-73,-289370.056180979,8.19487679616308,8.19487678488897,0.0140490103093871,3.41058857627247e-79,131.668061232858,-8.84479846010793e-74,2.59056941787255e-81,-177411.647915138,70.3356085765371,70.335608576537,3.95188074274353e-08,9.31278323750214e-62,1129.97001695843,-2.90903852964685e-57,8.24161977580192e-65,-471981.576526268,"MPA"
"2081","Panulirus","MT",2055,24.0158985431324,24.015898541945,0.000454957266762163,3.6544117404558e-72,385.825584393557,-3.26492531807598e-67,9.47167890778887e-75,-289370.056180979,8.19575128387713,8.19575127479556,0.0117554591740886,3.54322299883572e-81,131.679816682951,-9.18649295970281e-76,2.69102694103916e-83,-177411.647915138,70.335608578997,70.3356085789969,2.02589390159341e-08,2.48965013201737e-63,1129.97001697869,-7.77516941824752e-59,2.20328866664872e-66,-471981.576526268,"MPA"
"2082","Panulirus","MT",2056,24.0159268621251,24.0159268613267,0.00032655170472307,6.13332941325062e-74,385.825910944463,-5.47838809807409e-69,1.58966373964979e-76,-289370.056180979,8.1964830083689,8.19648300105965,0.00983596204265223,3.68145732619044e-83,131.689652637684,-9.54272777562207e-78,2.79576431704152e-85,-177411.647915138,70.335608580258,70.3356085802579,1.03855385637759e-08,6.65714566995469e-65,1129.97001698908,-2.07858929755485e-60,5.89143567521777e-68,-471981.576526268,"MPA"
"2083","Panulirus","MT",2057,24.0159471884669,24.0159471879301,0.000234386681569883,1.02960193092004e-75,385.826145330608,-9.19456306706075e-71,2.66856605979558e-78,-289370.056180979,8.19709525281057,8.1970952469324,0.00822962760302625,3.82554365288458e-85,131.697882259409,-9.91413954757823e-80,2.90496905215109e-87,-177411.647915138,70.3356085809044,70.3356085809044,5.32404984265857e-09,1.7804169913372e-66,1129.9700169944,-5.55799851699272e-62,1.57563206507135e-69,-471981.576526268,"MPA"
"2084","Panulirus","MT",2058,24.0159617779621,24.0159617776012,0.000168233945661768,1.72875178362787e-77,385.826313564193,-1.54348987868116e-72,4.48064965157883e-80,-289370.056180979,8.19760751016581,8.19760750544205,0.00688544297803397,3.97574437524003e-87,131.704767697663,-1.03013931899646e-81,3.01883698351972e-89,-177411.647915138,70.3356085812358,70.3356085812358,2.72930055805184e-09,4.76247659676313e-68,1129.97001699713,-1.48645613119912e-63,4.21469289019793e-71,-471981.576526268,"MPA"
"2085","Panulirus","MT",2059,24.0159722497546,24.015972249512,0.000120751943140347,2.90323665644347e-79,385.826434315893,-2.59159309920463e-74,7.5247243497818e-82,-289370.056180979,8.1980360980776,8.19803609428417,0.00576068133150597,4.13233277342736e-89,131.710528375202,-1.07051831604422e-83,3.13757265315097e-91,-177411.647915138,70.3356085814057,70.3356085814057,1.39913677493437e-09,1.27413495750467e-69,1129.97001699853,-3.9761542219391e-65,1.12758297860916e-72,-471981.576526268,"MPA"
"2086","Panulirus","MT",2060,24.015979766011,24.0159797658479,8.66711331049927e-05,4.87657902689335e-81,385.826520986863,-4.35227594458688e-76,1.26393077124474e-83,-289370.056180979,8.19839467463661,8.19839467159228,0.00481956309691482,4.29559360405555e-91,131.715347935254,-1.11262347859705e-85,3.2613896988032e-93,-177411.647915138,70.3356085814928,70.3356085814928,7.17238340555062e-10,3.4092896709747e-71,1129.97001699925,-1.06376524643363e-66,3.01715056124285e-74,-471981.576526268,"MPA"
"2087","Panulirus","MT",2061,24.0159851608934,24.0159851607838,6.22092129872124e-05,8.19271572430196e-83,385.826583195967,-7.31053422672884e-78,2.12341953667947e-85,-289370.056180979,8.1986946708173,8.19869466837565,0.00403213136301449,4.46582370581268e-93,131.719380064175,-1.15653056488946e-87,3.39051126259608e-95,-177411.647915138,70.3356085815375,70.3356085815374,3.67638540563893e-10,9.12374471318633e-73,1129.97001699961,-2.84638910944428e-68,8.07432460678505e-76,-471981.576526268,"MPA"
"2088","Panulirus","MT",2062,24.0159890331335,24.0159890330598,4.46513766744257e-05,1.3766301359503e-84,385.82662784727,-1.22817891234869e-79,3.56800229924469e-87,-289370.056180979,8.19894565291178,8.19894565095463,0.00337330780799484,4.64333262055632e-95,131.722753370026,-1.20231870358262e-89,3.52517041812796e-97,-177411.647915138,70.3356085815603,70.3356085815603,1.88496507817216e-10,2.44195884498598e-74,1129.9700169998,-7.61734264179504e-70,2.16108286790659e-77,-471981.576526268,"MPA"
"2089","Panulirus","MT",2063,24.0159918124785,24.015991812429,3.20490332222686e-05,2.31355911131752e-86,385.826659896253,-2.06372085551004e-81,5.99636972758719e-89,-289370.056180979,8.1991556261999,8.19915562463198,0.00282210065005213,4.82844323213628e-97,131.725575469108,-1.25007054521785e-91,3.66561061694846e-99,-177411.647915138,70.3356085815721,70.3356085815721,9.66092180738873e-11,6.53664877877751e-76,1129.9700169999,-2.03877221734737e-71,5.78479842866367e-79,-471981.576526268,"MPA"
"2090","Panulirus","MT",2064,24.0159938073852,24.0159938073519,2.30035551971505e-05,3.88879654358456e-88,385.826682899775,-3.46828063036285e-83,1.0079128654908e-90,-289370.056180979,8.19933128931789,8.19933128806242,0.00236094045334964,5.02149242513583e-99,131.727936408306,-1.29987242053461e-93,3.81208615526923e-101,-177411.647915138,70.3356085815781,70.3356085815781,4.94700005621573e-11,1.74992522370121e-77,1129.97001699995,-5.45739661095864e-73,1.54864748389281e-80,-471981.576526268,"MPA"
"2091","Panulirus","MT",2065,24.0159952392522,24.0159952392298,1.65110597242156e-05,6.5376046812806e-90,385.826699410813,-5.82973503496442e-85,1.69444078676704e-92,-289370.056180979,8.19947824728386,8.19947824627907,0.00197512337217297,5.22283176564028e-101,131.729911530674,-1.35181450596632e-95,3.96486266183666e-103,-177411.647915138,70.3356085815812,70.3356085815812,2.53732493740237e-11,4.6851943294407e-79,1129.97001699997,-1.4609987944072e-74,4.14629968844643e-82,-471981.576526268,"MPA"
"2092","Panulirus","MT_20",2015,11.069541693541,11.069541693541,31.2739715702813,0.326733122496455,208.783905647785,-65851.8051041236,0.00183726521442848,-419713.954228815,6.17031042686859,6.17031042686859,6.20510770226969,0.079414779289628,105.25422708298,-27576.5463335689,0.000801129361616982,-243351.651747193,16.8495098180929,16.8495098180929,106.153315169161,1.35159637165846,375.495913097502,-202578.970919273,0.00499307484282627,-782898.095562869,"MPA"
"2093","Panulirus","MT_20",2016,12.9958696645462,12.9949409947415,32.8511578451101,0.00758926937814182,241.626545553712,-1299.93586518055,3.63527343281636e-05,-355162.084989872,6.55160757036767,6.5516072883812,5.93258302686907,0.00105704044493139,111.185752787418,-345.593153925942,1.00427402507226e-05,-216120.698567551,23.372950759994,23.3729053976717,133.410368379298,0.0548809221856429,508.851355192292,-5794.22195145429,0.000146179071529216,-586113.34659505,"MPA"
"2094","Panulirus","MT_20",2017,15.0401779474705,15.0392436825087,33.2717034733312,0.000174172404390086,274.897140589677,-25.7198963823344,7.20884021870848e-07,-353887.869021074,6.92081866797411,6.92081748020302,5.59593469457886,1.40011650222125e-05,116.78167229306,-4.33216704297526,1.2592595559634e-07,-215779.437580668,31.6737339987436,31.6735287229575,156.923234829292,0.00222113851214675,665.772163607285,-169.624060063156,4.36588830673854e-06,-580488.748703659,"MPA"
"2095","Panulirus","MT_20",2018,17.1111245341232,17.1102418518622,32.381918084426,3.93792253511786e-06,307.27817205392,-0.510010779037921,1.43259402782028e-08,-353862.659135471,7.26913977214633,7.26913783038756,5.21270504884825,1.84444228999141e-07,121.994375215706,-0.0543199347997621,1.57939451870459e-09,-215775.159733559,41.441356495742,41.4409453262991,168.570048742265,8.82474549898806e-05,834.341712932652,-5.06577263598906,1.32576106406008e-07,-580324.190416232,"MPA"
"2096","Panulirus","MT_20",2019,19.1266997443254,19.1259008703225,30.2442345739851,8.7656578114775e-08,337.521607666245,-0.010134898410759,2.85282076936759e-10,-353862.15925959,7.5936073481911,7.5936048342255,4.79839717416395,2.41722323583712e-09,126.792769873487,-0.000681280952118615,1.98142302391703e-11,-215775.106094906,51.9340613124602,51.9334523533896,161.783289376418,3.40381624558029e-06,996.124389946183,-0.153817935735284,4.08037620122383e-09,-580319.278461531,"MPA"
"2097","Panulirus","MT_20",2020,21.0092191186345,21.0085266048325,27.1146941728583,1.92117170908452e-09,364.635609323381,-0.000201815364275721,5.69222459349172e-12,-353862.149326507,7.89228607717693,7.89228316973951,4.368145779787,3.15259409046354e-11,131.160912745805,-8.54683117632672e-06,2.48641613047099e-13,-215775.105422171,62.0043135089878,62.0035860873332,136.471942594673,1.26429408968485e-07,1132.59560499277,-0.00473382093600394,1.26939010725832e-10,-580319.129377417,"MPA"
"2098","Panulirus","MT_20",2021,22.6969451458258,22.6963695153409,23.3786717411938,4.14908845467784e-11,388.013705434048,-4.02667844615478e-06,1.13790815783375e-13,-353862.149128718,8.16418354584737,8.16418040954632,3.93573586085278,4.09339297214333e-13,135.096645470356,-1.07249363986246e-07,3.12089561367018e-15,-215775.105413732,70.4990397581447,70.4983208737723,100.804509749654,4.51032655015954e-09,1233.39939585354,-0.000147258826269623,3.982672783454e-12,-580319.124790855,"MPA"
"2099","Panulirus","MT_20",2022,24.1521276663214,24.1516675701924,19.4512996582474,8.84194078784412e-13,407.464544996166,-8.04932306780479e-08,2.2788243492872e-15,-353862.149124772,8.40916540574727,8.40916218356582,3.51288054688487,5.29342294519413e-15,138.60952279506,-1.34615118501209e-09,3.91825092802566e-17,-215775.105413626,76.7736274647697,76.7730284359369,66.0463886342339,1.55146230899735e-10,1299.44518545879,-4.62000121710006e-06,1.25794829509904e-13,-580319.124648216,"MPA"
"2100","Panulirus","MT_20",2023,25.3628559311797,25.3625008303391,15.6853480340608,1.862669278426e-14,423.149537929386,-1.61195298014933e-09,4.57144559908382e-17,-353862.149124693,8.62782639744459,8.62782320658964,3.10883556304624,6.82031481253073e-17,141.718355167251,-1.69005641894975e-11,4.92052617723731e-19,-215775.105413625,80.8846841620699,80.884251846249,39.3972937943465,5.19041155090126e-12,1338.84204693731,-1.45921054889476e-07,3.99445728612529e-15,-580319.124643742,"MPA"
"2101","Panulirus","MT_20",2024,26.3391769901091,26.3389110334249,12.3188465310618,3.88673088522433e-16,435.468118503763,-3.23360153627937e-11,9.18535866493704e-19,-353862.149124692,8.82133738763594,8.8213343183887,2.73031919597856,8.75914622066133e-19,144.448671293982,-2.12234271717299e-13,6.18067410286252e-21,-215775.105413625,83.3369635912648,83.3366842897911,22.0397982496412,1.70538668280427e-13,1360.88156588548,-4.63346212333179e-09,1.27379832054386e-16,-580319.1246436,"MPA"
"2102","Panulirus","MT_20",2025,27.1059538501363,27.1057595460361,9.46852804475006,8.04919242551051e-18,444.936452244413,-6.49714162245704e-13,1.84841660854415e-20,-353862.149124692,8.99128742480915,8.99128454173498,2.3816690499169,1.12170127286575e-20,146.830337460825,-2.66584829659679e-15,7.76539963133642e-23,-215775.105413625,84.7088256360475,84.7086589090016,11.8533714705391,5.54704619470391e-15,1372.73477062897,-1.47755754775852e-10,4.07610102452882e-18,-580319.124643596,"MPA"
"2103","Panulirus","MT_20",2026,27.6953155198116,27.6951763610398,7.15431048653684,1.6573803079936e-19,452.090623572178,-1.3074373937419e-14,3.72500555390146e-22,-353862.149124692,9.13953555242566,9.13953289718472,2.06515322141831,1.43287980618232e-22,148.895488027002,-3.34934261999571e-17,9.7587477868233e-25,-215775.105413625,85.4466349201284,85.4465406461569,6.23364904988799,1.79562195668624e-16,1378.96832540489,-4.72809795458116e-12,1.30806680695479e-19,-580319.124643596,"MPA"
"2104","Panulirus","MT_20",2027,28.1406308703651,28.1405327413742,5.33457472902704,3.39831877715539e-21,457.425100172214,-2.63477815832335e-16,7.51692998264393e-24,-353862.149124692,9.26808199144564,9.26807958648079,1.78135819318729,1.82644563291886e-24,150.676843815225,-4.20907384084783e-19,1.22666315693374e-26,-215775.105413625,85.8346459843111,85.8345946157255,3.23860388227352,5.80246800745307e-18,1382.20687791857,-1.51729592377884e-13,4.2078401501329e-21,-580319.124643596,"MPA"
"2105","Panulirus","MT_20",2028,28.4726783162999,28.4726099352052,3.93784454335925,6.94742321481949e-23,461.362876334479,-5.31685381325054e-18,1.51881562062182e-25,-353862.149124692,9.3789634675733,9.37896132007964,1.52959132009838,2.32382020615615e-26,152.206432987829,-5.29072164963392e-21,1.54225469719181e-28,-215775.105413625,86.0362314764452,86.0362042015071,1.67178244904428,1.87480702063362e-19,1383.87863309268,-4.88088973078614e-15,1.35638780365405e-22,-580319.124643596,"MPA"
"2106","Panulirus","MT_20",2029,28.7177873711103,28.7177401421322,2.88497210128958,1.41751675782473e-24,464.24780120679,-1.07427907762822e-19,3.0724613731101e-27,-353862.149124692,9.47417359148489,9.47417169723044,1.30825524095022,2.9520109010428e-28,153.514686334525,-6.65186212631934e-23,1.93947875254016e-30,-215775.105413625,86.140290801738,86.1402765893665,0.860095052708212,6.06160100156546e-21,1384.73871393302,-1.573342694102e-16,4.3801552567011e-24,-580319.124643596,"MPA"
"2107","Panulirus","MT_20",2030,28.8973611151507,28.8973287100541,2.10183401178294,2.8886922310451e-26,466.349602813477,-2.17318609470061e-21,6.22231521769342e-29,-353862.149124692,9.55560654451407,9.55560489124376,1.11516990388954,3.74507514661087e-30,154.629854585144,-8.36507933044982e-25,2.43955532319683e-32,-215775.105413625,86.1938270092695,86.1938197082578,0.441734044718017,1.96179978794036e-22,1385.18044067672,-5.0807613525012e-18,1.41672945467953e-25,-580319.124643596,"MPA"
"2108","Panulirus","MT_20",2031,29.0281889184552,29.0281667921169,1.52501180736905,5.88277134051782e-28,467.874592494507,-4.40110110451499e-23,1.26145206756447e-30,-353862.149124692,9.6250208089619,9.62501937925244,0.947832489784985,4.74596897110922e-32,155.57768564522,-1.05218939302229e-26,3.06924530583113e-34,-215775.105413625,86.2213225347064,86.2213188259919,0.226666817645673,6.35640366903444e-24,1385.40710378565,-1.64333510475109e-19,4.58886364333609e-27,-580319.124643596,"MPA"
"2109","Panulirus","MT_20",2032,29.1231127444703,29.1230976900526,1.10318237996272,1.19768461311915e-29,468.977759820052,-8.92235002488164e-25,2.55984266451503e-32,-353862.149124692,9.68401907744688,9.68401785097979,0.803615590946261,6.00888134115632e-34,156.381300009699,-1.32377241600205e-28,3.86230321030287e-36,-215775.105413625,86.2354313052665,86.2354294384913,0.11625615163419,2.06188201216349e-25,1385.52335807051,-5.32285113334168e-21,1.48828606372012e-28,-580319.124643596,"MPA"
"2110","Panulirus","MT_20",2033,29.1917800047003,29.191769788398,0.796299443815268,2.43839414591055e-31,469.774049047565,-1.81059440481744e-26,5.19938331003785e-34,-353862.149124692,9.73404049796263,9.73403945324784,0.679909958985656,7.60218250557339e-36,157.06120892397,-1.66581513024407e-30,4.86131214702454e-38,-215775.105413625,86.2426676175162,86.2426666850324,0.0596130955358037,6.69570610818072e-27,1385.58297023357,-1.72633692828007e-22,4.83261879119398e-30,-580319.124643596,"MPA"
"2111","Panulirus","MT_20",2034,29.2413454680148,29.2413385480695,0.573880143925643,4.96534315092285e-33,470.347922271546,-3.67755605724005e-28,1.05696440736566e-35,-353862.149124692,9.77636180432105,9.77636091993907,0.57422090988902,9.61214849112119e-38,157.635428949477,-2.09668338813598e-32,6.12000200658797e-40,-215775.105413625,86.2463782095709,86.2463777468046,0.0305643273771392,2.17663164077592e-28,1385.61353409818,-5.60559442823807e-24,1.5709139787539e-31,-580319.124643596,"MPA"
"2112","Panulirus","MT_20",2035,29.2770665241934,29.2770618435012,0.41311566179295,1.01142471314001e-34,470.761033252647,-7.47596939824139e-30,2.15037602337514e-37,-353862.149124692,9.81210444735241,9.81210370279822,0.484228089991046,1.21476668315543e-39,158.119656294914,-2.63955058351491e-34,7.70617847526519e-42,-215775.105413625,86.2482806742254,86.2482804458572,0.0156697092484486,7.08275563211457e-30,1385.62920357906,-1.82218108062959e-25,5.1116386216402e-33,-580319.124643596,"MPA"
"2113","Panulirus","MT_20",2036,29.3027808456624,29.3027776828512,0.297143107235967,2.06106447550536e-36,471.058173197071,-1.52097240704264e-31,4.37815489214246e-39,-353862.149124692,9.84224544624685,9.842244822459,0.407817642815276,1.53461829391734e-41,158.527473313941,-3.3236609189464e-36,9.70542434585267e-44,-215775.105413625,86.249256029728,86.2492559175855,0.00803328221949773,2.30685815222985e-31,1385.63723674913,-5.92924326271123e-27,1.66484521958206e-34,-580319.124643596,"MPA"
"2114","Panulirus","MT_20",2037,29.3212764858215,29.3212743502981,0.21360083024937,4.20188055494008e-38,471.271771891797,-3.09669110072859e-33,8.92008912079903e-41,-353862.149124692,9.86763024211902,9.8676297217705,0.343094526173804,1.93812152830843e-43,158.870567319767,-4.18592575948451e-38,1.22257773806644e-45,-215775.105413625,86.2497560588418,86.2497560040117,0.00411829824759055,7.51993890716902e-33,1385.64135499255,-1.93113656859343e-28,5.42706179715891e-36,-580319.124643596,"MPA"
"2115","Panulirus","MT_20",2038,29.3345720546948,29.3345706136321,0.153481304825373,8.57038242833389e-40,471.42525175556,-6.30922245877361e-35,1.81856486768978e-42,-353862.149124692,9.8889863182426,9.88898588585852,0.288381242120811,2.44718545626295e-45,159.158948129503,-5.27294116767928e-40,1.54036431531801e-47,-215775.105413625,86.2500124011807,86.2500123744757,0.00211124521503542,2.45333786057506e-34,1385.64346621106,-6.29511822164842e-30,1.77054318744956e-37,-580319.124643596,"MPA"
"2116","Panulirus","MT_20",2039,29.3441254936891,29.3441245216917,0.110249133970696,1.74889746663576e-41,471.535499917533,-1.28627953539795e-36,3.70980875622337e-44,-353862.149124692,9.90693674121925,9.90693638317441,0.2422078113006,3.08947722241859e-47,159.401155582759,-6.64353807767318e-42,1.94112698655469e-49,-215775.105413625,86.2501438151444,86.2501438021823,0.00108232435403241,8.00988614485705e-36,1385.64454852245,-2.05374088006165e-31,5.780625638048e-39,-580319.124643596,"MPA"
"2117","Panulirus","MT_20",2040,29.3509879514983,29.3509872961223,0.0791770654946714,3.57054644832123e-43,471.614676327652,-2.62396492209095e-38,7.57216907349023e-46,-353862.149124692,9.92201307808788,9.92201278252552,0.203296573160835,3.89994031290731e-49,159.604451860358,-8.37200614036765e-44,2.44661989475969e-51,-215775.105413625,86.2502111842155,86.2502111779434,0.000554849187166037,2.61697156711489e-37,1385.64510336537,-6.70523445225145e-33,1.88863122946679e-40,-580319.124643596,"MPA"
"2118","Panulirus","MT_20",2041,29.3559163309307,29.35591588917,0.0568532107393863,7.29300727128563e-45,471.671529096631,-5.35582973652125e-40,1.54639109994268e-47,-353862.149124692,9.93466736730984,9.93466712401271,0.170544368593776,4.92271437492773e-51,159.774995985654,-1.05521697116253e-45,3.08432151502485e-53,-215775.105413625,86.2502457207195,86.250245717693,0.000284440682570578,8.55567849740692e-39,1385.64538780302,-2.19071705682782e-34,6.17450924256971e-42,-580319.124643596,"MPA"
"2119","Panulirus","MT_20",2042,29.3594551629754,29.3594548652784,0.0408188989482942,1.49029997453922e-46,471.712347697882,-1.09376940272603e-41,3.15961404782825e-49,-353862.149124692,9.94528298069983,9.94528278093609,0.143003859462452,6.21356308408893e-53,159.917999645353,-1.33025418578088e-47,3.88894590111099e-55,-215775.105413625,86.2502634256987,86.2502634242419,0.000145816928524704,2.79880791544019e-40,1385.6455336185,-7.16211958297908e-36,2.0198587171815e-43,-580319.124643596,"MPA"
"2120","Panulirus","MT_20",2043,29.3619959393829,29.3619957388128,0.0293043539362038,3.0466891291776e-48,471.741651851248,-2.23480915827732e-43,6.45878608845777e-51,-353862.149124692,9.9541843225788,9.95418415893877,0.119865134717967,7.84294486605158e-55,160.037864616431,-1.67728422739895e-49,4.90435407970486e-57,-215775.105413625,86.2502725020634,86.2502725013638,7.47521663825724e-05,9.16086561227655e-42,1385.64560836996,-2.34293432950666e-37,6.61126196423924e-45,-580319.124643596,"MPA"
"2121","Panulirus","MT_20",2044,29.3638199926144,29.363819857509,0.0210366975727771,6.23105689880731e-50,471.762688413715,-4.56832814106145e-45,1.32086215011096e-52,-353862.149124692,9.96164538398888,9.96164525022311,0.100438311420676,9.89989713357029e-57,160.138302794086,-2.11522410158096e-51,6.18597182071442e-59,-215775.105413625,86.2502771550098,86.2502771546745,3.83212171547083e-05,3.00004274157318e-43,1385.64564669085,-7.66873073107606e-39,2.1650866018406e-46,-580319.124643596,"MPA"
"2122","Panulirus","MT_20",2045,29.3651294250784,29.365129334087,0.0151009644627934,1.2748701033667e-51,471.777789287187,-9.34251651694809e-47,2.70235467596241e-54,-353862.149124692,9.96789721389932,9.96789710476492,0.0841375265638878,1.24969501111962e-58,160.222440211515,-2.66797862016345e-53,7.80384827831121e-61,-215775.105413625,86.2502795403143,86.2502795401539,1.96451125140691e-05,9.82946053846382e-45,1385.6456663358,-2.51139135743111e-40,7.09377650913126e-48,-580319.124643596,"MPA"
"2123","Panulirus","MT_20",2046,29.3660693872984,29.3660693260273,0.0108397349021814,2.60935026170921e-53,471.788628960818,-1.91138740049239e-48,5.53088832460965e-56,-353862.149124692,9.97313439397521,9.97313430509409,0.0704665014200252,1.5776343839581e-60,160.292906624054,-3.36575957528209e-55,9.84652580077086e-63,-215775.105413625,86.2502807631252,86.2502807630486,1.00709279104633e-05,3.22201865769922e-46,1385.64567640665,-8.2284232886042e-42,2.32528324952025e-49,-580319.124643596,"MPA"
"2124","Panulirus","MT_20",2047,29.3667441087779,29.3667440675262,0.00778078087276194,5.34260235902792e-55,471.796409700439,-3.91202169242578e-50,1.13241439865973e-57,-353862.149124692,9.97752061479162,9.97752054252288,0.0590057185873085,1.99178948140903e-62,160.351912270373,-4.24675476576521e-57,1.24259365608416e-64,-215775.105413625,86.2502813899909,86.2502813899544,5.16278707244368e-06,1.05659444423579e-47,1385.6456815694,-2.69721139624883e-43,7.62528590264201e-51,-580319.124643596,"MPA"
"2125","Panulirus","MT_20",2048,29.3672284252184,29.3672283974492,0.00558497082625009,1.09425739855555e-56,471.801994643496,-8.00961688068743e-52,2.31934236238706e-59,-353862.149124692,9.98119345387684,9.98119339520361,0.0494011626924317,2.51489510183189e-64,160.401313374392,-5.35923988522594e-59,1.5683599114464e-66,-215775.105413625,86.2502817113492,86.2502817113318,2.6466634511357e-06,3.46622853067031e-49,1385.64568421605,-8.84494740176685e-45,2.50152587835066e-52,-580319.124643596,"MPA"
"2126","Panulirus","MT_20",2049,29.3675760630874,29.367576044397,0.00400879399632287,2.24194439076161e-58,471.806003418802,-1.64048104910204e-53,4.75187561181991e-61,-353862.149124692,9.98426845291532,9.98426840534595,0.0413545232328609,3.17569910594992e-66,160.442667850055,-6.76425106166256e-61,1.97984607893145e-68,-215775.105413625,86.2502818760911,86.2502818760828,1.35679117178264e-06,1.13752833684573e-50,1385.64568557283,-2.90164396465173e-46,8.20937379449466e-54,-580319.124643596,"MPA"
"2127","Panulirus","MT_20",2050,29.3678255915232,29.367825578945,0.00287741858628162,4.59474959933648e-60,471.80888082481,-3.36102249326205e-55,9.73864166129757e-63,-353862.149124692,9.98684258512202,9.98684254660458,0.03461473071842,4.01055712886453e-68,160.477282542256,-8.53896723385302e-63,2.49968240371521e-70,-215775.105413625,86.2502819605448,86.2502819605409,6.95547995688274e-07,3.73432237167591e-52,1385.64568626837,-9.52245992356371e-48,2.69500523153739e-55,-580319.124643596,"MPA"
"2128","Panulirus","MT_20",2051,29.3680046972514,29.3680046887877,0.00206533168456782,9.41941496689434e-62,471.810946148031,-6.88818399991585e-57,1.99644715304973e-64,-353862.149124692,9.98899719578,9.98899716462913,0.0289706866496887,5.06545125470701e-70,160.506253197755,-1.07809913291697e-64,3.15649117549649e-72,-215775.105413625,86.2502820038393,86.2502820038375,3.56566898367665e-07,1.22629543475306e-53,1385.64568662494,-3.12607026473953e-49,8.84999280050848e-57,-580319.124643596,"MPA"
"2129","Panulirus","MT_20",2052,29.3681332544374,29.368133248743,0.00148243184285278,1.93154537185875e-63,471.812428574179,-1.41209583213513e-58,4.09389690493768e-66,-353862.149124692,9.9908004902523,9.99080046508703,0.0242450479308246,6.39854561139852e-72,160.530498220521,-1.36137696132309e-66,3.98647746820622e-74,-215775.105413625,86.2502820260339,86.250282026033,1.82790969915006e-07,4.0281167723506e-55,1385.64568680773,-1.02655456891422e-50,2.90703230359128e-58,-580319.124643596,"MPA"
"2130","Panulirus","MT_20",2053,29.3682255288728,29.368225525042,0.00106404093133075,3.96185935823417e-65,471.81349261128,-2.89563124024542e-60,8.39710681340305e-68,-353862.149124692,9.99230963510183,9.99230961479302,0.0202889328544641,8.0834219966646e-74,160.550787133066,-1.71934524573933e-68,5.03544316726894e-76,-215775.105413625,86.2502820374118,86.2502820374114,9.37061986835459e-08,1.32349785106781e-56,1385.64568690143,-3.37201098407804e-52,9.55148826044343e-60,-580319.124643596,"MPA"
"2131","Panulirus","MT_20",2054,29.3682917604505,29.3682917578738,0.000763731971157687,8.12832395015345e-67,471.814256340674,-5.93931047816229e-62,1.72278327728581e-69,-353862.149124692,9.99357252968301,9.99357251330922,0.0169774259456598,1.02131768633941e-75,160.567764542638,-2.1717580720745e-70,6.36133715262305e-78,-215775.105413625,86.2502820432446,86.2502820432444,4.80376279942674e-08,4.34960630580303e-58,1385.64568694947,-1.10792450736504e-53,3.13904654481304e-61,-580319.124643596,"MPA"
"2132","Panulirus","MT_20",2055,29.368339299209,29.368339297476,0.000548179648147905,1.66803743095118e-68,471.814804518589,-1.2185321668436e-63,3.53536886307755e-71,-353862.149124692,9.99462929793032,9.99462928474098,0.0142057707971115,1.2905609432111e-77,160.581970300246,-2.74360845405812e-72,8.03748465712579e-80,-215775.105413625,86.2502820462347,86.2502820462346,2.46260661504705e-08,1.42979598479211e-59,1385.6456869741,-3.64113581247955e-55,1.03186261701563e-62,-580319.124643596,"MPA"
"2133","Panulirus","MT_20",2056,29.3683734208465,29.368373419681,0.000393463393351234,3.42380325892196e-70,471.815197980817,-2.50058189857335e-65,7.25666771417264e-73,-353862.149124692,9.9955135431684,9.99551353255314,0.0118861523330909,1.63097920993353e-79,160.593856441964,-3.46652113666598e-74,1.0156677039205e-81,-215775.105413625,86.2502820477675,86.2502820477675,1.26242978189838e-08,4.70097659027253e-61,1385.64568698672,-1.19690863921173e-56,3.39262528254123e-64,-580319.124643596,"MPA"
"2134","Panulirus","MT_20",2057,29.3683979121205,29.3683979113367,0.000282413454788655,7.02919740368728e-72,471.815480393488,-5.13267289038737e-67,1.48982004689548e-74,-353862.149124692,9.99625340263266,9.99625339409586,0.0099449819384359,2.06143921461707e-81,160.603801415366,-4.38051649118685e-76,1.28363516575924e-83,-215775.105413625,86.2502820485533,86.2502820485533,6.47180593139797e-09,1.54591289809105e-62,1385.64568699319,-3.93527437017343e-58,1.11566247606403e-65,-580319.124643596,"MPA"
"2135","Panulirus","MT_20",2058,29.3684154910533,29.3684154905264,0.000202705791697665,1.44341967475194e-73,471.815683098753,-1.05375625076565e-68,3.05928850313636e-76,-353862.149124692,9.99687243300161,9.9968724261414,0.00832061013676444,2.60582124267274e-83,160.612122018642,-5.53624456495204e-78,1.62251529566822e-85,-215775.105413625,86.2502820489562,86.2502820489562,3.31767951773177e-09,5.08461889624642e-64,1385.64568699651,-1.29411225295426e-59,3.66949426103284e-67,-580319.124643596,"MPA"
"2136","Panulirus","MT_20",2059,29.3684281085546,29.3684281082003,0.000145494550083583,2.9645974704928e-75,471.815828592949,-2.16384817010005e-70,6.28338051640405e-78,-353862.149124692,9.99739035355386,9.99739034804478,0.00696140176809722,3.29435438184113e-85,160.619083414901,-6.99781483914375e-80,2.0511243741428e-87,-215775.105413625,86.2502820491627,86.2502820491627,1.70083085352968e-09,1.67263917673243e-65,1385.64568699821,-4.25642843353582e-61,1.20711895719749e-68,-580319.124643596,"MPA"
"2137","Panulirus","MT_20",2060,29.3684371649213,29.3684371646831,0.00010443044776066,6.09006075633992e-77,471.815933023158,-4.44426258459615e-72,1.29077075996662e-79,-353862.149124692,9.99782366951365,9.9978236650925,0.00582411780950641,4.16530808330594e-87,160.62490752829,-8.84638083313193e-82,2.59328343522691e-89,-215775.105413625,86.2502820492685,86.2502820492685,8.71877832818081e-10,5.50314628619228e-67,1385.64568699908,-1.40019716249108e-62,3.97153928874415e-70,-580319.124643596,"MPA"
"2138","Panulirus","MT_20",2061,29.3684436652375,29.3684436650773,7.49561786353591e-05,1.25128741450992e-78,471.816007979177,-9.12967816938699e-74,2.65206689078224e-81,-353862.149124692,9.99818619467225,9.99818619112636,0.0048725561002324,5.26713529098484e-89,160.629780080844,-1.11846812761452e-83,3.2791522639524e-91,-215775.105413625,86.2502820493228,86.2502820493228,4.46997647197925e-10,1.81083828156886e-68,1385.64568699953,-4.6067854453483e-64,1.30685520732982e-71,-580319.124643596,"MPA"
"2139","Panulirus","MT_20",2062,29.3684483309163,29.3684483308086,5.38006651958806e-05,2.57139670263522e-80,471.816061779734,-1.87581853766747e-75,5.44999885369416e-83,-353862.149124692,9.99848948940051,9.99848948655826,0.00407641032452933,6.66118789429163e-91,160.633856488326,-1.41427935603398e-85,4.14691963821027e-93,-215775.105413625,86.2502820493506,86.2502820493506,2.29121907050872e-10,5.95941133930461e-70,1385.64568699976,-1.51588618684127e-65,4.30081902986981e-73,-580319.124643596,"MPA"
"2140","Panulirus","MT_20",2063,29.3684516797617,29.3684516796894,3.86160442359719e-05,5.2851197950976e-82,471.816100395706,-3.85480808001734e-77,1.1201652981396e-84,-353862.149124692,9.9987432276385,9.9987432253615,0.00341031274999806,8.42515760076593e-93,160.637266798799,-1.78854236553047e-87,5.24494511035238e-95,-215775.105413625,86.2502820493649,86.2502820493649,1.17484956920411e-10,1.96145241442394e-71,1385.64568699988,-4.98873335233865e-67,1.41555119957897e-74,-580319.124643596,"MPA"
"2141","Panulirus","MT_20",2064,29.3684540834343,29.3684540833856,2.77171049454438e-05,1.08645490839225e-83,471.816128112763,-7.92297825730162e-79,2.30270842279887e-86,-353862.149124692,9.99895550429979,9.99895550247656,0.00285303150811772,1.06574363396395e-94,160.640119828484,-2.26211434870593e-89,6.6344731535249e-97,-215775.105413625,86.2502820493722,86.2502820493722,6.02794546037131e-11,6.45652555227064e-73,1385.64568699994,-1.64196806055715e-68,4.65957900554647e-76,-580319.124643596,"MPA"
"2142","Panulirus","MT_20",2065,29.3684558086978,29.3684558086651,1.98942652785928e-05,2.23376369854931e-85,471.816148006995,-1.62871576154029e-80,4.73439453518826e-88,-353862.149124692,9.99913309271025,9.99913309125107,0.00238679773285304,1.34826423246744e-96,160.642506624758,-2.86140968927216e-91,8.39307287603286e-99,-215775.105413625,86.250282049376,86.250282049376,3.08894717621031e-11,2.12550893159787e-74,1385.64568699997,-5.40487684587144e-70,1.53394836179212e-77,-580319.124643596,"MPA"
"2143","Panulirus","MT_40",2015,12.8447391270686,12.8447391270686,36.4445014800919,0.445244345899886,242.355189534192,-77374.2275562513,0.00215765226965622,-490907.94335747,7.16768120804277,7.16768120804277,7.19932505882425,0.106744031317526,122.244280427507,-31905.1128633046,0.0009269861571624,-280750.107907865,19.5948121750055,19.5948121750055,123.79586934512,1.8612700645898,436.73318698053,-240932.905872454,0.00591257438030049,-928148.389845131,"MPA"
"2144","Panulirus","MT_40",2016,15.0855327949756,15.0842671465507,38.3363737576738,0.0120852060705842,280.67821243737,-1784.05856662286,4.98702957725349e-05,-415317.774367842,7.60916283629723,7.60916245185262,6.88281461113956,0.00163843726832584,129.125456216933,-461.172293644816,1.34029830996872e-05,-249306.167338206,27.1846987370555,27.1846333844694,155.82755410537,0.0892658604838051,592.471409872831,-8125.13381745038,0.000204435629960551,-695340.617790127,"MPA"
"2145","Panulirus","MT_40",2017,17.4709705482156,17.4696897645463,38.8924089556783,0.000324244451015351,319.569016364928,-41.2336407050236,1.15531459489828e-06,-413574.949441924,8.0374854286003,8.03748380776736,6.49145855558849,2.50297044584149e-05,135.616888121984,-6.66779005265833,1.93840317546296e-07,-248851.662834614,36.878710544224,36.8784138703726,183.811743932938,0.00427667070878762,776.278580461209,-280.922085302937,7.22022385048695e-06,-687496.40605798,"MPA"
"2146","Panulirus","MT_40",2018,19.891750145301,19.8905371240037,37.9195555777855,8.57144451779081e-06,357.487350349972,-0.95519450814533,2.68238120851395e-08,-413534.670995727,8.44154819729205,8.4415455445583,6.0461827549014,3.80288807667592e-07,141.663067843863,-0.0964307591697603,2.804142349894e-09,-248845.09147532,48.3198895228629,48.3192920166725,198.182277920349,0.00020138305298979,974.460059492314,-9.92089620692953,2.59488725725221e-07,-687225.404868884,"MPA"
"2147","Panulirus","MT_40",2019,22.2519978130388,22.2508973902485,35.4801924841261,2.23099875301182e-07,392.966442188208,-0.0221765675251436,6.24114820224305e-10,-413533.737977786,8.81789599761779,8.81789256229346,5.56500671537373,5.74810227954597e-09,147.228071118165,-0.00139496455107928,4.05758979896805e-11,-248844.996439526,60.655805279512,60.6549160419176,191.045731252681,9.21337744692013e-06,1165.50489229402,-0.356522881090623,9.45702015571768e-09,-687215.840495558,"MPA"
"2148","Panulirus","MT_40",2020,24.4604135044475,24.4594573409339,31.8647785222636,5.71777482914437e-09,424.83026454124,-0.000515966774350631,1.45509851339078e-11,-413533.716317185,9.16429270387348,9.16428873095723,5.06548884099824,8.64644326616725e-11,152.29355598616,-2.018475869084e-05,5.87282639891786e-13,-248844.995064746,72.547496545047,72.5464290086961,161.936872939037,4.06077403479624e-07,1327.44069729063,-0.0129925087991059,3.4847524258774e-10,-687215.496965186,"MPA"
"2149","Panulirus","MT_40",2021,26.4437947475058,26.4429981402741,27.51937754639,1.44398400758968e-10,452.348845480254,-1.2029144411386e-05,3.39909423898964e-13,-413533.715813248,9.479596610695,9.47959232558592,4.56361027127921,1.29484309151442e-12,156.857161972329,-2.92143065594489e-07,8.50228953560069e-15,-248844.995044853,82.627280277561,82.6262199312753,120.175614157591,1.71905528915369e-08,1447.61525108475,-0.000478723802180795,1.29517263989673e-11,-687215.484451401,"MPA"
"2150","Panulirus","MT_40",2022,28.15670403583,28.1560659347323,22.9300825870319,3.59829214568991e-12,475.278289966185,-2.80991174232451e-07,7.9549105375879e-15,-413533.7158015,9.76366078897819,9.76365638727845,4.07294096145124,1.93124402516081e-14,160.93009853208,-4.22939259079784e-09,1.23121260194203e-16,-248844.995044565,90.107611835004,90.1067241612697,79.0491545497044,7.01496884187961e-10,1526.66351796002,-1.77918759395768e-05,4.84623964719502e-13,-687215.483990469,"MPA"
"2151","Panulirus","MT_40",2023,29.5839599878395,29.5834665251803,18.5140070924062,8.86350976528344e-14,493.791803595932,-6.57588260072459e-09,1.86494878637945e-16,-413533.715801225,10.0171829774738,10.0171786193789,3.60419589546743,2.86995045325082e-16,164.534290069453,-6.12448437589775e-11,1.78335313206361e-18,-248844.995044561,95.0280149203466,95.0273718643592,47.289220242329,2.78295353939976e-11,1573.95209514633,-6.65712112143813e-07,1.82297390555518e-14,-687215.483973343,"MPA"
"2152","Panulirus","MT_40",2024,30.7363438816962,30.7359736407543,14.555671638224,2.16248837939486e-15,508.347104993214,-1.54161882048087e-10,4.37941941216703e-18,-413533.715801219,10.2415278728355,10.2415236816256,3.16514528969799,4.25112303002438e-18,167.699431167941,-8.8709237245368e-13,2.58373193429184e-20,-248844.995044561,97.9715185578919,97.9711019636816,26.5036886763126,1.08384910228632e-12,1600.45536722843,-2.50411656714826e-08,6.8863080528702e-16,-687215.483972702,"MPA"
"2153","Panulirus","MT_40",2025,31.6423466662517,31.6420757507761,11.1972519167359,5.23599194845679e-17,519.544085994474,-3.6200938180455e-12,1.03001447705869e-19,-413533.715801219,10.4385438308339,10.4385398945809,2.76079875928391,6.27904254089543e-20,170.460225990972,-1.28521141227872e-14,3.74422562332741e-22,-248844.995044561,99.6212293849518,99.6209802451013,14.2696154254737,4.17747321147e-14,1614.72473351405,-9.45924212143088e-10,2.61020467498448e-17,-687215.483972678,"MPA"
"2154","Panulirus","MT_40",2026,32.3393089406056,32.3391146490642,8.46611537104618,1.26045248326505e-18,528.010007073979,-8.514151607389e-14,2.42609257928449e-21,-413533.715801219,10.610391031313,10.6103874067626,2.39376779665765,9.25129553893603e-22,172.853990163079,-1.86245296768347e-16,5.42724773250694e-24,-248844.995044561,100.50943398036,100.509292941299,7.50886311820889,1.6020737068335e-15,1622.2334555932,-3.58543786361243e-11,9.92170033043241e-19,-687215.483972677,"MPA"
"2155","Panulirus","MT_40",2027,32.8662748798537,32.8661377110097,6.3159215442174,3.02141116506441e-20,534.325791449352,-2.0054020777648e-15,5.72229117938801e-23,-413533.715801219,10.7593922059574,10.7593889235981,2.06471650089742,1.36012317380867e-23,174.918703381617,-2.69960136903828e-18,7.86862701100368e-26,-248844.995044561,100.9768185385,100.976741630839,3.90238435291009,6.13254293199089e-17,1626.13576303845,-1.36286410996819e-12,3.78031705572192e-20,-687215.483972677,"MPA"
"2156","Panulirus","MT_40",2028,33.2594043709276,33.2593086858243,4.66403621232157,7.2210168350407e-22,538.98973197657,-4.72999945376929e-17,1.35143068849027e-24,-413533.715801219,10.8879114220317,10.8879084915368,1.77282865295039,1.99597305936384e-25,176.691529104073,-3.91395743750336e-20,1.14108641265545e-27,-248844.995044561,101.219719823405,101.219678968345,2.01477378354139,2.34699502468199e-18,1628.15049596693,-5.19270986115237e-14,1.44329737000233e-21,-687215.483972677,"MPA"
"2157","Panulirus","MT_40",2029,33.5497139282034,33.5496477806313,3.4179757907542,1.72235445155657e-23,542.407641619753,-1.11707603019589e-18,3.19553145151992e-26,-413533.715801219,10.9982619394986,10.998259354956,1.51624183162722,2.92450638620222e-27,178.207768351157,-5.67588022586614e-22,1.6551483889239e-29,-248844.995044561,101.345127988686,101.345106693092,1.03665040768269,8.98778017902581e-20,1629.18712507902,-1.98253714547337e-15,5.5202418269377e-23,-687215.483972677,"MPA"
"2158","Panulirus","MT_40",2030,33.7624636040473,33.7624181813395,2.49067654985503,4.10307000554563e-25,544.8982727469,-2.64137737907002e-20,7.56456292224007e-28,-413533.715801219,11.0926410899137,11.0926388344801,1.29242053860594,4.27936441194053e-29,179.50018663433,-8.23283719873347e-24,2.40133479878698e-31,-248844.995044561,101.409653541024,101.409642598803,0.532436535608274,3.44524178612863e-21,1629.71955067241,-7.58269263723913e-17,2.11470032113854e-24,-687215.483972677,"MPA"
"2159","Panulirus","MT_40",2031,33.9174943158756,33.9174632781824,1.80742067349455,9.76784214797895e-27,546.705662382701,-6.25273513957336e-22,1.79260118575195e-29,-413533.715801219,11.1730883806571,11.1730864304575,1.09845719387969,6.25502788392816e-31,180.59864187801,-1.19443774640772e-25,3.48469207725405e-33,-248844.995044561,101.442794666516,101.442789107229,0.273216286804602,1.32212378383492e-22,1629.99276139993,-2.90478568650424e-18,8.11258547180395e-26,-687215.483972677,"MPA"
"2160","Panulirus","MT_40",2032,34.0299962832425,34.0299751514306,1.30762233783815,2.32469149014127e-28,548.013263588727,-1.48172984026455e-23,4.25218423873439e-31,-413533.715801219,11.2414623347457,11.2414606619753,0.931301505290326,9.13450401617197e-33,181.52994171053,-1.73329982912874e-27,5.05790353669839e-35,-248844.995044561,101.459800819335,101.459798020714,0.140133303545711,5.07947641691742e-24,1630.13289190485,-1.11435741405815e-19,3.11625717998767e-27,-687215.483972677,"MPA"
"2161","Panulirus","MT_40",2033,34.1113886434151,34.1113742938934,0.943945769209848,5.53262370904525e-30,548.957195008416,-3.51476918083776e-25,1.00957892642901e-32,-413533.715801219,11.2994316078297,11.2994301831043,0.78792558810814,1.3329622821162e-34,182.317865873912,-2.51581406598737e-29,7.34293416477085e-37,-248844.995044561,101.468523320107,101.468521922005,0.0718573740591186,1.95364980380577e-25,1630.20474788081,-4.28053932675666e-21,1.19846047738461e-28,-687215.483972677,"MPA"
"2162","Panulirus","MT_40",2034,34.1701441766277,34.1701344514094,0.680326961313287,1.31698148196603e-31,549.637512244511,-8.34496599915563e-27,2.39906120853541e-34,-413533.715801219,11.3484763831015,11.34847517715,0.665435400914051,1.94396923746356e-36,182.983300068875,-3.65238494259034e-31,1.0662528223553e-38,-248844.995044561,101.472996035066,101.472995341167,0.0368423596221013,7.52197981122681e-27,1630.24158954653,-1.64622390721817e-22,4.61413199228124e-30,-687215.483972677,"MPA"
"2163","Panulirus","MT_40",2035,34.2124908992038,34.2124843173999,0.489764034574814,3.13592950202134e-33,550.127269697281,-1.98301183045497e-28,5.70545152301882e-36,-413533.715801219,11.3898967025521,11.389895687365,0.561139759671862,2.83368878930808e-38,183.54443881336,-5.3035440819011e-33,1.54860523851886e-40,-248844.995044561,101.475289264923,101.475288922468,0.0188884252105993,2.89900187164016e-28,1630.26047762929,-6.3380432130718e-24,1.77826519851602e-31,-687215.483972677,"MPA"
"2164","Panulirus","MT_40",2036,34.2429761226874,34.2429716729563,0.352285269015395,7.4700920836285e-35,550.479550516566,-4.71599968406767e-30,1.35788454196203e-37,-413533.715801219,11.4248250940122,11.4248242435608,0.472587411160516,4.12905752193524e-40,184.017025374069,-7.70275239011845e-35,2.24962290455601e-42,-248844.995044561,101.476464964079,101.476464795902,0.00968343989030147,1.11832574318482e-29,1630.270160901,-2.44265261891335e-25,6.85979793209648e-33,-687215.483972677,"MPA"
"2165","Panulirus","MT_40",2037,34.2649040370951,34.2649010311592,0.253245433914681,1.78024218459858e-36,550.732792944544,-1.12239681922817e-31,3.23398453618213e-39,-413533.715801219,11.4542415058239,11.4542407964543,0.397581144658847,6.01483450747198e-42,184.414605809358,-1.11895928692784e-36,3.26862949033287e-44,-248844.995044561,101.477067704682,101.47706762245,0.00496427716202194,4.31782404714453e-31,1630.27512509593,-9.42272465262115e-27,2.64853283488672e-34,-687215.483972677,"MPA"
"2166","Panulirus","MT_40",2038,34.2806672520677,34.2806652226863,0.181970647497013,4.24459170938319e-38,550.91476156266,-2.67313814603162e-33,7.70717130098674e-41,-413533.715801219,11.4789891198805,11.4789885304723,0.334176194461366,8.75996618656251e-44,184.748781414411,-1.62580967991031e-38,4.7501478760243e-46,-248844.995044561,101.47737670374,101.477376663687,0.00254494463997781,1.66844871786948e-32,1630.27767000052,-3.6380657037538e-28,1.0234154302178e-35,-687215.483972677,"MPA"
"2167","Panulirus","MT_40",2039,34.2919939893309,34.2919926198914,0.130715253676941,1.01251078546586e-39,551.045475446898,-6.3705714530451e-35,1.83787202337529e-42,-413533.715801219,11.4997900652161,11.4997895771772,0.280668526226179,1.27559879202105e-45,185.029449452598,-2.36271140688895e-40,6.90450468291476e-48,-248844.995044561,101.477535112734,101.477535093292,0.00130466320892752,6.4519052705673e-34,1630.27897464428,-1.40577927706759e-29,3.95754992565759e-37,-687215.483972677,"MPA"
"2168","Panulirus","MT_40",2040,34.3001303473401,34.3001294235832,0.0938759418056454,2.41639957880721e-41,551.139350464946,-1.51914274917036e-36,4.38511838456616e-44,-413533.715801219,11.5172604024625,11.5172599996166,0.235577151533293,1.85729649334677e-47,185.265026201286,-3.43427990507194e-42,1.00378428352484e-49,-248844.995044561,101.477616321006,101.477616311598,0.000668832196773321,2.49670709106361e-35,1630.27964346707,-5.43615183681792e-31,1.53146003235963e-38,-687215.483972677,"MPA"
"2169","Panulirus","MT_40",2041,34.3059736497514,34.3059730268251,0.0674081968911747,5.76950482139389e-43,551.206758038911,-3.62463764618159e-38,1.04683233396499e-45,-413533.715801219,11.5319240074585,11.5319236758683,0.197623427947733,2.70409944083455e-49,185.462649297643,-4.99278915268052e-44,1.45958443588951e-51,-248844.995044561,101.477657952251,101.477657947711,0.000342874417183151,9.66785998320687e-37,1630.27998633695,-2.10363720541411e-32,5.93018505892482e-40,-687215.483972677,"MPA"
"2170","Panulirus","MT_40",2042,34.3101694714692,34.310169051517,0.048397293637068,1.37816878998726e-44,551.255154912596,-8.65287383090034e-40,2.50027559776488e-47,-413533.715801219,11.5442251663769,11.544224894133,0.165709373225064,3.93689641783777e-51,185.628358398624,-7.25991916157986e-46,2.12274357509408e-53,-248844.995044561,101.477679294376,101.477679292191,0.000175773093622371,3.74590019141606e-38,1630.28016210786,-8.1457939873013e-34,2.29770359868928e-41,-687215.483972677,"MPA"
"2171","Panulirus","MT_40",2043,34.3131819616352,34.3131816785862,0.0347450938523491,3.29346161844678e-46,551.289899723399,-2.06666984392455e-41,5.97447772602004e-49,-413533.715801219,11.5545398210046,11.5545395980022,0.138896322365949,5.73176217413622e-53,185.767254497988,-1.05584426957131e-47,3.08776217525139e-55,-248844.995044561,101.477690235333,101.477690234284,9.01092231400637e-05,1.45219962858137e-39,1630.28025221603,-3.15616122795989e-35,8.90766913776663e-43,-687215.483972677,"MPA"
"2172","Panulirus","MT_40",2044,34.3153446715975,34.3153444808618,0.0249425048350559,7.87373510892206e-48,551.314842037499,-4.93836459415257e-43,1.42823860073006e-50,-413533.715801219,11.563185485519,11.5631853032365,0.116384745517498,8.34518235218711e-55,185.883639061223,-1.53584003040553e-49,4.49227849535445e-57,-248844.995044561,101.477695844166,101.477695843663,4.61940141525429e-05,5.63278349536282e-41,1630.28029840954,-1.22357122037973e-36,3.45510134697704e-44,-687215.483972677,"MPA"
"2173","Panulirus","MT_40",2045,34.3168972197318,34.3168970912271,0.0179047421881406,1.8831220832032e-49,551.332746651182,-1.18054883989308e-44,3.41569271503714e-52,-413533.715801219,11.5704299070182,11.5704297583071,0.0974956833526143,1.21508237317871e-56,185.981134595864,-2.23443976346725e-51,6.53679036932175e-59,-248844.995044561,101.477698719507,101.477698719266,2.3681096823088e-05,2.18589790054215e-42,1630.2803220904,-4.74598068945024e-38,1.34081108793252e-45,-687215.483972677,"MPA"
"2174","Panulirus","MT_40",2046,34.3180117023117,34.3180116157497,0.0128523554872181,4.5054398363219e-51,551.345598920107,-2.82333217458656e-46,8.17190684541789e-54,-413533.715801219,11.576498570487,11.5764984493786,0.0816540089008111,1.76931408488516e-58,186.062788483657,-3.25137005825482e-53,9.51340628444524e-61,-248844.995044561,101.477700193535,101.47770019342,1.21399697871271e-05,8.48655208394474e-44,1630.28033423025,-1.84175886390169e-39,5.20557843271322e-47,-687215.483972677,"MPA"
"2175","Panulirus","MT_40",2047,34.3188116988983,34.3188116405991,0.00922545481066568,1.07832272275085e-52,551.354824316619,-6.75470808703944e-48,1.95580181733654e-55,-413533.715801219,11.5815811618873,11.5815810634182,0.0683735612020221,2.57655378367423e-60,186.13116194639,-4.73192416413704e-55,1.38477651332036e-62,-248844.995044561,101.477700949187,101.477700949132,6.22347714057824e-06,3.29619431917482e-45,1630.28034045368,-7.15046310880831e-41,2.02185737628502e-48,-687215.483972677,"MPA"
"2176","Panulirus","MT_40",2048,34.3193859388058,34.3193858995478,0.0066219505589826,2.58169725241274e-54,551.36144622792,-1.61662026634416e-49,4.68246062438992e-57,-413533.715801219,11.5858371058856,11.5858370259436,0.0572440930823834,3.7524347404342e-62,186.18840595953,-6.88781265411028e-57,2.01601640166016e-64,-248844.995044561,101.477701336567,101.477701336541,3.19042335981507e-06,1.28073987463841e-46,1630.28034364407,-2.77725458702385e-42,7.85594871543493e-50,-687215.483972677,"MPA"
"2177","Panulirus","MT_40",2049,34.3197981233366,34.3197980969049,0.00475312359204873,6.18300245978334e-56,551.36619932508,-3.87041295323173e-51,1.12140638523971e-58,-413533.715801219,11.5894002911395,11.5894002263284,0.0479199147854991,5.46550600859947e-64,186.236325809505,-1.00275680718706e-58,2.93547065695056e-66,-248844.995044561,101.477701535155,101.477701535143,1.63554790364923e-06,4.9780934505347e-48,1630.28034527961,-1.07910527524098e-43,3.05351988689734e-51,-687215.483972677,"MPA"
"2178","Panulirus","MT_40",2050,34.3200939824978,34.3200939647044,0.00341168318144655,1.4812353630322e-57,551.369610990468,-9.26928409060727e-53,2.68648198868637e-60,-413533.715801219,11.5923830887008,11.592383036224,0.0401100837066414,7.9614785252141e-66,186.276435840735,-1.46008868383623e-60,4.27493321072732e-68,-248844.995044561,101.47770163696,101.477701636954,8.38451587310005e-07,1.93556340013162e-49,1630.28034611805,-4.19436217999772e-45,1.18725801101387e-52,-687215.483972677,"MPA"
"2179","Panulirus","MT_40",2051,34.3203063434966,34.3203063315199,0.00244881340680802,3.54954519567596e-59,551.372059791898,-2.22058345607098e-54,6.43768739863044e-62,-413533.715801219,11.5948797597755,11.5948797173362,0.0335699782977285,1.15985944712138e-67,186.310005776593,-2.12633050625797e-62,6.22654950354623e-70,-248844.995044561,101.47770168915,101.477701689147,4.29825773248749e-07,7.52805994873877e-51,1630.28034654788,-1.63083598068664e-46,4.61764749030087e-54,-687215.483972677,"MPA"
"2180","Panulirus","MT_40",2052,34.3204587704958,34.3204587624355,0.00175768409741878,8.50822985017951e-61,551.373817467935,-5.32124248562416e-56,1.54310137785064e-63,-413533.715801219,11.5969693389972,11.5969693047134,0.0280940943743183,1.68992287755639e-69,186.338099836683,-3.09705440775621e-64,9.07048911728864e-72,-248844.995044561,101.477701715904,101.477701715903,2.20346798522535e-07,2.92873371892357e-52,1630.28034676822,-6.34287206609621e-48,1.79646017638941e-55,-687215.483972677,"MPA"
"2181","Panulirus","MT_40",2053,34.3205681780127,34.3205681725888,0.00126160847505394,2.03994230910743e-62,551.375079070987,-1.27549166143894e-57,3.69974461014521e-65,-413533.715801219,11.5987180693036,11.5987180416365,0.0235099097019975,2.46251806943489e-71,186.361609718718,-4.51161526503047e-66,1.3215322439239e-73,-248844.995044561,101.47770172962,101.477701729619,1.12958993715969e-07,1.13969442276825e-53,1630.28034688118,-2.46764550447122e-49,6.99078796495043e-57,-687215.483972677,"MPA"
"2182","Panulirus","MT_40",2054,34.3206467071923,34.3206467035429,0.000905539476717668,4.89219130087556e-64,551.375984606814,-3.05812272674949e-59,8.87271022387206e-67,-413533.715801219,11.6001814549118,11.6001814326059,0.0196726745486549,3.58875436176376e-73,186.381282370961,-6.57323383730484e-68,1.92569401508763e-75,-248844.995044561,101.477701736651,101.477701736651,5.79075064975426e-08,4.43608567966749e-55,1630.28034693909,-9.60265455429797e-51,2.72105695695466e-58,-687215.483972677,"MPA"
"2183","Panulirus","MT_40",2055,34.3207030727706,34.3207030703155,0.000649964236939804,1.17352118836651e-65,551.376634568596,-7.33397561621541e-61,2.12835020238356e-68,-413533.715801219,11.6014059900296,11.6014059720622,0.016460999649821,5.23070507445045e-75,186.397743352643,-9.57830300826749e-70,2.80645406629105e-77,-248844.995044561,101.477701740255,101.477701740255,2.96858146852772e-08,1.727055469895e-56,1630.28034696877,-3.73768595345883e-52,1.05936103145549e-59,-687215.483972677,"MPA"
"2184","Panulirus","MT_40",2056,34.3207435300012,34.3207435283496,0.000466520797323997,2.81563163706698e-67,551.377101087742,-1.75924470452414e-62,5.10654870126276e-70,-413533.715801219,11.6024306129374,11.6024305984767,0.0137731273176074,7.62481107776416e-77,186.4115164655,-1.39591574810966e-71,4.09061340796456e-79,-248844.995044561,101.477701742103,101.477701742103,1.52181534716967e-08,6.72511938391707e-58,1630.28034698399,-1.45515470993457e-53,4.12513062334418e-61,-687215.483972677,"MPA"
"2185","Panulirus","MT_40",2057,34.3207725687434,34.3207725676325,0.000334851440085039,6.75699969784325e-69,551.377435938071,-4.22095421445098e-64,1.22547702555374e-71,-413533.715801219,11.6032879279637,11.6032879163346,0.0115237853452712,1.11160434732197e-78,186.423040239217,-2.03464987858277e-73,5.9631742118355e-81,-248844.995044561,101.477701743051,101.47770174305,7.80141733108224e-09,2.61923289169793e-59,1630.28034699179,-5.66634327431063e-55,1.60661501964585e-62,-687215.483972677,"MPA"
"2186","Panulirus","MT_40",2058,34.3207934116873,34.3207934109402,0.000240343868213979,1.62188923774037e-70,551.377676281192,-1.01295076507932e-65,2.94152268854612e-73,-413533.715801219,11.6040052316313,11.6040052222862,0.0096415364052712,1.62077766317231e-80,186.432681766277,-2.96605179490504e-75,8.69408449520531e-83,-248844.995044561,101.477701743536,101.477701743536,3.99935619745672e-09,1.02028668560406e-60,1630.28034699579,-2.20687125868429e-56,6.25835113259322e-64,-687215.483972677,"MPA"
"2187","Panulirus","MT_40",2059,34.3208083719778,34.3208083714754,0.000172509774874163,3.89380374634179e-72,551.377848790464,-2.43139413873836e-67,7.061953927191e-75,-413533.715801219,11.6046053738149,11.6046053663104,0.00806654754330466,2.36346035193129e-82,186.440748306316,-4.32439221368877e-77,1.26772856032314e-84,-248844.995044561,101.477701743785,101.477701743785,2.05020304647745e-09,3.97501139814102e-62,1630.28034699784,-8.59656798448125e-58,2.43823794199935e-65,-687215.483972677,"MPA"
"2188","Panulirus","MT_40",2060,34.3208191099128,34.320819109575,0.000123820971976461,9.34994591011659e-74,551.377972611098,-5.83724662409789e-69,1.69574202712106e-76,-413533.715801219,11.6051074800604,11.605107474038,0.00674871502994323,3.44686574002824e-84,186.447497015323,-6.30561547632815e-79,1.84877274524112e-86,-248844.995044561,101.477701743913,101.477701743913,1.05103562560081e-09,1.54887766958781e-63,1630.28034699889,-3.3492013769534e-59,9.50068294965379e-67,-687215.483972677,"MPA"
"2189","Panulirus","MT_40",2061,34.3208268171967,34.3208268169695,8.88739711360426e-05,2.24555213796752e-75,551.378061484843,-1.40166086098652e-70,4.07261851129612e-78,-413533.715801219,11.6055275571846,11.6055275523545,0.00564608924239082,5.02748728051189e-86,186.453143099735,-9.19569862902508e-81,2.69646273711029e-88,-248844.995044561,101.477701743978,101.477701743978,5.38793681428707e-10,6.03605779392172e-65,1630.28034699943,-1.30502851542397e-60,3.70246614641047e-68,-687215.483972677,"MPA"
"2190","Panulirus","MT_40",2062,34.320832349192,34.3208323490393,6.37903328088115e-05,5.39402849659185e-77,551.378125275023,-3.36633159830221e-72,9.78281305222896e-80,-413533.715801219,11.6058790008312,11.6058789969595,0.00472355246965409,7.33377332799022e-88,186.457866648333,-1.34120639288883e-82,3.93330635620391e-90,-248844.995044561,101.477701744012,101.477701744012,2.76189097393861e-10,2.35256988881978e-66,1630.28034699971,-5.08576480665912e-62,1.44304621787887e-69,-687215.483972677,"MPA"
"2191","Panulirus","MT_40",2063,34.3208363198471,34.3208363197444,4.5786249973243e-05,1.29591529672545e-78,551.37817106117,-8.08624539823618e-74,2.35032047396039e-81,-413533.715801219,11.6061730207258,11.6061730176241,0.00395170965652504,1.06992450639477e-89,186.461818354888,-1.95640587878249e-84,5.73815696666149e-92,-248844.995044561,101.477701744029,101.477701744029,1.41490771245769e-10,9.1702306841188e-68,1630.28034699985,-1.98219062080717e-63,5.62494095018397e-71,-687215.483972677,"MPA"
"2192","Panulirus","MT_40",2064,34.3208391698311,34.3208391697621,3.28636065245451e-05,3.11394327036518e-80,551.378203924707,-1.94272015774392e-75,5.64756356671834e-83,-413533.715801219,11.6064189968856,11.606418994402,0.00330595823185773,1.56108715914111e-91,186.465124310636,-2.85412903676168e-86,8.37215454097297e-94,-248844.995044561,101.477701744038,101.477701744038,7.25096709430962e-11,3.57488945092594e-69,1630.28034699992,-7.72650595379944e-65,2.19280656698382e-72,-687215.483972677,"MPA"
"2193","Panulirus","MT_40",2065,34.3208412154402,34.3208412153938,2.35882282073181e-05,7.48364282764307e-82,551.378227512889,-4.66814449534534e-77,1.35726127264015e-84,-413533.715801219,11.6066247779293,11.6066247759417,0.00276570841588052,2.27797371936792e-93,186.467890017065,-4.1642655059777e-88,1.22166208180922e-95,-248844.995044561,101.477701744042,101.477701744042,3.70487984089809e-11,1.39375346646016e-70,1630.28034699996,-3.01207304136711e-66,8.54916437547061e-74,-687215.483972677,"MPA"
"2194","Panulirus","MT_60",2015,14.1804894735257,14.1804894735257,40.4433400402863,0.566567126197965,267.692075214088,-89202.2302380624,0.00248695816513624,-549738.097823276,8.07397463592806,8.07397463592806,7.92229435237785,0.138266112495183,137.495698339883,-36686.0509221644,0.00106594967429367,-312300.538479153,21.5706495587423,21.5706495587423,136.74433869213,2.32352397128408,480.962029620846,-273723.456236053,0.00670489936371513,-1043252.25243904,"MPA"
"2195","Panulirus","MT_60",2016,16.6626412554185,16.6610306633926,42.6160433625475,0.0171314716271697,310.289376512983,-2290.07442734439,6.40037684330469e-05,-462825.942012558,8.55849577828718,8.55849527742538,7.55301398007638,0.00234718777518627,145.046364631322,-587.350888364419,1.7070999715755e-05,-276201.838445353,29.9377475057519,29.9376643878918,172.480329288452,0.12468970472007,653.317586086718,-10317.6090638788,0.000259311425430162,-779846.405266863,"MPA"
"2196","Panulirus","MT_60",2017,19.3141338310758,19.3124955130825,43.3221979286697,0.000512247438424262,353.609423876221,-58.9343886349754,1.65103057259581e-06,-460594.801973849,9.02849117711628,9.02848906523925,7.10342074180746,3.96645539044089e-05,152.149743596699,-9.40611935408065,2.73461396194399e-07,-275623.893676342,40.6661144305928,40.6657360715871,204.147682346678,0.00669408099668623,857.458195993394,-399.010266840333,1.02494018224976e-05,-769927.806469825,"MPA"
"2197","Panulirus","MT_60",2018,22.0106141351868,22.0090585117943,42.3295905637317,1.5092735294182e-05,395.937443723825,-1.52019803810344,4.26854951744665e-08,-460537.387783252,9.47064492898471,9.47064147777464,6.59830612264445,6.66680387694908e-07,158.748045601453,-0.150674137743468,4.38174184169916e-09,-275614.638231126,53.3729595839912,53.3721934148753,221.081325217862,0.000353495716672619,1078.53840154642,-15.770012898758,4.12386496652258e-07,-769544.566215883,"MPA"
"2198","Panulirus","MT_60",2019,24.6453451379958,24.6439303864414,39.6933850543267,4.37863223629036e-07,435.629413588734,-0.0393013624695577,1.10596655420432e-09,-460535.906886576,9.88135988613163,9.88135542692871,6.05775366790104,1.11485429177772e-08,164.805794799002,-0.00241424455837615,7.02279617215757e-11,-275614.489971233,67.1342192359932,67.1330727966979,214.255748056448,1.81463504036748e-05,1292.79298501722,-0.634463541258309,1.68294923425838e-08,-769529.430666526,"MPA"
"2199","Panulirus","MT_60",2020,27.1159937518964,27.1147613905923,35.7249885668064,1.25081228806039e-08,471.353169781728,-0.00101824576346127,2.87143655801204e-11,-460535.86860346,10.2584278348684,10.2584226902483,5.50097616925863,1.85548220133226e-10,170.306765823455,-3.86934093038714e-05,1.12586067017609e-12,-275614.487595682,80.4706142669179,80.4692298598288,182.67339066367,8.97646140170989e-07,1475.46499037616,-0.0258906476329405,6.94492350139075e-10,-769528.822093632,"MPA"
"2200","Panulirus","MT_60",2021,29.3396387113665,29.3386095153199,30.9150093389074,3.52076782318999e-10,502.267149924236,-2.64359452869256e-05,7.46981711202314e-13,-460535.86761165,10.6008388183225,10.6008332824579,4.94518993171389,3.07468678346292e-12,175.251950219301,-6.20304217463509e-07,1.80538277359979e-14,-275614.487557609,91.8411342581038,91.8397507740494,136.337445855174,4.26469145082493e-08,1611.80105270463,-0.00106834984756458,2.89082302290797e-11,-769528.797271334,"MPA"
"2201","Panulirus","MT_60",2022,31.263896500768,31.263070239755,25.8057659316987,9.7780411397788e-12,528.072089594912,-6.87689838909967e-07,1.94684582176554e-14,-460535.867585902,10.9086545557289,10.9086488818322,4.40478651623622,5.07487434240321e-14,179.656731061641,-9.94679629659839e-09,2.8957610559299e-16,-275614.487556998,100.327447851582,100.326283038819,90.112730470094,1.95241912486097e-09,1701.91261836001,-4.4468063417349e-05,1.21143478310855e-12,-769528.796247452,"MPA"
"2202","Panulirus","MT_60",2023,32.8701392407009,32.8694989825521,20.8681701747579,2.68413086732324e-13,548.939619511521,-1.79226969811294e-08,5.08301286284222e-16,-460535.867585232,11.1828325751041,11.1828269689182,3.89093325738075,8.34654728504867e-16,183.547658712836,-1.59540581064994e-10,4.64583332872332e-18,-275614.487556988,105.936492087497,105.935644275378,54.0981842543634,8.68535761467683e-11,1756.00995480217,-1.86343385831432e-06,5.10354219440184e-14,-769528.796204848,"MPA"
"2203","Panulirus","MT_60",2024,34.1690501801042,34.168568960044,16.4276545351522,7.29714930622504e-15,565.366792826613,-4.67933619301551e-10,1.32934112498288e-17,-460535.867585214,11.4250255184357,11.4250201369963,3.41155006546242,1.36841958646536e-17,186.959203396859,-2.55957127590066e-12,7.45539507965961e-20,-275614.487556988,109.303810710166,109.303259550282,30.3890199943084,3.79124256091091e-12,1786.39842363659,-7.85015057030779e-08,2.15906398598578e-15,-769528.796203063,"MPA"
"2204","Panulirus","MT_60",2025,35.191568667329,35.1912160239377,12.6504313164551,1.96861244614488e-16,578.016871499677,-1.22374965448102e-11,3.48205372148344e-19,-460535.867585214,11.6373790038769,11.6373739583115,2.97156734782071,2.23732523141455e-19,189.930765699114,-4.10742855673061e-14,1.19669223206363e-21,-275614.487556988,111.195357757588,111.19502735621,16.3834576387734,1.63721578576012e-13,1802.78155087398,-3.32098935821873e-09,9.1650096710519e-17,-769528.796202988,"MPA"
"2205","Panulirus","MT_60",2026,35.9789798098274,35.9787265939599,9.57263557760142,5.27975957337909e-18,587.589253861411,-3.20542999564663e-13,9.13434703031058e-21,-460535.867585214,11.8223455426548,11.8223409036341,2.5733584886319,3.64915921550029e-21,192.504119548725,-6.59292489003629e-16,1.92131098466499e-23,-275614.487556988,112.215134572349,112.214947236976,8.62761774360784,7.03326580293369e-15,1811.40898128222,-1.40971907611661e-10,3.90136381197452e-18,-769528.796202985,"MPA"
"2206","Panulirus","MT_60",2027,36.5748180434609,36.5746390926134,7.1458760864294,1.40991915294035e-19,594.734950996993,-8.40861206953697e-15,2.39951265213739e-22,-460535.867585214,11.9825253760885,11.9825211806519,2.21725050060736,5.93956605426139e-23,194.721365853896,-1.05849818629322e-17,3.08542387348694e-25,-275614.487556988,112.752153749078,112.752051490465,4.48559665199388,3.01536782488188e-16,1815.8944756756,-6.00087910865901e-12,1.66465774294411e-19,-769528.796202984,"MPA"
"2207","Panulirus","MT_60",2028,37.0196059132357,37.0194809777662,5.27941264119803,3.75366630466791e-21,600.014238702722,-2.20885319651254e-16,6.31152101653883e-24,-460535.867585214,12.1205390984911,12.1205353572195,1.90203843261192,9.65041604886456e-25,196.623400545236,-1.69982623442326e-19,4.95601433262018e-27,-275614.487556988,113.031355828073,113.031301467817,2.31637045884841,1.29242441417203e-17,1818.21079177419,-2.56048800749723e-13,7.11729697482895e-21,-769528.796202984,"MPA"
"2208","Panulirus","MT_60",2029,37.3482180959249,37.3481316676974,3.87030730943379,9.97319629687044e-23,603.884459583928,-5.80999320503078e-18,1.66216469741769e-25,-460535.867585214,12.2389322996787,12.2389290034932,1.62545433261937,1.56561320055933e-26,198.24885158167,-2.73035977991574e-21,7.96249871468896e-29,-275614.487556988,113.175536204553,113.175507855296,1.19196136835665,5.54270269983163e-19,1819.40272479329,-1.09474394093367e-14,3.04843964769752e-22,-769528.796202984,"MPA"
"2209","Panulirus","MT_60",2030,37.5891221349077,37.5890627514373,2.82102280034519,2.64643628993955e-24,606.705423000803,-1.53007958492816e-19,4.38236381009803e-27,-460535.867585214,12.340109398316,12.3401065244661,1.38456430153021,2.53673110629696e-28,199.63341300935,-4.38666708341125e-23,1.27956938419396e-30,-275614.487556988,113.249728734465,113.249714162502,0.612242096433507,2.37933839442883e-20,1820.01495231776,-4.68894237198984e-16,1.30775830013563e-23,-769528.796202984,"MPA"
"2210","Panulirus","MT_60",2031,37.7647145627839,37.7646739657244,2.04753439888835,7.01748673075681e-26,608.752916802632,-4.0341051157413e-21,1.15665618964915e-28,-460535.867585214,12.4262921900444,12.4262897070854,1.17608465108937,4.10589308511731e-30,200.809495177481,-7.04932311008376e-25,2.05671670684617e-32,-275614.487556988,113.287837175288,113.287829769753,0.314177934850151,1.02252006215535e-21,1820.32912284708,-2.01152156178688e-17,5.6181966099987e-25,-769528.796202984,"MPA"
"2211","Panulirus","MT_60",2032,37.8921619467428,37.8921342948372,1.48154421776396,1.86024987702143e-27,610.23443336849,-1.06473666177011e-22,3.05583996118641e-30,-460535.867585214,12.4994980749731,12.4994959466975,0.996619847002601,6.63993737910822e-32,201.806112896208,-1.1330696022847e-26,3.30658581023718e-34,-275614.487556988,113.307392893621,113.307389164709,0.16114549275239,4.39926667880318e-23,1820.49026461092,-8.64159872663324e-19,2.41674258847463e-26,-769528.796202984,"MPA"
"2212","Panulirus","MT_60",2033,37.9843797646633,37.9843609807362,1.06960441382997,4.93122343055633e-29,611.304018998393,-2.81298816993536e-24,8.08087189291734e-32,-460535.867585214,12.5615330960049,12.5615312844022,0.84283152421104,1.07303177278366e-33,202.648942608816,-1.82163209577987e-28,5.31714265526221e-36,-275614.487556988,113.317423251823,113.317421388619,0.0826328486274402,1.89482657256894e-24,1820.57289559634,-3.7172993448199e-20,1.04083315129291e-27,-769528.796202984,"MPA"
"2213","Panulirus","MT_60",2034,38.0509567136775,38.0509439788927,0.770948976183104,1.30742532304116e-30,612.074955239791,-7.43866623152944e-26,2.13874894496004e-33,-460535.867585214,12.613995497551,12.6139939649253,0.711550676537621,1.73305690012353e-35,203.360491752728,-2.92926144141088e-30,8.55201627666593e-38,-275614.487556988,113.322566663206,113.322565738317,0.0423673961792894,8.16990124546994e-26,1820.61526206763,-1.60095175445606e-21,4.48754419891831e-29,-769528.796202984,"MPA"
"2214","Panulirus","MT_60",2035,38.0989440663511,38.0989354451653,0.555031832010807,3.46748299800467e-32,612.629978450616,-1.9687761303304e-27,5.66512949660219e-35,-460535.867585214,12.6582862675005,12.6582849778956,0.599845442027249,2.79779224739531e-37,203.96033590515,-4.71137263966046e-32,1.37577974319344e-39,-275614.487556988,113.32520378764,113.325203331123,0.0217211184918261,3.52610976972157e-27,1820.63698272961,-6.90249119203815e-23,1.93676822389256e-30,-769528.796202984,"MPA"
"2215","Panulirus","MT_60",2036,38.1334917930367,38.1334859629495,0.399247474343755,9.19989179352645e-34,613.029220094873,-5.21490180920772e-29,1.5017047277793e-36,-460535.867585214,12.6956238984818,12.6956228185651,0.505055797903809,4.51506150359419e-39,204.465390623137,-7.57926515196907e-34,2.21369598636298e-41,-275614.487556988,113.326555802256,113.326555578036,0.0111357052720624,1.52327814277506e-28,1820.64811821066,-2.97902926838095e-24,8.36673186750925e-32,-769528.796202984,"MPA"
"2216","Panulirus","MT_60",2037,38.1583428099641,38.158338870549,0.28701289739553,2.44198484784698e-35,613.316229052853,-1.38235845859549e-30,3.98347263290029e-38,-460535.867585214,12.7270613086982,12.7270604082353,0.424804716603122,7.28440348073921e-41,204.890194439278,-1.21953856623117e-35,3.56265860198545e-43,-275614.487556988,113.327248936432,113.327248826785,0.00570880825860091,6.58628000249175e-30,1820.65382690927,-1.28692420270038e-25,3.61754692926822e-33,-769528.796202984,"MPA"
"2217","Panulirus","MT_60",2038,38.1762078412695,38.1762051810373,0.206238577203477,6.48493542131388e-37,613.522464969824,-3.66688967455688e-32,1.05735599265461e-39,-460535.867585214,12.7535034571504,12.7535027091855,0.356993412509756,1.17499831761109e-42,205.247187103823,-1.96268787549164e-37,5.73477108451541e-45,-275614.487556988,113.327604277534,113.327604224123,0.00292663783138224,2.85005432194364e-31,1820.65675349369,-5.56430965248307e-27,1.56540155034185e-34,-769528.796202984,"MPA"
"2218","Panulirus","MT_60",2039,38.1890451099699,38.1890433144224,0.148149848369686,1.72295615067772e-38,613.670613022647,-9.73323367811354e-34,2.80830178748947e-41,-460535.867585214,12.7757246629719,12.7757240438048,0.299786508801423,1.89504403004769e-44,205.546972993457,-3.1593131464489e-39,9.23298445645737e-47,-275614.487556988,113.3277864444,113.327786418471,0.00150034161258059,1.23422337778123e-32,1820.65825380938,-2.40781367002956e-28,6.77900090544072e-36,-769528.796202984,"MPA"
"2219","Panulirus","MT_60",2040,38.1982666674436,38.1982654559951,0.106398106056181,4.57980808236383e-40,613.777009917254,-2.58511360513971e-35,7.46297465326122e-43,-460535.867585214,12.7943850014538,12.7943844904842,0.251591407568599,3.05605964473038e-46,205.798563890056,-5.08649145294111e-41,1.4867938337556e-48,-275614.487556988,113.327879832379,113.327879819831,0.000769148014986311,5.34858841445405e-34,1820.65902294484,-1.04270824554325e-29,2.9377223340934e-37,-769528.796202984,"MPA"
"2220","Panulirus","MT_60",2041,38.204889400986,38.2048885838902,0.0764004123451234,1.21792419854768e-41,613.853409512504,-6.86985829378425e-37,1.98431059628328e-44,-460535.867585214,12.8100454159424,12.8100449954359,0.211034893714699,4.92813792272755e-48,206.009598363264,-8.19080624363588e-43,2.39464159834066e-50,-275614.487556988,113.327927707642,113.327927701586,0.00039430181682142,2.31935819065515e-35,1820.65941724061,-4.51864123170266e-31,1.27391134832283e-38,-769528.796202984,"MPA"
"2221","Panulirus","MT_60",2042,38.2096449360413,38.2096443850794,0.0548537813198148,3.24031041944728e-43,613.908262742862,-1.82660832090211e-38,5.27863886529464e-46,-460535.867585214,12.8231813734293,12.8231810282421,0.176939031870766,7.9468930416465e-50,206.186537049948,-1.31921676319705e-44,3.85753539135881e-52,-275614.487556988,113.327952250799,113.327952247884,0.00020213753912683,1.0063741195377e-36,1820.65961937523,-1.95945963868697e-32,5.5275254120988e-40,-769528.796202984,"MPA"
"2222","Panulirus","MT_60",2043,38.2130593056987,38.2130589342788,0.0393804645491383,8.62459367610793e-45,613.947642835991,-4.85912093654225e-40,1.4048668635904e-47,-460535.867585214,12.834195019829,12.8341947371194,0.148297688992395,1.28149745624983e-51,206.334834456231,-2.1251291947795e-46,6.21523349984098e-54,-275614.487556988,113.327964832781,113.327964831381,0.000103625025017899,4.36913120826243e-38,1820.65972299885,-8.50213239749348e-34,2.39975180522785e-41,-769528.796202984,"MPA"
"2223","Panulirus","MT_60",2044,38.2155105413727,38.2155102910417,0.0282701942276061,2.29650842370631e-46,613.975912779887,-1.29321552472283e-41,3.74056072132921e-49,-460535.867585214,12.8434258738915,12.8434256428348,0.12425448880417,2.06658930985875e-53,206.459088713978,-3.42399154065879e-48,1.00157074101757e-55,-275614.487556988,113.327971282891,113.327971282219,5.31229124625866e-05,1.89782819419502e-39,1820.6597761211,-3.6911648608296e-35,1.04238489500754e-42,-769528.796202984,"MPA"
"2224","Panulirus","MT_60",2045,38.2172702196639,38.2172700509784,0.0202935412958049,6.11739220979179e-48,613.996206152498,-3.44328077566462e-43,9.96357040576206e-51,-460535.867585214,12.8511601488776,12.8511599603973,0.104082634276592,3.33284400494347e-55,206.563171159774,-5.51768251855719e-50,1.61428787275991e-57,-275614.487556988,113.327974589514,113.327974589193,2.72332021154995e-05,8.24761158063576e-41,1820.65980335398,-1.60333851503422e-36,4.53001252008882e-44,-769528.796202984,"MPA"
"2225","Panulirus","MT_60",2046,38.2185333918642,38.2185332782167,0.0145671063086851,1.63014063578678e-49,614.010773145159,-9.17171844487525e-45,2.65496858738597e-52,-460535.867585214,12.8576388182738,12.8576386647937,0.0871667826834413,5.37535239769955e-57,206.650337788978,-8.89315647216723e-52,2.60228016508595e-59,-275614.487556988,113.32797628464,113.327976284486,1.39609564941149e-05,3.58586057728313e-42,1820.65981731478,-6.96781350321526e-38,1.96953904879993e-45,-769528.796202984,"MPA"
"2226","Panulirus","MT_60",2047,38.219440122378,38.2194400458243,0.0104563222273653,4.34546352529933e-51,614.021229390833,-2.44396566982109e-46,7.07717799579488e-54,-460535.867585214,12.8630645533117,12.8630644285338,0.0729869931051188,8.67032739129059e-59,206.723324657305,-1.43360297132971e-53,4.19565122768749e-61,-275614.487556988,113.327977153637,113.327977153564,7.15700460225097e-06,1.55968866410414e-43,1820.65982447171,-3.02943550783085e-39,8.56661222086528e-47,-769528.796202984,"MPA"
"2227","Panulirus","MT_60",2048,38.2200909771722,38.2200909256138,0.00750546468621086,1.15875494953307e-52,614.02873480396,-6.51472110376352e-48,1.88715779748148e-55,-460535.867585214,12.8676076612925,12.86760756,0.0611046638277089,1.39863698527473e-60,206.78442921984,-2.31139478710906e-55,6.76574350334361e-63,-275614.487556988,113.327977599125,113.32797759909,3.66899482270804e-06,6.78653581259322e-45,1820.65982814067,-1.31766868290626e-40,3.72751445458163e-48,-769528.796202984,"MPA"
"2228","Panulirus","MT_60",2049,38.2205581557629,38.220558121044,0.0053872997611676,3.09089415012862e-54,614.034122069003,-1.73717640667976e-49,5.03379398596283e-57,-460535.867585214,12.8714111485783,12.8714110664638,0.0511503181521174,2.25641463679287e-62,206.835579455878,-3.7272644165521e-57,1.09119175575482e-64,-275614.487556988,113.327977827501,113.327977827484,1.88088654429953e-06,2.95400626285369e-46,1820.65983002154,-5.7334555775896e-42,1.6224921411435e-49,-769528.796202984,"MPA"
"2229","Panulirus","MT_60",2050,38.2208934890546,38.2208934656789,0.00386688306079796,8.24720362380098e-56,614.037988928688,-4.63373445221319e-51,1.34311813162951e-58,-460535.867585214,12.8745950233066,12.8745949568237,0.0428130677524748,3.6406577716326e-64,206.878392457147,-6.01140082309621e-59,1.76016998148285e-66,-275614.487556988,113.327977944577,113.327977944569,9.64223713155673e-07,1.28622194929004e-47,1820.65983098576,-2.49562724157776e-43,7.06459234218872e-51,-769528.796202984,"MPA"
"2230","Panulirus","MT_60",2051,38.2211341838741,38.2211341681378,0.00277554513590245,2.20116612403167e-57,614.040764458088,-1.23637414522934e-52,3.58473932303716e-60,-460535.867585214,12.8772599422462,12.8772598884829,0.0358315728263561,5.87475647776187e-66,206.914223976211,-9.69681627545339e-61,2.83971487762612e-68,-275614.487556988,113.327978004595,113.327978004591,4.94302395465163e-07,5.60209785782117e-49,1820.65983148006,-1.08663633263435e-44,3.07696021106157e-52,-769528.796202984,"MPA"
"2231","Panulirus","MT_60",2052,38.2213069482364,38.2213069376444,0.00199220322288971,5.87646758720375e-59,614.042756650719,-3.29984302953252e-54,9.57015873962903e-62,-460535.867585214,12.8794902949651,12.8794902515357,0.0299863207099547,9.48091873185935e-68,206.944210253491,-1.5644051940575e-62,4.58205268068634e-70,-275614.487556988,113.327978035363,113.327978035361,2.53400460650106e-07,2.44065025344749e-50,1820.65983173345,-4.73280919472467e-46,1.34053062040889e-53,-769528.796202984,"MPA"
"2232","Panulirus","MT_60",2053,38.2214309533684,38.2214309462399,0.00142993928002214,1.56924812904311e-60,614.04418658287,-8.80957266396156e-56,2.55560074973333e-63,-460535.867585214,12.8813568073768,12.8813567723309,0.0250930544217325,1.53025058064147e-69,206.969303272867,-2.52426271855755e-64,7.3945078271111e-72,-275614.487556988,113.327978051136,113.327978051135,1.29903818829138e-07,1.06358215914321e-51,1820.65983186336,-2.06192970038171e-47,5.84174012413166e-55,-769528.796202984,"MPA"
"2233","Panulirus","MT_60",2054,38.2215199602859,38.221519955489,0.00102636195626729,4.19153768538623e-62,614.045212940029,-2.35249498845795e-57,6.8261173664087e-65,-460535.867585214,12.8829187362443,12.8829187079906,0.0209971963724349,2.47017041365766e-71,206.990300440986,-4.07365004030681e-66,1.19349602909854e-73,-275614.487556988,113.327978059222,113.327978059221,6.65941986542387e-08,4.63594654157341e-53,1820.65983192995,-8.98544000448424e-49,2.54630022612667e-56,-769528.796202984,"MPA"
"2234","Panulirus","MT_60",2055,38.2215838464549,38.2215838432273,0.000736686581037086,1.11984192389066e-63,614.045949623383,-6.28361330729869e-59,1.82371248950426e-66,-460535.867585214,12.8842257165853,12.8842256938278,0.0175691280030229,3.98789636892883e-73,207.007869546231,-6.57499453387545e-68,1.92661026310338e-75,-275614.487556988,113.327978063367,113.327978063367,3.41389634941889e-08,2.02115477013192e-54,1820.65983196409,-3.91657749730287e-50,1.11012212972779e-57,-769528.796202984,"MPA"
"2235","Panulirus","MT_60",2056,38.2216297017176,38.2216296995462,0.000528767108171658,2.99252043131089e-65,614.04647838832,-1.67877337063757e-60,4.87344706575525e-68,-460535.867585214,12.885319315257,12.8853192969419,0.0147002019528284,6.43892691583517e-75,207.022569729869,-1.06137356153449e-69,3.11047446348547e-77,-275614.487556988,113.327978065492,113.327978065492,1.75009740043446e-08,8.81347144088652e-56,1820.65983198159,-1.70752816495782e-51,4.84081171350868e-59,-769528.796202984,"MPA"
"2236","Panulirus","MT_60",2057,38.2216626149835,38.2216626135228,0.000379529646825486,7.99853355853392e-67,614.046857916506,-4.48613101029047e-62,1.30259415862761e-69,-460535.867585214,12.8862343363167,12.8862343215883,0.0122993786419686,1.03976620806294e-76,207.034869093782,-1.71356671532064e-71,5.02247754871791e-79,-275614.487556988,113.327978066581,113.327978066581,8.97168034910526e-09,3.84391506169883e-57,1820.65983199056,-7.44586754981688e-53,2.11127581010844e-60,-769528.796202984,"MPA"
"2237","Panulirus","MT_60",2058,38.2216862389253,38.2216862379428,0.000272412281712139,2.13831929625057e-68,614.047130327805,-1.19907079483024e-63,3.48233895951043e-71,-460535.867585214,12.8869999170251,12.8869999051897,0.0102903933757418,1.67923002204232e-78,207.045159475323,-2.76689301054035e-73,8.110856060169e-81,-275614.487556988,113.32797806714,113.32797806714,4.59920536785916e-09,1.67677007785791e-58,1820.65983199516,-3.24744711704671e-54,9.20968348065693e-62,-769528.796202984,"MPA"
"2238","Panulirus","MT_60",2059,38.2217031953173,38.2217031946565,0.000195527315996865,5.71768261008232e-70,614.04732585446,-3.2055808904809e-65,9.31147191762795e-73,-460535.867585214,12.8876404475147,12.8876404380107,0.00860937299640307,2.7122926404166e-80,207.053768838815,-4.46828682909502e-75,1.3100005081345e-82,-275614.487556988,113.327978067426,113.327978067426,2.35773626593142e-09,7.31543734223489e-60,1820.65983199752,-1.41658233021842e-55,4.01801435593727e-63,-769528.796202984,"MPA"
"2239","Panulirus","MT_60",2060,38.2217153659821,38.2217153655377,0.000140342117439516,1.52914778321459e-71,614.047466196133,-8.57144487736809e-67,2.4902767569229e-74,-460535.867585214,12.8881763421062,12.8881763344793,0.00720283263377839,4.38141335325229e-82,207.060971663822,-7.21681882740497e-77,2.11607515227104e-84,-275614.487556988,113.327978067573,113.327978067573,1.20869030740509e-09,3.19204257473121e-61,1820.65983199873,-6.18028638132815e-57,1.75323392027004e-64,-769528.796202984,"MPA"
"2240","Panulirus","MT_60",2061,38.2217241016271,38.2217241013283,0.000100732237547438,4.0903234776004e-73,614.047566928072,-2.29236259715821e-68,6.66124966357893e-76,-460535.867585214,12.8886246859319,12.8886246798151,0.00602599325564576,7.07852233717338e-84,207.066997650961,-1.16574998169541e-78,3.41856907245488e-86,-275614.487556988,113.327978067648,113.327978067648,6.19587535873797e-10,1.39300808444278e-62,1820.65983199935,-2.69672698025987e-58,7.65111669934261e-66,-769528.796202984,"MPA"
"2241","Panulirus","MT_60",2062,38.2217303717423,38.2217303715414,7.23017544729771e-05,1.09431334329157e-74,614.047639229625,-6.13184841210266e-70,1.78213122603788e-77,-460535.867585214,12.8889997768338,12.8889997719309,0.00504136956707635,1.14372333338307e-85,207.072039015625,-1.88329642286999e-80,5.52344577608375e-88,-275614.487556988,113.327978067687,113.327978067687,3.17593729325833e-10,6.07981767810399e-64,1820.65983199967,-1.17685224964482e-59,3.33934849950936e-67,-769528.796202984,"MPA"
"2242","Panulirus","MT_60",2063,38.2217348721925,38.2217348720574,5.18954295377329e-05,2.92818718559623e-76,614.04769112492,-1.64049676557293e-71,4.76866451156149e-79,-460535.867585214,12.8893135793652,12.8893135754374,0.00421758546125491,1.84819840515258e-87,207.076256597159,-3.04287709307894e-82,8.9253885466104e-90,-275614.487556988,113.327978067706,113.327978067706,1.62742103440055e-10,2.65384268128999e-65,1820.65983199983,-5.13640027779645e-61,1.45762686397888e-68,-769528.796202984,"MPA"
"2243","Panulirus","MT_60",2064,38.2217381024438,38.221738102353,3.72485457102448e-05,7.83657889267922e-78,614.047728373375,-4.38967601971656e-73,1.2762166531941e-80,-460535.867585214,12.88957610506,12.8895761019151,0.00352838080359904,2.98692716014965e-89,207.079784974817,-4.91701396699559e-84,1.44242860552311e-91,-275614.487556988,113.327978067716,113.327978067716,8.34398072722389e-11,1.15852010420382e-66,1820.65983199991,-2.24204063462221e-62,6.3631881356513e-70,-769528.796202984,"MPA"
"2244","Panulirus","MT_60",2065,38.2217404209945,38.2217404209334,2.67355719156276e-05,2.09759823804135e-79,614.047755108885,-1.17478963443644e-74,3.41601823623686e-82,-460535.867585214,12.8897957308786,12.8897957283616,0.00295177895914223,4.8277888313603e-91,207.082736751259,-7.94636725446133e-86,2.33136654660386e-93,-275614.487556988,113.327978067722,113.327978067722,4.27542814122235e-11,5.05792228154731e-68,1820.65983199995,-9.78750235635259e-64,2.77807100077087e-71,-769528.796202984,"MPA"
"2245","Scomberomorus","MT",2015,6346.022352,6346.022352,2805.01659243826,3189.58596474412,5961.45297969413,-2015150.81666958,0.502611839011078,-4466767.21234688,464.5555675,464.5555675,183.148470173655,90.0818439151663,557.622193758488,-668908.92653669,0.193909728388233,-2100860.24560593,11675.89791,11675.89791,7352.08413253154,117684.092789782,0,-48666546.555155,10.0792327662431,-52812092.6565602,"MPA"
"2246","Scomberomorus","MT",2016,5961.45297969413,5815.98632367268,2670.35927365516,4179.67130855073,4306.67428877711,-2881742.72490104,0.719734258618467,-5333359.12057833,557.622193758488,557.618038686965,218.360256240231,104.99795708489,670.980337842306,-649440.426656265,0.188309697852179,-2081391.7457255,0,0,0,0,0,-97730639.7702082,20.418066553523,-101876185.871613,"MPA"
"2247","Scomberomorus","MT",2017,4306.67428877711,4055.92394417355,2050.41869423297,4176.52277774384,1929.81986066269,-4126769.70316612,1.0320366388112,-6578386.09884342,670.980337842306,670.74979161827,260.582156877772,122.702830995823,808.629117500219,-630681.898151799,0.182912808277262,-2062633.21722104,0,0,0,0,0,-197978432.825723,41.7047299247509,-202123978.927128,"MPA"
"2248","Scomberomorus","MT",2018,1929.81986066269,1613.82609783938,987.951026069854,2408.29515901552,240.791148623238,-5917723.12961881,1.48179357323156,-8369339.52529611,808.629117500219,807.790281069296,310.866206228519,143.636583605209,975.019903692606,-612603.281921034,0.177710512492739,-2044554.60099027,0,0,0,0,0,-404378987.12293,85.8321903067534,-408524533.224335,"MPA"
"2249","Scomberomorus","MT",2019,240.791148623238,5.66907437054798,116.460884696277,53.6526139905574,102.587079578586,-8496919.52901479,2.13027596912679,-10948535.9246921,975.019903692606,973.326864224186,370.207160263995,168.255939657539,1175.27808483064,-595175.886148629,0.172694652928816,-2027127.20521787,0,0,0,0,0,-832249345.371941,177.871913330697,-836394891.473346,"MPA"
"2250","Scomberomorus","MT",2020,102.587079578586,2.83453718527399,53.6304938413334,13.2651059190448,53.0742142770522,-12215461.1117925,3.0663746210751,-14667077.5074698,1175.27808483064,1172.44801843734,439.532290795124,197.066187151865,1414.9141220806,-578372.316994676,0.167857443222649,-2010323.63606391,0,0,0,0,0,-1724688405.36951,370.898514661945,-1728833951.47092,"MPA"
"2251","Scomberomorus","MT",2021,53.0742142770522,0.726731064482094,28.8181554056957,5.52937899219707,28.5473104741266,-17583253.4155353,4.41916160591394,-20034869.8112126,1414.9141220806,1410.63790085902,519.482405878727,230.564384219431,1699.55592251831,-562166.425123115,0.163191450654499,-1994117.74419235,0,0,0,0,0,-3596320272.42513,777.681473310757,-3600465818.52653,"MPA"
"2252","Scomberomorus","MT",2022,28.5473104741266,0.996752417966933,15.7914217490667,3.69754675525673,16.0505093439991,-25340426.1117323,6.37622282484995,-27792042.5074096,1699.55592251831,1693.48759891872,610.190951515963,269.195058360922,2034.48349207376,-546533.2532103,0.15868957938879,-1978484.57227954,0,0,0,0,0,-7540584654.28488,1638.6009222815,-7544730200.38628,"MPA"
"2253","Scomberomorus","MT",2023,16.0505093439991,0.258236488573532,8.96849779612787,3.93319375834321,8.87475447262128,-36562637.4920007,9.21041556628113,-39014253.887678,2034.48349207376,2026.24967920717,711.004650591628,313.282936326634,2423.97139347217,-531448.989423893,0.154345054462345,-1963400.30849313,0,0,0,0,0,-15888264531.3006,3467.50700443287,-15892410077.402,"MPA"
"2254","Scomberomorus","MT",2024,8.87475447262128,0.445811687149709,4.98497162700288,2.83366134532228,5.12521274559544,-52814510.4543324,13.3189514684658,-55266126.8500097,2423.97139347217,2413.18717459934,820.191693509587,362.948532991471,2870.43033511746,-516890.925842363,0.150151406470884,-1948842.2449116,0,0,0,0,0,-33621773185.5413,7365.57455957017,-33625918731.6427,"MPA"
"2255","Scomberomorus","MT",2025,5.12521274559544,0.115835732827048,2.88765118759629,3.57994317599336,2.84591447716445,-76373741.9681828,19.2805176439179,-78825358.3638601,2870.43033511746,2856.7257727498,934.701962825898,418.009403345656,3373.41833223004,-502837.421246886,0.146102456910636,-1934788.74031613,0,0,0,0,0,-71418363944.6071,15697.7933120258,-71422509490.7085,"MPA"
"2256","Scomberomorus","MT",2026,2.84591447716445,0.211316252800262,1.60600188481771,2.73980250965473,1.67486840841395,-110558649.138959,27.9388097867163,-113010265.534636,3373.41833223004,3356.47329615042,1050.08615284214,477.880696710421,3928.67875228214,-489267.866189485,0.142192304146757,-1921219.18525872,0,0,0,0,0,-152209540045.835,33553.3081242371,-152213685591.937,"MPA"
"2257","Scomberomorus","MT",2027,1.67486840841395,0.0549497782192371,0.946073773914751,3.47784778657932,0.926314937638809,-160207164.882335,40.5247577665629,-162658781.278012,3928.67875228214,3908.26250106387,1160.69682824563,541.497853736333,4527.46147557317,-476162.6469798,0.138415310001658,-1908113.96604904,0,0,0,0,0,-325340861297.608,71902.1591701141,-325345006843.71,"MPA"
"2258","Scomberomorus","MT",2028,0.926314937638809,0.101699914780621,0.523499739398379,2.80246156765365,0.556933604127411,-232377707.001884,58.8354605087205,-234829323.397561,4527.46147557317,4503.46954537137,1260.26219035725,607.292650864983,5156.43908486364,-463503.104115624,0.134766086982521,-1895454.42318486,0,0,0,0,0,-697180448108.037,154427.443257541,-697184593654.138,"MPA"
"2259","Scomberomorus","MT",2029,0.556933604127411,0.0264510954934939,0.314844698826997,3.4554194070854,0.305338434679479,-337375228.346047,85.4962736539845,-339826844.741724,5156.43908486364,5128.91785977717,1342.8164081108,673.254148810428,5798.48011907754,-451271.480727519,0.131239486190591,-1883222.79979676,0,0,0,0,0,-1497365243730,332328.743744547,-1497369389276.1,"MPA"
"2260","Scomberomorus","MT",2030,0.305338434679479,0.0491396356886017,0.172639498813612,2.91067258335056,0.188830434861942,-490254084.998248,124.344875728046,-492705701.393926,5798.48011907754,5767.63011073138,1403.80368074962,737.092473235312,6434.34131824568,-439450.858639187,0.127830585963472,-1871402.17770843,0,0,0,0,0,-3222338593961.25,716429.809769083,-3222342739507.36,"MPA"
"2261","Scomberomorus","MT",2031,0.188830434861942,0.0127813992352325,0.106776204201561,3.47108266415443,0.102183309825186,-713020353.679505,180.994339730036,-715471970.075182,6434.34131824568,6400.49523321476,1441.02188732281,796.493841864397,7045.02327867317,-428025.083890845,0.124534681284095,-1859976.40296008,0,0,0,0,0,-6946673946620.12,1546883.0747077,-6946678092166.22,"MPA"
"2262","Scomberomorus","MT",2032,0.102183309825186,0.0237678605754889,0.057783316954815,3.03675134358927,0.0656190843448817,-1037860606.58774,263.65899923434,-1040312222.98341,7045.02327867317,7008.60310533471,1455.04854351672,849.418126796382,7614.23352205505,-416978.68880816,0.121347273943338,-1848930.0078774,0,0,0,0,0,-14998946452274.4,3344625.60819002,-14998950597820.5,"MPA"
"2263","Scomberomorus","MT",2033,0.0656190843448817,0.00618219376292625,0.0371079455128871,3.51364180615432,0.0348864966929847,-1511877605.11288,384.366260222772,-1514329221.50855,7614.23352205505,7575.69829546385,1448.96159590117,894.363757543299,8130.29613382173,-406296.821308401,0.118264063380354,-1838248.14037764,0,0,0,0,0,-32430285921660.4,7240728.70221272,-32430290067206.5,"MPA"
"2264","Scomberomorus","MT",2034,0.0348864966929847,0.0114990985483537,0.0197287746568292,3.17364932341691,0.0235203539915714,-2204039091.106,560.735419739681,-2206490707.50168,8130.29613382173,8090.09440169492,1427.46314366443,930.527370874518,8587.03017448483,-395965.191534967,0.115280938071628,-1827916.51060421,0,0,0,0,0,-70207828798215.1,15693116.3112407,-70207832943761.2,"MPA"
"2265","Scomberomorus","MT",2035,0.0235203539915714,0.00299101011604449,0.0133012128477074,3.5796759953761,0.0122264609872028,-3215377916.33558,818.58977338989,-3217829532.73125,8587.03017448483,8545.5672264139,1395.75786843146,957.82088549941,8983.50420934596,-385970.040686788,0.112393967321866,-1817921.35975603,0,0,0,0,0,-152164190733091,34047334.7648371,-152164194878638,"MPA"
"2266","Scomberomorus","MT",2036,0.0122264609872028,0.00556374682148416,0.00691432730246938,3.31983900494817,0.00874892337056083,-4693970431.19903,1195.79373761901,-4696422047.59471,8983.50420934596,8941.12679550032,1358.5815033101,976.75921493439,9322.94908387602,-376298.129636668,0.109599393334818,-1808249.44870591,0,0,0,0,0,-330131061183761,73937566.0504636,-330131065329307,"MPA"
"2267","Scomberomorus","MT",2037,0.00874892337056083,0.00144717765876271,0.00494772196765289,3.66789259934189,0.00442771224554359,-6856939371.50842,1747.89141020633,-6859390987.9041,9322.94908387602,9279.94419282532,1319.62194150615,988.270698908836,9611.29543542264,-366936.739480726,0.106893623495125,-1798888.05854997,0,0,0,0,0,-716916237649028,160702111.680025,-716916241794574,"MPA"
"2268","Scomberomorus","MT",2038,0.00442771224554359,0.00269202219808973,0.0025039784409117,3.47530547737525,0.00339165765876412,-10022786581.7511,2556.39499565303,-10025238198.1468,9611.29543542264,9567.89723543721,1281.35881088342,993.492772149964,9855.76327417066,-357873.674864246,0.104273222847598,-1789824.99393348,0,0,0,0,0,-1558205922132525,349561078.624206,-1558205926278071,"MPA"
"2269","Scomberomorus","MT",2039,0.00339165765876412,0.000700217936538923,0.0019180666488974,3.77768141261993,0.00166645963677013,-14658920634.6863,3740.97219129388,-14661372251.082,9855.76327417066,9812.16302638521,1245.19869502354,993.600193988413,10063.7615274203,-349097.263293989,0.10173490679759,-1781048.58236323,0,0,0,0,0,-3389427414269483,760928558.401755,-3389427418415029,"MPA"
"2270","Scomberomorus","MT",2040,0.00166645963677013,0.0013025425138466,0.000942424653388554,3.64046984035661,0.00137193183817846,-21451541934.0077,5477.3719557292,-21453993550.4034,10063.7615274203,10020.1172602287,1211.74533170391,989.687494777091,10242.1750971555,-340596.347438761,0.0992755340696077,-1772547.666508,0,0,0,0,0,-7378144404114641,1657529696.52459,-7378144408260188,"MPA"
"2271","Scomberomorus","MT",2041,0.00137193183817846,0.000338802439521523,0.000775862088551874,3.90873513119126,0.000654121317270483,-31408432938.995,8023.79801926688,-31410884555.3907,10242.1750971555,10198.6196365066,1181.0818189035,982.705425234916,10396.9960301752,-332360.270584232,0.0968920999566179,-1764311.58965347,0,0,0,0,0,-16071802431431146,3612893780.81138,-16071802435576690,"MPA"
"2272","Scomberomorus","MT",2042,0.000654121317270483,0.000630239606856298,0.000369922158931867,3.81590060260768,0.00057774080108382,-46010189565.7152,11759.7217437935,-46012641182.1108,10396.9960301752,10353.6431017427,1153.00086875578,973.439281749081,10533.2046887494,-324378.857088291,0.0945817298793758,-1756330.17615753,0,0,0,0,0,-35031477971523304,7879659414.91442,-35031477975668852,"MPA"
"2273","Scomberomorus","MT",2043,0.00057774080108382,0.000163930710470445,0.000326727082007963,4.06094405485904,0.000267822393679699,-67432782501.9708,17243.0162770774,-67435234118.3665,10533.2046887494,10490.1533244467,1127.16561782952,962.514047450368,10654.8048948258,-316642.390053857,0.0923416732611674,-1748593.7091231,0,0,0,0,0,-76403053054797776,17194984599.4042,-76403053058943312,"MPA"
"2274","Scomberomorus","MT",2044,0.000267822393679699,0.000304943661708169,0.000151460364649486,4.00223759486166,0.000252014166052118,-98875176779.2145,25294.0812702334,-98877628395.6102,10654.8048948258,10612.1425275053,1103.20865531302,950.413509548587,10764.9376732697,-309141.588069878,0.0901692977125802,-1741092.90713912,0,0,0,0,0,-166726663101463296,37542522200.8315,-166726663105608832,"MPA"
"2275","Scomberomorus","MT",2045,0.000252014166052118,7.9318454093822e-05,0.000142520415857566,4.23436272136824,0.000114019173116413,-145041721058.346,37119.7381023855,-145044172674.741,10764.9376732697,10722.7422857188,1080.7855294755,937.504440816698,10866.0233743776,-301867.582273397,0.0880620835141755,-1733818.90134264,0,0,0,0,0,-364021230421696384,82008507266.571,-364021230425841920,"MPA"
"2276","Scomberomorus","MT",2046,0.000114019173116413,0.000147548080384201,6.44807410713362e-05,4.20017335357462,0.000113134059223762,-212852589587.629,54495.7389231915,-212855041204.025,10866.0233743776,10824.3649947495,1059.59864332315,924.060592672484,10959.9030454001,-294811.894440294,0.0860176183815953,-1726763.21350953,0,0,0,0,0,-795174004573476096,179223833143.172,-795174004577621632,"MPA"
"2277","Scomberomorus","MT",2047,0.000113134059223762,3.83785174860309e-05,6.39801874573155e-05,4.42919632051272,5.01897590428801e-05,-312490328442.062,80035.6779559714,-312492780058.458,10959.9030454001,10918.8448026991,1039.40379164774,910.28392322858,11047.9646711183,-287966.416419382,0.0840335924966096,-1719917.73548862,0,0,0,0,0,-1737796941629707776,391852427486.403,-1737796941633852928,"MPA"
"2278","Scomberomorus","MT",2048,5.01897590428801e-05,7.13916673923404e-05,2.8383585203703e-05,4.41045016505317,5.1924667766981e-05,-458941850973.053,117587.292152244,-458944302589.448,11047.9646711183,11007.5635593785,1020.00759992425,896.322158216713,11131.249001086,-281323.390982325,0.082107793787928,-1713274.71005156,0,0,0,0,0,-3799494398225857536,857094282056.666,-3.79949439823e+18,"MPA"
"2279","Scomberomorus","MT",2049,5.1924667766981e-05,1.85695832097412e-05,2.93647203347963e-05,4.64579328351043,2.26921720665033e-05,-674270911292.319,172816.616072407,-674273362908.715,11131.249001086,11091.5564525799,1001.26093024543,882.282696738889,11210.5346860865,-274875.394032784,0.0802381034465638,-1706826.71310202,0,0,0,0,0,-8310590148222854144,1875443567475.84,-8.310590148227e+18,"MPA"
"2280","Scomberomorus","MT",2050,2.26921720665033e-05,3.45431142628355e-05,1.28330005128451e-05,4.63386149289226,2.42234377508016e-05,-990967774432.196,254069.204341264,-990970226048.592,11210.5346860865,11171.5970199246,983.051109482705,868.243294950378,11286.4048344569,-268615.318061553,0.0784224916617455,-1700566.63713079,0,0,0,0,0,-18184747187920429056,4105248559370.56,-18184747187924574208,"MPA"
"2281","Scomberomorus","MT",2051,2.42234377508016e-05,8.98495942317772e-06,1.36989702278726e-05,4.8846404212281,1.04704338062355e-05,-1456887651777.41,373640.072848508,-1456890103393.81,11286.4048344569,11248.2636238248,965.294441414748,854.260098070449,11359.2979671691,-262536.35671907,0.0766590135645782,-1694487.67578831,0,0,0,0,0,-39805467085423247360,8989307658476.5,-39805467085427392512,"MPA"
"2282","Scomberomorus","MT",2052,1.04704338062355e-05,1.67138097229985e-05,5.92129666367817e-06,4.87125475144078,1.14326005749338e-05,-2142532817991.91,549646.664380087,-2142535269608.31,11359.2979671691,11321.9903530239,947.929646659041,840.373583045703,11429.5464166372,-256631.990382009,0.0749458053677723,-1688583.30945125,0,0,0,0,0,-87162466521903529984,19690473125178.8,-87162466521907675136,"MPA"
"2283","Scomberomorus","MT",2053,1.14326005749338e-05,4.3474048410336e-06,6.46542645052197e-06,5.14635959333158,4.90328752023066e-06,-3151792600178.77,808791.659071435,-3151795051795.16,11429.5464166372,11393.1053855456,930.91242589463,826.612903015765,11497.4049084245,-250895.972604638,0.0732810806907404,-1682847.29167388,0,0,0,0,0,-1.90923513776445e+20,43144102150850.8,-1.90923513776449e+20,"MPA"
"2284","Scomberomorus","MT",2054,4.90328752023066e-06,8.08703678045624e-06,2.77293382513259e-06,5.1235346136776,5.43959798963982e-06,-4637785929298.39,1190439.07389516,-4637788380914.79,11497.4049084245,11461.8595456296,914.211115834942,812.999034941717,11563.0716265228,-245322.31736178,0.0716631270602124,-1677273.63643102,0,0,0,0,0,-4.18335482799401e+20,94561593277567.2,-4.18335482799405e+20,"MPA"
"2285","Scomberomorus","MT",2055,5.43959798963982e-06,2.10350742480708e-06,3.07623103920618e-06,5.43170558342503,2.32038451411967e-06,-6826234574348.47,1752628.8844579,-6826237025964.87,11563.0716265228,11528.4473510901,897.803308025141,799.547044981413,11626.7036141339,-239905.287005472,0.0700903025772529,-1671856.60607471,0,0,0,0,0,-9.1689171418466e+20,207314303985292,-9.16891714184664e+20,"MPA"
"2286","Scomberomorus","MT",2056,2.32038451411967e-06,3.91294175165912e-06,1.31223647050577e-06,5.39166664401345,2.60251149088699e-06,-10049952281843.8,2580953.47541834,-10049954733460.1,11626.7036141339,11593.0224003412,881.673269348962,786.267711298512,11688.4279583916,-234639.380870581,0.0685610327421959,-1666590.69993982,0,0,0,0,0,-2.0101688324785e+21,454630264720017,-2.01016883247851e+21,"MPA"
"2287","Scomberomorus","MT",2057,2.60251149088699e-06,1.01778961205595e-06,1.47178645296788e-06,5.74156504640405,1.10606740063611e-06,-14799744258258.3,3801659.57792957,-14799746709874.7,11688.4279583916,11655.7085458469,865.810006059935,773.168683252724,11748.3498686541,-229519.324475437,0.0670738074295663,-1661470.64354468,0,0,0,0,0,-4.40820324923872e+21,997231061206598,-4.40820324923872e+21,"MPA"
"2288","Scomberomorus","MT",2058,1.10606740063611e-06,1.89329090096874e-06,6.25509252200184e-07,5.67668121013264,1.24981344858781e-06,-21799536507025.4,5600989.97373497,-21799538958641.8,11748.3498686541,11716.6079626023,850.205831149582,760.25530855122,11806.5584852007,-224540.059272138,0.0656271780055401,-1656491.37834138,0,0,0,0,0,-9.66938971157137e+21,2187941680830312,-9.66938971157138e+21,"MPA"
"2289","Scomberomorus","MT",2059,1.24981344858781e-06,4.9246115426829e-07,7.06801299085564e-07,6.07695645259636,5.29846823853271e-07,-32117285334216.1,8253740.64914873,-32117287785832.5,11806.5584852007,11775.8069478701,834.855317768759,747.531223972778,11863.1310416661,-219696.732907959,0.0642197545809331,-1651648.0519772,0,0,0,0,0,-2.12148032699072e+22,4801452011097349,-2.12148032699072e+22,"MPA"
"2290","Scomberomorus","MT",2060,5.29846823853271e-07,9.16075593047844e-07,2.99641857638065e-07,5.9796776730879,6.01713682230689e-07,-47328730232765.9,12165429.8765609,-47328732684382.3,11863.1310416661,11833.380075154,819.754544144303,734.998778484897,11918.1358408134,-214984.689964569,0.0628502033930967,-1646936.00903381,0,0,0,0,0,-4.65560214505693e+22,10539039980505790,-4.65560214505693e+22,"MPA"
"2291","Scomberomorus","MT",2061,6.01713682230689e-07,2.38279095789536e-07,3.40284394273966e-07,6.43903097580217,2.54664336743796e-07,-69759200496900.3,17934575.6242093,-69759202948516.7,11918.1358408134,11889.3931618242,804.900555712822,722.659337907543,11971.6343796295,-210399.463145872,0.0615172443104591,-1642350.78221511,0,0,0,0,0,-1.02189039954332e+23,23137482020633976,-1.02189039954332e+23,"MPA"
"2292","Scomberomorus","MT",2062,2.54664336743796e-07,4.43246461359893e-07,1.4401916082914e-07,6.30182886795257,2.90177696590092e-07,-102840727330691,26444681.689424,-102840729782307,11971.6343796295,11943.9053862847,790.290987252999,710.51350600603,12023.6828675316,-205936.764888534,0.060219648453777,-1637888.08395777,0,0,0,0,0,-2.24346532418765e+23,50805759909008256,-2.24346532418765e+23,"MPA"
"2293","Scomberomorus","MT",2063,2.90177696590092e-07,1.15292195126994e-07,1.6410286924707e-07,6.82907428478632,1.22675297317293e-07,-151639512188841,39000121.5765945,-151639514640457,12023.6828675316,11996.9707984338,775.923801618632,698.561286636355,12074.333313416,-201592.4793718,0.0589562359284704,-1633543.79844104,0,0,0,0,0,-4.92624739905644e+23,111580191235669280,-4.92624739905644e+23,"MPA"
"2294","Scomberomorus","MT",2064,1.22675297317293e-07,2.14466390109234e-07,6.9376001368544e-08,6.64438589180881,1.40095333119133e-07,-223635114259872,57526893.165655,-223635116711489,12074.333313416,12048.6393991408,761.797112579192,686.802204249127,12123.6343074709,-197362.654905293,0.0577258736626976,-1629313.97397453,0,0,0,0,0,-1.08190809043184e+24,245094888988081376,-1.08190809043184e+24,"MPA"
"2295","Scomberomorus","MT",2065,1.40095333119133e-07,5.57845421276347e-08,7.92274747628762e-08,7.24850920701704,5.91825954968674e-08,-329871621062780,84869247.981817,-329871623514396,12123.6343074709,12098.9579146694,747.909067709745,675.235394874364,12171.6315875048,-193243.496675185,0.0565274733460937,-1625194.81574442,0,0,0,0,0,-2.37649837648719e+24,538456154870825984,-2.37649837648719e+24,"MPA"
"2296","Scomberomorus","MT_20",2015,8070.636167,8070.636167,3538.25642177606,4590.44681281312,7018.44577596293,-2281580.96696165,0.568783763488557,-5311137.99828116,586.0737711,586.0737711,230.826460050537,130.264749885181,686.635481265355,-766585.002014349,0.222266814023579,-2506871.68281235,14427.75572,14427.75572,9103.91432867944,168134.027200796,0,-56478943.1213523,11.6535121930104,-61687800.1521593,"MPA"
"2297","Scomberomorus","MT_20",2016,7018.44577596293,6809.06861185562,3177.6726158274,6638.95231121785,3347.78891646516,-3913157.24052505,0.976914602014118,-6942714.27184455,686.635481265355,686.629331013999,268.826599238248,174.920113111033,780.535817141214,-878486.550881746,0.254771911186339,-2618773.23167975,0,0,0,0,0,-137863427.275804,28.7188878897731,-143072284.306611,"MPA"
"2298","Scomberomorus","MT_20",2017,3347.78891646516,2957.00264084297,1669.27461283183,4944.39377168298,319.217353308734,-6721470.66537834,1.68026758333807,-9751027.69669784,780.535817141214,780.192806364166,303.88421477832,227.919448416786,856.1575727257,-1006956.38117018,0.292097829179873,-2747243.06196818,0,0,0,0,0,-339750304.15366,71.413128401304,-344959161.184467,"MPA"
"2299","Scomberomorus","MT_20",2018,319.217353308734,0,143.613282738232,0,143.613282738232,-11561318.8779034,2.89399781434081,-14590875.9092229,856.1575727257,854.854495786454,331.817695798644,286.568630297048,900.10356128805,-1154479.79110158,0.334968649211351,-2894766.47189958,0,0,0,0,0,-844831881.653309,179.040093460956,-850040738.684116,"MPA"
"2300","Scomberomorus","MT_20",2019,143.613282738232,0,73.7489855992088,0,73.7489855992088,-19912561.4844512,4.99115823884096,-22942118.5157707,900.10356128805,897.409279946851,347.924631797587,345.327878131203,900.006033613235,-1323919.34967621,0.384218428439017,-3064206.03047421,0,0,0,0,0,-2118080840.82256,452.203762279642,-2123289697.85337,"MPA"
"2301","Scomberomorus","MT_20",2020,73.7489855992088,0,39.7377597880392,0,39.7377597880392,-34342370.5495037,8.61928425386284,-37371927.5808232,900.006033613235,895.525961194521,347.87983701333,395.714298662477,847.691499545375,-1518572.64760324,0.440808065598947,-3258859.32840124,0,0,0,0,0,-5349662785.11949,1149.69516177014,-5354871642.1503,"MPA"
"2302","Scomberomorus","MT_20",2021,39.7377597880392,0,21.9010250929872,0,21.9010250929872,-59306205.00351,14.9035742197408,-62335762.0348295,847.691499545375,841.244441813344,328.676362620708,427.015647729396,742.905156704656,-1742238.87520087,0.505844775706156,-3482525.55599887,0,0,0,0,0,-13601128372.1921,2940.11293499722,-13606337229.2229,"MPA"
"2303","Scomberomorus","MT_20",2022,21.9010250929872,0,12.2119373532228,0,12.2119373532228,-102546151.388946,25.8012727044493,-105575708.420266,742.905156704656,734.634706616231,289.84132786749,428.547608898581,595.92842558514,-1999295.53276497,0.580604581312088,-3739582.21356297,0,0,0,0,0,-34782135984.6992,7557.35027011587,-34787344841.73,"MPA"
"2304","Scomberomorus","MT_20",2023,12.2119373532228,0,6.85217172847531,0,6.85217172847531,-177529307.920872,44.7203278584746,-180558864.952191,595.92842558514,586.427755227204,234.52056807746,393.364763877533,427.583559427131,-2294786.89449815,0.666558291553948,-4035073.57529616,0,0,0,0,0,-89404995859.2565,19512.7725273509,-89410204716.2873,"MPA"
"2305","Scomberomorus","MT_20",2024,6.85217172847531,0,3.85807956240029,0,3.85807956240029,-307704544.099502,77.6003013414232,-310734101.130821,427.583559427131,417.88984402695,169.934776611979,322.606170143893,265.218450495037,-2634526.18392809,0.76540151355359,-4374812.86472609,0,0,0,0,0,-230840080803.039,50578.0738112148,-230845289660.07,"MPA"
"2306","Scomberomorus","MT_20",2025,3.85807956240029,0,2.17645350176581,0,2.17645350176581,-533939854.417271,134.802422736244,-536969411.448591,265.218450495037,256.63178721668,106.404878120141,228.342197042243,134.694468294578,-3025213.86157106,0.879089324728459,-4765500.54236906,0,0,0,0,0,-598348934221.293,131546.650932409,-598354143078.324,"MPA"
"2307","Scomberomorus","MT_20",2026,2.17645350176581,0,1.22912493869965,0,1.22912493869965,-927527145.21309,234.417001651085,-930556702.24441,134.694468294578,128.366526380735,54.4496056179826,132.003873999222,50.8122579994951,-3474574.84920813,1.00987633128705,-5214861.53000613,0,0,0,0,0,-1556223724129.54,343147.458438092,-1556228932986.57,"MPA"
"2308","Scomberomorus","MT_20",2027,1.22912493869965,0,0.694554495954693,0,0.694554495954694,-1612939351.66332,408.055257288935,-1615968908.69464,50.8122579994951,47.236041531211,20.6414966560143,56.4654110257088,11.4121271615165,-3991517.78264257,1.16036295071881,-5731804.46344057,0,0,0,0,0,-4059504456487.45,897431.242394953,-4059509665344.48,"MPA"
"2309","Scomberomorus","MT_20",2028,0.694554495954694,0,0.392613594589813,0,0.392613594589813,-2807681940.72403,710.998745522788,-2810711497.75534,11.4121271615165,10.1203888637222,4.64688852804892,14.2816791195159,0.485598272255166,-4586319.31409657,1.33354888927703,-6326605.99489457,0,0,0,0,0,-10616794728644.8,2352343.92176597,-10616799937501.8,"MPA"
"2310","Scomberomorus","MT_20",2029,0.392613594589813,0,0.22197717139088,0,0.22197717139088,-4892127480.34333,1239.99653082765,-4895157037.37465,0.485598272255166,0.348701999521287,0.197866717986813,0.663498403423093,0,-5270836.30280654,1.53289494403867,-7011122.98360454,0,0,0,0,0,-27828708617181.7,6178179.41938644,-27828713826038.7,"MPA"
"2311","Scomberomorus","MT_20",2030,0.22197717139088,0,0.125515899076132,0,0.125515899076132,-8531971599.3759,2164.49218223702,-8535001156.40722,0,0,0,0,0,-6058749.329501,1.76239444380648,-7799036.010299,0,0,0,0,0,-73089123259536.2,16254711.9117623,-73089128468393.2,"MPA"
"2312","Scomberomorus","MT_20",2031,0.125515899076132,0,0.0709767305453568,0,0.0709767305453568,-14893094752.121,3781.44715201169,-14896124309.1523,0,0,0,0,0,-6965843.41689852,2.02665584678316,-8706130.09769652,0,0,0,0,0,-192296558876082,42832320.8977594,-192296564084939,"MPA"
"2313","Scomberomorus","MT_20",2032,0.0709767305453568,0,0.0401373229438728,0,0.0401373229438728,-26018782233.1812,6611.64492749247,-26021811790.2125,0,0,0,0,0,-8010333.51997079,2.33099824364326,-9750620.20076879,0,0,0,0,0,-506715096645614,113022558.966375,-506715101854471,"MPA"
"2314","Scomberomorus","MT_20",2033,0.0401373229438728,0,0.0226980939590936,0,0.0226980939590936,-45492358522.0613,11568.9515619164,-45495388079.0926,0,0,0,0,0,-9213243.28236895,2.68156177532061,-10953529.963167,0,0,0,0,0,-1337079936118454,298605976.368233,-1337079941327311,"MPA"
"2315","Scomberomorus","MT_20",2034,0.0226980939590936,0,0.0128361630357296,0,0.0128361630357296,-79601808317.1119,20257.9522544277,-79604837874.1432,0,0,0,0,0,-10598841.5392864,3.08543531751904,-12339128.2200844,0,0,0,0,0,-3532569634402007,789804308.421075,-3532569639610864,"MPA"
"2316","Scomberomorus","MT_20",2035,0.0128361630357296,0,0.00725911708656166,0,0.00725911708656166,-139387707142.153,35497.5829673999,-139390736699.185,0,0,0,0,0,-12195146.9889939,3.55080414748553,-13935433.6697919,0,0,0,0,0,-9343546137226550,2091142254.53636,-9343546142435406,"MPA"
"2317","Scomberomorus","MT_20",2036,0.00725911708656166,0,0.00410519630046464,0,0.00410519630046464,-244246142787.348,62242.7760516897,-244249172344.38,0,0,0,0,0,-14034511.8440319,4.08712073687704,-15774798.5248299,0,0,0,0,0,-24738639592666764,5541820722.03089,-24738639597875620,"MPA"
"2318","Scomberomorus","MT_20",2037,0.00410519630046464,0,0.00232158683897764,0,0.00232158683897764,-428270228453.683,109207.356547149,-428273258010.715,0,0,0,0,0,-16154296.8880186,4.70530231139498,-17894583.5688166,0,0,0,0,0,-65560870013547360,14699180760.9208,-65560870018756208,"MPA"
"2319","Scomberomorus","MT_20",2038,0.00232158683897764,0,0.00131291446507625,0,0.00131291446507625,-751416670400.91,191722.928991101,-751419699957.942,0,0,0,0,0,-18597652.3277936,5.41795939352094,-20337939.0085916,0,0,0,0,0,-173894307937700000,39019059815.9757,-173894307942908864,"MPA"
"2320","Scomberomorus","MT_20",2039,0.00131291446507625,0,0.00074248590519845,0,0.000742485905198451,-1319176743187.68,336777.058096385,-1319179772744.71,0,0,0,0,0,-21414421.1059062,6.23966021170677,-23154707.7867042,0,0,0,0,0,-461603439908562880,103652141836.87,-461603439913771776,"MPA"
"2321","Scomberomorus","MT_20",2040,0.000742485905198451,0,0.0004198944679113,0,0.0004198944679113,-2317242204768,591895.310216575,-2317245234325.03,0,0,0,0,0,-24662183.9748457,7.1872366322978,-26402470.6556437,0,0,0,0,0,-1226225989335593984,275534068857.92,-1226225989340802816,"MPA"
"2322","Scomberomorus","MT_20",2041,0.0004198944679113,0,0.000237460939470632,0,0.000237460939470632,-4072619439669.66,1040805.38419007,-4072622469226.69,0,0,0,0,0,-28407468.6893877,8.28013816616581,-30147755.3701857,0,0,0,0,0,-3259624260468310528,732905610146.801,-3259624260473519616,"MPA"
"2323","Scomberomorus","MT_20",2042,0.000237460939470632,0,0.000134290181625899,0,0.000134290181625899,-7161408727861.57,1831071.30982657,-7161411757418.61,0,0,0,0,0,-32727149.2136692,9.54084164005905,-34467435.8944672,0,0,0,0,0,-8670422925811530752,1950647078899.15,-8670422925816738816,"MPA"
"2324","Scomberomorus","MT_20",2043,0.000134290181625899,0,7.59445073887264e-05,0,7.59445073887264e-05,-12598945257891,3222860.61786618,-12598948287448.1,0,0,0,0,0,-37710064.9424052,10.9953253257247,-39450351.6232032,0,0,0,0,0,-23076552995230560256,5194588749443.06,-23076552995235770368,"MPA"
"2325","Scomberomorus","MT_20",2044,7.59445073887264e-05,0,4.29485487926622e-05,0,4.29485487926622e-05,-22175348540715.6,5675032.17725073,-22175351570272.7,0,0,0,0,0,-43458894.6906978,12.6736177142345,-45199181.3714958,0,0,0,0,0,-61453044921176653824,13840468221292.3,-61453044921181855744,"MPA"
"2326","Scomberomorus","MT_20",2045,4.29485487926622e-05,0,2.42884962426056e-05,0,2.42884962426056e-05,-39047861956137.8,9997150.14471892,-39047864985694.8,0,0,0,0,0,-50092325.7181369,14.6104327391621,-51832612.3989349,0,0,0,0,0,-1.63735563363776e+20,36894708480773.2,-1.63735563363782e+20,"MPA"
"2327","Scomberomorus","MT_20",2046,2.42884962426056e-05,0,1.37357622866814e-05,0,1.37357622866814e-05,-68786806244133.1,17617985.4502622,-68786809273690.2,0,0,0,0,0,-57747564.440975,16.8459051257101,-59487851.121773,0,0,0,0,0,-4.36471930114923e+20,98396275540384,-4.36471930114928e+20,"MPA"
"2328","Scomberomorus","MT_20",2047,1.37357622866814e-05,0,7.76792292887205e-06,0,7.76792292887205e-06,-121223041970549,31059895.4947282,-121223045000106,0,0,0,0,0,-66583242.8909485,19.4264417146278,-68323529.5717465,0,0,0,0,0,-1.16404801852851e+21,262532455926341,-1.16404801852852e+21,"MPA"
"2329","Scomberomorus","MT_20",2048,7.76792292887205e-06,0,4.3929580026239e-06,0,4.3929580026239e-06,-213712006164829,54777157.0643148,-213712009194386,0,0,0,0,0,-76782783.5631,22.4057071274073,-78523070.243898,0,0,0,0,0,-3.10581252635987e+21,700755286139819,-3.10581252635987e+21,"MPA"
"2330","Scomberomorus","MT_20",2049,4.3929580026239e-06,0,2.48432949595612e-06,0,2.48432949595612e-06,-376901980568724,96637846.6844664,-376901983598281,0,0,0,0,0,-88558295.2459331,25.845765058046,-90298581.9267312,0,0,0,0,0,-8.29007803216749e+21,1871193817761127,-8.29007803216749e+21,"MPA"
"2331","Scomberomorus","MT_20",2050,2.48432949595612e-06,0,1.40495152658687e-06,0,1.40495152658687e-06,-664930379108708,170543901.754903,-664930382138265,0,0,0,0,0,-102155083.963749,29.8183998606954,-103895370.644547,0,0,0,0,0,-2.21366047026209e+22,4998397208744545,-2.21366047026209e+22,"MPA"
"2332","Scomberomorus","MT_20",2051,1.40495152658687e-06,0,7.9453582813217e-07,0,7.9453582813217e-07,-1173451449294285,301064598.532122,-1173451452323842,0,0,0,0,0,-117856876.536363,34.4066470261258,-119597163.217161,0,0,0,0,0,-5.91320589595847e+22,13356525717914806,-5.91320589595847e+22,"MPA"
"2333","Scomberomorus","MT_20",2052,7.9453582813217e-07,0,4.49330222777134e-07,0,4.49330222777134e-07,-2071517573149249,531632442.879162,-2071517576178806,0,0,0,0,0,-135991869.769425,39.7065656893666,-137732156.450223,0,0,0,0,0,-1.58010424794816e+23,35702501615804172,-1.58010424794816e+23,"MPA"
"2334","Scomberomorus","MT_20",2053,4.49330222777134e-07,0,2.54107671418915e-07,0,2.54107671418915e-07,-3657972253296817,939043397.782928,-3657972256326374,0,0,0,0,0,-156939736.270125,45.8292915862103,-158680022.950923,0,0,0,0,0,-4.22367879618888e+23,95463711332656464,-4.22367879618888e+23,"MPA"
"2335","Scomberomorus","MT_20",2054,2.54107671418915e-07,0,1.43704352409074e-07,0,1.43704352409074e-07,-6461220980285961,1659115870.73722,-6461220983315518,0,0,0,0,0,-181139738.733754,52.9034149935743,-182880025.414552,0,0,0,0,0,-1.12935518552782e+24,255331887741124896,-1.12935518552782e+24,"MPA"
"2336","Scomberomorus","MT_20",2055,1.43704352409074e-07,0,8.1268466974876e-08,0,8.1268466974876e-08,-11415781526223784,2932104414.99993,-11415781529253340,0,0,0,0,0,-209100128.725159,61.0777352827258,-210840415.405957,0,0,0,0,0,-3.02062833537044e+24,683111856531401984,-3.02062833537044e+24,"MPA"
"2337","Scomberomorus","MT_20",2056,8.1268466974876e-08,0,4.59593854604328e-08,0,4.59593854604328e-08,-20174759342662472,5183091911.27456,-20174759345692028,0,0,0,0,0,-241409034.018132,70.5244519413744,-243149320.69893,0,0,0,0,0,-8.08135265955625e+24,1828066291752712704,-8.08135265955625e+24,"MPA"
"2338","Scomberomorus","MT_20",2057,4.59593854604328e-08,0,2.59912016379168e-08,0,2.59912016379168e-08,-35662997342769288,9164326395.58216,-35662997345798848,0,0,0,0,0,-278747071.072894,81.442861462,-280487357.753692,0,0,0,0,0,-2.16263972692762e+25,4893268924483132416,-2.16263972692762e+25,"MPA"
"2339","Scomberomorus","MT_20",2058,2.59912016379168e-08,0,1.46986857161758e-08,0,1.46986857161758e-08,-63056444587251816,16207275581.2676,-63056444590281376,0,0,0,0,0,-321901956.94395,94.0636405599605,-323642243.624748,0,0,0,0,0,-5.78883699041431e+25,1.3101084940377e+19,-5.78883699041431e+25,"MPA"
"2340","Scomberomorus","MT_20",2059,1.46986857161758e-08,0,8.31248069228515e-09,0,8.31248069228515e-09,-111516453090669184,28669045985.2271,-111516453093698736,0,0,0,0,0,-371785438.649542,108.65380902013,-373525725.33034,0,0,0,0,0,-1.5498850827093e+26,35084136836310319104,-1.5498850827093e+26,"MPA"
"2341","Scomberomorus","MT_20",2060,8.31248069228515e-09,0,4.70091929265857e-09,0,4.70091929265857e-09,-197261427791170080,50723170208.8697,-197261427794199648,0,0,0,0,0,-429452908.764917,125.522480358462,-431193195.445715,0,0,0,0,0,-4.15052498093068e+26,93973262549604909066,-4.15052498093068e+26,"MPA"
"2342","Scomberomorus","MT_20",2061,4.70091929265857e-09,0,2.65848944667631e-09,0,2.65848944667631e-09,-349007950339611840,89760621890.5123,-349007950342641408,0,0,0,0,0,-496126134.844859,145.027525753841,-497866421.525657,0,0,0,0,0,-1.11172287228119e+27,2.51757658162896e+20,-1.11172287228119e+27,"MPA"
"2343","Scomberomorus","MT_20",2062,2.65848944667631e-09,0,1.50344341140593e-09,0,1.50344341140593e-09,-617610660733870848,158872319005.617,-617610660736900352,0,0,0,0,0,-573219598.536366,167.583296737596,-574959885.217165,0,0,0,0,0,-2.97834447009755e+27,6.74591900234617e+20,-2.97834447009755e+27,"MPA"
"2344","Scomberomorus","MT_20",2063,1.50344341140593e-09,0,8.50235495246176e-10,0,8.50235495246176e-10,-1093143472569379200,281248577484.287,-1093143472572408704,0,0,0,0,0,-662371019.418575,193.669575366036,-664111306.099373,0,0,0,0,0,-7.98055983797073e+27,1.80790259322371e+21,-7.98055983797073e+27,"MPA"
"2345","Scomberomorus","MT_20",2064,8.50235495246176e-10,0,4.80829801702214e-10,0,4.80829801702214e-10,-1935170636210707200,497976828448.306,-1935170636213736704,0,0,0,0,0,-765476730.454993,223.841947559554,-767217017.135791,0,0,0,0,0,-2.13878566010448e+28,4.84596279998901e+21,-2.13878566010448e+28,"MPA"
"2346","Scomberomorus","MT_20",2065,4.80829801702214e-10,0,2.71921484691844e-10,0,2.71921484691844e-10,-3426400035677828608,881864358260.499,-3426400035680858112,0,0,0,0,0,-884732678.494915,258.743826566848,-886472965.175713,0,0,0,0,0,-5.73287287980216e+28,1.29912867484565e+22,-5.73287287980216e+28,"MPA"
"2347","Scomberomorus","MT_40",2015,9546.282977,9546.282977,4194.76035481239,6219.72967951007,7521.31365230231,-2614244.74559663,0.651534182937522,-6226198.11032847,691.0359214,691.0359214,272.226595683647,179.012711515013,784.249805568634,-893357.705948857,0.259049791727677,-2949420.51511832,16627.34028,16627.34028,10588.6592308506,224286.80582652,0,-65512472.6594091,13.4890368543369,-71779374.0364673,"MPA"
"2348","Scomberomorus","MT_40",2016,7521.31365230231,7237.60601018679,3482.11881279747,9382.56464060008,1337.16018238418,-5207296.05738184,1.29967101316867,-8819249.42211368,784.249805568634,784.241247872702,307.514157379026,268.074256990683,823.681148261046,-1178654.0337047,0.341858857810061,-3234716.84287416,0,0,0,0,0,-187072626.570088,38.9070297943391,-193339527.947147,"MPA"
"2349","Scomberomorus","MT_40",2017,1337.16018238418,785.526871369286,653.824161598894,1999.83830364297,270.845852357049,-10388366.44064,2.59631944843951,-14000319.8053718,823.681148261046,823.201948619107,322.337804034753,371.511272078993,774.028480574867,-1555426.3446842,0.451243642722579,-3611489.15385366,0,0,0,0,0,-539581908.943158,113.281179347472,-545848810.320216,"MPA"
"2350","Scomberomorus","MT_40",2018,270.845852357049,0,133.726937456508,114.410582851921,123.450546156349,-20752794.0690173,5.19394727543796,-24364747.4337492,774.028480574867,772.177965945828,303.655916101371,460.551552131514,615.282329915686,-2053119.98878708,0.595765260858514,-4109182.79795654,0,0,0,0,0,-1571039355.16904,332.661479354387,-1577306256.5461,"MPA"
"2351","Scomberomorus","MT_40",2019,123.450546156349,0,65.180336222933,0,65.180336222933,-41516058.4636647,10.4048406316847,-45128011.8283965,615.282329915686,611.681938044163,243.285087016205,482.625534375579,372.341490684789,-2710693.33250984,0.786752604568808,-4766756.14167929,0,0,0,0,0,-4613513727.74315,984.425708354776,-4619780629.12021,"MPA"
"2352","Scomberomorus","MT_40",2020,65.180336222933,0,35.569598614351,0,35.569598614351,-83167569.6849869,20.8715316571072,-86779523.0497187,372.341490684789,367.391022316514,148.990164402573,384.407967235841,131.973219483247,-3579698.24957393,1.03920021359491,-5635761.05874339,0,0,0,0,0,-13652502021.7317,2933.08744111344,-13658768923.1088,"MPA"
"2353","Scomberomorus","MT_40",2021,35.569598614351,0,19.7309334735871,0,19.7309334735871,-166829519.544868,41.921420402178,-170441472.9096,131.973219483247,127.568516344507,53.4281399226588,178.570799750766,2.50010787350051,-4728358.8818836,1.37295838781016,-6784421.69105305,0,0,0,0,0,-40677505554.6251,8791.70359442998,-40683772456.0022,"MPA"
"2354","Scomberomorus","MT_40",2022,19.7309334735871,0,11.0400134139825,0,11.0400134139825,-335084676.066515,84.3066175272512,-338696629.431247,2.50010787350051,0.944764992567728,1.01847473500552,4.06083638821011,0.116822788451895,-6246980.73625815,1.81431093510509,-8303043.54542761,0,0,0,0,0,-121927688477.396,26491.0085606936,-121933955378.773,"MPA"
"2355","Scomberomorus","MT_40",2023,11.0400134139825,0,6.20636326618713,0,6.20636326618713,-673876394.295906,169.750932622409,-677488347.660638,0.116822788451895,0.382629868597279,0.0476024973934508,0.311185576089935,0.24278939233458,-8255141.78326259,2.39806706549254,-10311204.592432,0,0,0,0,0,-367390393061.779,80187.171652094,-367396659963.156,"MPA"
"2356","Scomberomorus","MT_40",2024,6.20636326618713,0,3.4981489240745,0,3.4981489240745,-1356846588.78623,342.190585168911,-1360458542.15096,0.24278939233458,0.103019305630058,0.0989312490651253,0.721295780087148,0.0199507185013058,-10911240.8416464,3.17033533097246,-12967303.6508158,0,0,0,0,0,-1112075308279.76,243685.485897699,-1112081575181.14,"MPA"
"2357","Scomberomorus","MT_40",2025,3.4981489240745,0,1.9745729299448,0,1.9745729299448,-2735184549.67186,690.573256033307,-2738796503.03659,0.0199507185013058,0.131439400708862,0.00812958774409908,0.091711144699889,0.0989179499243735,-14425073.0296213,4.1922032299468,-16481135.8387908,0,0,0,0,0,-3379550697071.01,743093.895437134,-3379556963972.39,"MPA"
"2358","Scomberomorus","MT_40",2026,1.9745729299448,0,1.11548620195546,0,1.11548620195546,-5519863439.21918,1395.13967746886,-5523475392.58391,0.0989179499243735,0.0340819076106242,0.0403073253642311,0.526993316631206,0.00688579174862366,-19074587.1672045,5.54461848277954,-21130649.9763739,0,0,0,0,0,-10305593224243.4,2272738.33461712,-10305599491144.8,"MPA"
"2359","Scomberomorus","MT_40",2027,1.11548620195546,0,0.630457636754514,0,0.630457636754514,-11151576506.8855,2821.45024571298,-11155188460.2502,0.00688579174862366,0.0598129639746163,0.00280585457586485,0.0560910306817964,0.045065465478107,-25228096.784065,7.33486561575451,-27284159.5932344,0,0,0,0,0,-31519457938663.6,6969122.29556067,-31519464205564.9,"MPA"
"2360","Scomberomorus","MT_40",2028,0.630457636754514,0,0.356419025465442,0,0.356419025465442,-22552306972.2467,5711.55840689968,-22555918925.6114,0.045065465478107,0.015546428248775,0.018363459707573,0.417595729908742,0.00316282733689591,-33373747.9033442,9.70516066913248,-35429810.7125137,0,0,0,0,0,-96651230684386.2,21418366.5411071,-96651236951287.6,"MPA"
"2361","Scomberomorus","MT_40",2029,0.356419025465442,0,0.201525415892753,0,0.201525415892753,-45653407738.8162,11572.9858278167,-45657019692.181,0.00316282733689591,0.028534768053619,0.00128880499195312,0.0457216342483531,0.0215006329286811,-44158625.7836422,12.8440585787363,-46214688.5928117,0,0,0,0,0,-297040487690385,65955822.1132515,-297040493957286,"MPA"
"2362","Scomberomorus","MT_40",2030,0.201525415892753,0,0.113955405831675,0,0.113955405831675,-92504742683.6434,23470.7100944285,-92508354637.0081,0.0215006329286811,0.0074207383172667,0.00876118125336891,0.34690947077969,0.00151215954439682,-58440658.0564332,17.0015961153932,-60496720.8656026,0,0,0,0,0,-914707922704542,203458769.690723,-914707928971443,"MPA"
"2363","Scomberomorus","MT_40",2031,0.113955405831675,0,0.0644407340920015,0,0.0644407340920015,-187605172095.601,47640.7875629455,-187608784048.966,0.00151215954439682,0.0137569897938014,0.000616182769240697,0.0388140291151778,0.0103659134108976,-77357515.8844264,22.5093967917524,-79413578.6935959,0,0,0,0,0,-2821666725043087,628594022.439807,-2821666731309989,"MPA"
"2364","Scomberomorus","MT_40",2032,0.0644407340920015,0,0.0364416123243901,0,0.0364416123243901,-380800500434.71,96780.0682353753,-380804112388.075,0.0103659134108976,0.00357813632495069,0.00422395578839096,0.291498538442141,0.00072943856368104,-102418091.080753,29.8073677604422,-104474153.889923,0,0,0,0,0,-8717652423513433,1944743046.24328,-8717652429780334,"MPA"
"2365","Scomberomorus","MT_40",2033,0.0364416123243901,0,0.020608255188036,0,0.020608255188036,-773578698031.451,196756.980898772,-773582309984.815,0.00072943856368104,0.00665017883998726,0.000297235552605963,0.0332551350044597,0.00501094187264406,-135623967.856248,39.4791554276241,-137680030.665417,0,0,0,0,0,-26970657252498868,6024086513.92732,-26970657258765768,"MPA"
"2366","Scomberomorus","MT_40",2034,0.020608255188036,0,0.0116543634820805,0,0.0116543634820805,-1572710289293.18,400308.80692541,-1572713901246.55,0.00501094187264406,0.00172974659899806,0.00204188523323794,0.245820822128762,0.000352664082906436,-179630745.966817,52.2992403317202,-181686808.775986,0,0,0,0,0,-83545007624729568,18681223954.7755,-83545007630996464,"MPA"
"2367","Scomberomorus","MT_40",2035,0.0116543634820805,0,0.00659079774309498,0,0.00659079774309498,-3199732871842.41,815013.980635918,-3199736483795.78,0.000352664082906436,0.00321693941454274,0.000143705474942749,0.0285638103515621,0.00242398209554322,-237962323.501614,69.2955012985862,-240018386.310783,0,0,0,0,0,-259080442177035072,57990980022.861,-259080442183301952,"MPA"
"2368","Scomberomorus","MT_40",2036,0.00659079774309498,0,0.00372725058462088,0,0.00372725058462088,-6514538225829.74,1660445.69268091,-6514541837783.11,0.00242398209554322,0.00083675072878865,0.000987737304336531,0.20763430614288,0.000170603121112774,-315295564.366834,91.832341972286,-317351627.176004,0,0,0,0,0,-804247558028000640,180185035342.184,-804247558034267520,"MPA"
"2369","Scomberomorus","MT_40",2037,0.00372725058462088,0,0.00210785080078102,0,0.00210785080078102,-13272210285821.2,3385005.8774402,-13272213897774.6,0.000170603121112774,0.00155643099474812,6.95182896535046e-05,0.0245540217214455,0.00117277992160956,-417838525.566432,121.721153278244,-419894588.375601,0,0,0,0,0,-2498895080062680576,560334649065.094,-2498895080068947456,"MPA"
"2370","Scomberomorus","MT_40",2038,0.00210785080078102,0,0.00119204189907585,0,0.00119204189907585,-27056898049818.2,6904868.20038303,-27056901661771.5,0.00117277992160956,0.00040484067150569,0.000477890736235448,0.175569423337559,8.254259971347e-05,-553833062.757818,161.367121419519,-555889125.566988,0,0,0,0,0,-7770997713979415552,1743886912552.39,-7770997713985683456,"MPA"
"2371","Scomberomorus","MT_40",2039,0.00119204189907585,0,0.000674129586404286,0,0.000674129586404286,-55191725423671.9,14092865.438442,-55191729035625.3,8.254259971347e-05,0.000753072634405962,3.36349093007838e-05,0.0211147303300335,0.000567444707835594,-734222809.098963,213.964366616452,-736278871.908132,0,0,0,0,0,-24185085169182466048,5431331703956.52,-24185085169188732928,"MPA"
"2372","Scomberomorus","MT_40",2040,0.000674129586404286,0,0.000381237292171877,0,0.000381237292171877,-112646546920056,28779188.1243703,-112646550532009,0.000567444707835594,0.000195880589736188,0.000231225464089074,0.148594455434478,3.99379913861401e-05,-973541059.172011,283.755358059206,-975597121.98118,0,0,0,0,0,-75324391104014893056,16927369356745.3,-75324391104021168138,"MPA"
"2373","Scomberomorus","MT_40",2041,0.000381237292171877,0,0.000215599342844566,0,0.000215599342844566,-230036693356194,58800511.0897044,-230036696968147,3.99379913861401e-05,0.000364375384582514,1.62741510385656e-05,0.0181615571474463,0.000274559024174253,-1291091111.11781,376.375821815385,-1293147173.92698,0,0,0,0,0,-2.3475712022169e+20,52789566448641.4,-2.34757120221697e+20,"MPA"
"2374","Scomberomorus","MT_40",2042,0.000215599342844566,0,0.000121926898882571,0,0.000121926898882571,-470001970878245,120197552.186799,-470001974490198,0.000274559024174253,9.47771482534565e-05,0.000111878810953581,0.125874241613066,1.93240726844459e-05,-1712515602.54688,499.313375497318,-1714571665.35605,0,0,0,0,0,-7.32111785124857e+20,164726899000933,-7.32111785124864e+20,"MPA"
"2375","Scomberomorus","MT_40",2043,0.000121926898882571,0,6.89527584981643e-05,0,6.89527584981643e-05,-960758424979534,245816674.582754,-960758428591487,1.93240726844459e-05,0.00017630414790071,7.87427881446087e-06,0.0156246399868292,0.000132846226981415,-2271883305.31105,662.517465476141,-2273939368.12022,0,0,0,0,0,-2.28451400908898e+21,514307346462161,-2.28451400908899e+21,"MPA"
"2376","Scomberomorus","MT_40",2044,6.89527584981643e-05,0,3.89945375748939e-05,0,3.89945375748939e-05,-1964852335252232,502942189.073445,-1964852338864185,0.000132846226981415,4.58582159108518e-05,5.41329068267583e-05,0.10671829310063,9.3500134159734e-06,-3014464348.74465,879.210620927418,-3016520411.55382,0,0,0,0,0,-7.13266834437001e+21,1606601160529162,-7.13266834437002e+21,"MPA"
"2377","Scomberomorus","MT_40",2045,3.89945375748939e-05,0,2.20524025184922e-05,0,2.20524025184922e-05,-4020098052238316,1029452216.88195,-4020098055850269,9.3500134159734e-06,8.53053707040231e-05,3.80999461012939e-06,0.0134446851789932,6.42781056986278e-05,-4000421437.83625,1166.96760201501,-4002477500.64542,0,0,0,0,0,-2.2281138542083e+22,5021195335862134,-2.2281138542083e+22,"MPA"
"2378","Scomberomorus","MT_40",2046,2.20524025184922e-05,0,1.24711944674701e-05,0,1.24711944674701e-05,-8228577641465676,2107980761.30406,-8228577645077630,6.42781056986278e-05,2.21886563461255e-05,2.61923940479221e-05,0.0905520658765152,4.5240364690713e-06,-5309719993.40794,1549.1510769124,-5311776056.21711,0,0,0,0,0,-6.96364173472625e+22,15700280532618262,-6.96364173472625e+22,"MPA"
"2379","Scomberomorus","MT_40",2047,1.24711944674701e-05,0,7.05277767879957e-06,0,7.05277767879957e-06,-16849430285986178,4318081795.4395,-16849430289598132,4.5240364690713e-06,4.12753066272521e-05,1.84347912895434e-06,0.0115710231495339,3.11011897740568e-05,-7048660504.11387,2056.82183954397,-7050716566.92304,0,0,0,0,0,-2.1773924623683e+23,49113106703912032,-2.1773924623683e+23,"MPA"
"2380","Scomberomorus","MT_40",2048,7.05277767879957e-06,0,3.98852517785442e-06,0,3.98852517785442e-06,-34515124386825036,8848523391.45572,-34515124390436992,3.11011897740568e-05,1.07360602189379e-05,1.26732829338523e-05,0.076896326606079,2.18897113958984e-06,-9358570045.52362,2731.28070968716,-9360626108.33279,0,0,0,0,0,-6.81124825243835e+23,153697326950765376,-6.81124825243835e+23,"MPA"
"2381","Scomberomorus","MT_40",2049,3.98852517785442e-06,0,2.25561244733362e-06,0,2.25561244733362e-06,-70727674917686568,18138395898.2372,-70727674921298528,2.18897113958984e-06,1.99712047838402e-05,8.91973935243761e-07,0.0099602664153508,1.50484219453873e-05,-12427367963.6154,3627.45138183698,-12429424026.4246,0,0,0,0,0,-2.13155045537866e+24,481176084774465920,-2.13155045537866e+24,"MPA"
"2382","Scomberomorus","MT_40",2050,2.25561244733362e-06,0,1.27560621794586e-06,0,1.27560621794586e-06,-144983124512909952,37193577471.0595,-144983124516521888,1.50484219453873e-05,5.19468115147469e-06,6.13201329722529e-06,0.0653507868146257,1.05914152048861e-06,-16504957887.453,4818.38293092453,-16507013950.2622,0,0,0,0,0,-6.67318764071211e+24,1506957751442676224,-6.67318764071211e+24,"MPA"
"2383","Scomberomorus","MT_40",2051,1.27560621794586e-06,0,7.21387765900415e-07,0,7.21387765900415e-07,-297294264819263680,76290651937.1261,-297294264822875648,1.05914152048861e-06,9.66313901874963e-06,4.31584781196777e-07,0.00857523510734965,7.28123289747499e-06,-21923714197.4557,6401.24320281926,-21925770260.2649,0,0,0,0,0,-2.08992345218405e+25,4721157709132406784,-2.08992345218405e+25,"MPA"
"2384","Scomberomorus","MT_40",2052,7.21387765900415e-07,0,4.07963132841895e-07,0,4.07963132841895e-07,-609803488193043328,156531841070.962,-609803488196655232,7.28123289747499e-06,2.51346509524062e-06,2.96699661505006e-06,0.0555807263531004,5.12469421417297e-07,-29125752041.4773,8505.29759598826,-29127808104.2865,0,0,0,0,0,-6.54753473236351e+25,14795781207220465664,-6.54753473236351e+25,"MPA"
"2385","Scomberomorus","MT_40",2053,4.07963132841895e-07,0,2.30713529745643e-07,0,2.30713529745643e-07,-1251184257502723072,321259613302.291,-1251184257506335232,5.12469421417297e-07,4.67554446698293e-06,2.08823843527677e-07,0.00738405566701275,3.52305064852556e-06,-38699230910.4372,11302.5320175078,-38701286973.2464,0,0,0,0,0,-2.05195202776926e+26,46383262503911309312,-2.05195202776926e+26,"MPA"
"2386","Scomberomorus","MT_40",2054,2.30713529745643e-07,0,1.30474370176466e-07,0,1.30474370176466e-07,-2567879914943417856,659517128926.145,-2567879914947030016,3.52305064852556e-06,1.21614909986988e-06,1.43559195248776e-06,0.0473059626540726,2.47960167354961e-07,-51426689246.5259,15021.7977247782,-51428745309.3351,0,0,0,0,0,-6.43265997357464e+26,1.45449139651845e+20,-6.43265997357464e+26,"MPA"
"2387","Scomberomorus","MT_40",2055,1.30474370176466e-07,0,7.37865754671207e-08,0,7.37865754671207e-08,-5271626805256193024,1354276394892.45,-5271626805259804672,2.47960167354961e-07,2.26227895928021e-06,1.01040165576466e-07,0.00635939484381194,1.7046406917808e-06,-68349403684.0376,19967.6475488891,-68351459746.8467,0,0,0,0,0,-2.01716051938001e+27,4.56226353758684e+20,-2.01716051938001e+27,"MPA"
"2388","Scomberomorus","MT_40",2056,7.37865754671207e-08,0,4.17281854816953e-08,0,4.17281854816953e-08,-10824949697159794688,2781601493283.73,-10824949697163407360,1.7046406917808e-06,5.88438103721557e-07,6.94616315086276e-07,0.0402917265950476,1.19976416294549e-07,-90853094146.5404,26545.42191339,-90855150209.3495,0,0,0,0,0,-6.32717244602169e+27,1.4314038596916e+21,-6.32717244602169e+27,"MPA"
"2389","Scomberomorus","MT_40",2057,4.17281854816953e-08,0,2.35983504126799e-08,0,2.35983504126799e-08,-22233789465651937280,5714579433202.47,-22233789465655545856,1.19976416294549e-07,1.0946117884134e-06,4.88886465009419e-08,0.00547780622814565,8.2479651263999e-07,-120782065606.478,35294.6614888577,-120784121669.287,0,0,0,0,0,-1.98514158280305e+28,4.49210827856555e+21,-1.98514158280305e+28,"MPA"
"2390","Scomberomorus","MT_40",2058,2.35983504126799e-08,0,1.33454674766374e-08,0,1.33454674766374e-08,-45677555289408356352,11742783787605,-4.5677555289412e+19,8.2479651263999e-07,2.84717886998443e-07,3.36092595411242e-07,0.0343411040508967,5.80510193363004e-08,-160591236161.715,46933.6144383495,-160593292224.524,0,0,0,0,0,-6.22987766719842e+28,1.41006267253716e+22,-6.22987766719842e+28,"MPA"
"2391","Scomberomorus","MT_40",2059,1.33454674766374e-08,0,7.54720135333146e-09,0,7.54720135333146e-09,-93861965168153608192,24135217153351,-93861965168157212672,5.80510193363004e-08,5.2963183982752e-07,2.36549469558764e-08,0.00471917207337189,3.99080750908107e-07,-213548645666.184,62418.5276033157,-213550701728.994,0,0,0,0,0,-1.95554457022004e+29,4.4271175681194e+22,-1.95554457022004e+29,"MPA"
"2392","Scomberomorus","MT_40",2060,7.54720135333146e-09,0,4.26813435854685e-09,0,4.26813435854685e-09,-1.92916684216297e+20,49615901157939,-1.92916684216301e+20,3.99080750908107e-07,1.37761770811447e-07,1.62619607745902e-07,0.0292887675439608,2.80881939154098e-08,-284005231510.016,83022.6394737261,-284007287572.825,0,0,0,0,0,-6.13974533946362e+29,1.39024937949085e+23,-6.13974533946362e+29,"MPA"
"2393","Scomberomorus","MT_40",2061,4.26813435854685e-09,0,2.41373855682266e-09,0,2.41373855682266e-09,-3.96587902026155e+20,102017924344449,-3.96587902026158e+20,2.80881939154098e-08,2.56264265315555e-07,1.1445530927065e-08,0.00406622621652444,1.93096652698134e-07,-377754247811.765,110441.430854318,-377756303874.574,0,0,0,0,0,-1.92806651666291e+30,4.36664860265245e+23,-1.92806651666291e+30,"MPA"
"2394","Scomberomorus","MT_40",2062,2.41373855682266e-09,0,1.36503055697659e-09,0,1.36503055697659e-09,-8.15445726885772e+20,209804414105381,-8.15445726885775e+20,1.93096652698134e-07,6.66565269132417e-08,7.86840804720706e-08,0.0249957725550871,1.35905733690852e-08,-502510157519.511,146932.873485574,-502512213582.32,0,0,0,0,0,-6.05588399103651e+30,1.37177473119115e+24,-6.05588399103651e+30,"MPA"
"2395","Scomberomorus","MT_40",2063,1.36503055697659e-09,0,7.71959504982033e-10,0,7.71959504982033e-10,-1.67700052773436e+21,431550981231957,-1.67700052773437e+21,1.35905733690852e-08,1.23994383908972e-07,5.53796119043947e-09,0.00350414613633323,9.34305079824828e-08,-668546765728.036,195504.329883573,-668548821790.845,0,0,0,0,0,-1.90244496176834e+31,4.31014394755658e+24,-1.90244496176834e+31,"MPA"
"2396","Scomberomorus","MT_40",2064,7.71959504982033e-10,0,4.36562737945006e-10,0,4.36562737945006e-10,-3.44945661108334e+21,887822078068000,-3.44945661108335e+21,9.34305079824828e-08,3.22519996221181e-08,3.80715745507415e-08,0.0213452333916784,6.57584766957158e-09,-889547616737.528,260161.642658786,-889549672800.337,0,0,0,0,0,-5.9775205440657e+31,1.35447447013278e+25,-5.9775205440657e+31,"MPA"
"2397","Scomberomorus","MT_40",2065,4.36562737945006e-10,0,2.46887334027333e-10,0,2.46887334027333e-10,-7.09650509405592e+21,1826809604370328,-7.09650509405592e+21,6.57584766957158e-09,5.9995127381689e-08,2.67956238485442e-09,0.00302020399644932,4.52066863920229e-08,-1183739354169.1,346241.133232333,-1183741410231.91,0,0,0,0,0,-1.87845210511381e+32,4.25711942845905e+25,-1.87845210511381e+32,"MPA"
"2398","Scomberomorus","MT_60",2015,10194.67004,10194.67004,4519.14965766851,8123.72696245319,6590.09273521532,-3196843.73387078,0.796860215247652,-7176321.36951344,802.3328033,802.3328033,315.517477930052,245.451002713709,872.399278516343,-1055061.76174278,0.305921684498213,-3332640.91351577,18485.67396,18485.67396,11739.5758309284,279297.272711886,0,-73287278.1270411,15.1088498756518,-80154540.2846491,"MPA"
"2399","Scomberomorus","MT_60",2016,6590.09273521532,6219.54872240252,3168.90731426719,11255.4266575915,520.134375706664,-7277582.32052917,1.81660052726722,-11257059.9561718,872.399278516343,872.38763125107,341.986356376463,404.556899601404,809.817088026129,-1599141.09472494,0.463789503580405,-3876720.24649793,0,0,0,0,0,-238137541.30577,49.5751784141147,-245004803.463378,"MPA"
"2400","Scomberomorus","MT_60",2017,520.134375706664,0,219.594501152764,0,219.594501152764,-16591984.6387111,4.14720412231984,-20571462.2743537,809.817088026129,809.162753198643,318.350518316412,569.150504047419,558.362767467636,-2424365.76766418,0.703285592826186,-4701944.91943717,0,0,0,0,0,-781377218.947503,164.160920284887,-788244481.105111,"MPA"
"2401","Scomberomorus","MT_60",2018,219.594501152764,0,110.899192605386,0,110.899192605386,-37878634.3272969,9.48106187781658,-41858111.9629396,558.362767467636,555.871368537874,221.983975627816,594.184576667777,183.670767497912,-3676307.04762195,1.06669882215556,-5953886.19939495,0,0,0,0,0,-2587415869.30017,548.148644244259,-2594283131.45778,"MPA"
"2402","Scomberomorus","MT_60",2019,110.899192605386,0,59.3276109323818,0,59.3276109323818,-86595611.2387835,21.7044109186308,-90575088.8744262,183.670767497912,179.888031151892,74.2354939205108,294.623531507509,0,-5576042.54596867,1.61826753828079,-7853621.69774166,0,0,0,0,0,-8639623233.05484,1844.11617872838,-8646490495.21244,"MPA"
"2403","Scomberomorus","MT_60",2020,59.3276109323818,0,32.5814630078155,0,32.5814630078155,-198237998.475061,49.7521073746485,-202217476.110703,0,0,0,0,0,-8459342.94889785,2.45559313928865,-10736922.1006708,0,0,0,0,0,-29065964404.8931,6245.71089433551,-29072831667.0507,"MPA"
"2404","Scomberomorus","MT_60",2021,32.5814630078155,0,18.1331552331323,0,18.1331552331323,-454412617.916323,114.190432027006,-458392095.551965,0,0,0,0,0,-12836384.6007019,3.7269985659863,-15113963.7524749,0,0,0,0,0,-98441525882.1648,21278.3433345479,-98448393144.3224,"MPA"
"2405","Scomberomorus","MT_60",2022,18.1331552331323,0,10.164162889562,0,10.164162889562,-1042962316.50337,262.412463096223,-1046941794.13901,0,0,0,0,0,-19482538.1427493,5.65793341173085,-21760117.2945223,0,0,0,0,0,-335377769085.858,72868.4558036129,-335384636348.015,"MPA"
"2406","Scomberomorus","MT_60",2023,10.164162889562,0,5.71962755623235,0,5.71962755623235,-2396753436.62299,603.749869633785,-2400732914.25863,0,0,0,0,0,-29576320.3423747,8.59114938539194,-31853899.4941477,0,0,0,0,0,-1148513291655.96,250668.834170008,-1148520158918.11,"MPA"
"2407","Scomberomorus","MT_60",2024,5.71962755623235,0,3.22558114362008,0,3.22558114362008,-5514370612.70543,1390.68435817616,-5518350090.34107,0,0,0,0,0,-44909433.858787,13.0478380673474,-47187013.01056,0,0,0,0,0,-3950906941462.62,865695.318502193,-3950913808724.78,"MPA"
"2408","Scomberomorus","MT_60",2025,3.22558114362008,0,1.82128147165748,0,1.82128147165748,-12701864367.9829,3206.85968555785,-12705843845.6186,0,0,0,0,0,-68206359.172623,19.8206862692613,-70483938.324396,0,0,0,0,0,-13644622612886.6,2999924.12439846,-13644629480148.8,"MPA"
"2409","Scomberomorus","MT_60",2026,1.82128147165748,0,1.02906705160378,0,1.02906705160378,-29289965428.6243,7402.73391128481,-29293944906.2599,0,0,0,0,0,-103610792.818794,30.1155382750313,-105888371.970567,0,0,0,0,0,-47283185746611.7,10426593.6423208,-47283192613873.8,"MPA"
"2410","Scomberomorus","MT_60",2027,1.02906705160378,0,0.581671815364827,0,0.581671815364827,-67613129852.6454,17105.9080307379,-67617109330.281,0,0,0,0,0,-157426173.566947,45.7670940171006,-159703752.71872,0,0,0,0,0,-164338344388344,36332525.8035759,-164338351255606,"MPA"
"2411","Scomberomorus","MT_60",2028,0.581671815364827,0,0.328856985258274,0,0.328856985258274,-156237411041.694,39566.0916586752,-156241390519.33,0,0,0,0,0,-239243224.563729,69.5673954196781,-241520803.715502,0,0,0,0,0,-572653672218631,126890245.552591,-572653679085893,"MPA"
"2412","Scomberomorus","MT_60",2029,0.328856985258274,0,0.185947193211631,0,0.185947193211631,-361378286068.285,91601.945059557,-361382265545.921,0,0,0,0,0,-363657085.120699,105.766166680714,-365934664.272472,0,0,0,0,0,-1999975599749331,444038288.308037,-1999975606616593,"MPA"
"2413","Scomberomorus","MT_60",2030,0.185947193211631,0,0.105148341239981,0,0.105148341239981,-836649578424.707,212262.178397606,-836653557902.343,0,0,0,0,0,-552882792.973142,160.833050783174,-555160372.124915,0,0,0,0,0,-6998691964879743,1556577276.32841,-6998691971747005,"MPA"
"2414","Scomberomorus","MT_60",2031,0.105148341239981,0,0.0594610155298905,0,0.0594610155298905,-1938704052150.9,492276.607385946,-1938708031628.53,0,0,0,0,0,-840739804.703601,244.619028629372,-843017383.855374,0,0,0,0,0,-24533931337463104,5465040028.06609,-24533931344330368,"MPA"
"2415","Scomberomorus","MT_60",2032,0.0594610155298905,0,0.0336257427428767,0,0.0336257427428767,-4496225661693.26,1142607.85219105,-4496229641170.9,0,0,0,0,0,-1278723206.17672,372.126373034793,-1281000785.32849,0,0,0,0,0,-86137012819126224,19213920863.5929,-86137012825993504,"MPA"
"2416","Scomberomorus","MT_60",2033,0.0336257427428767,0,0.0190159013869456,0,0.0190159013869456,-10436048898512.6,2654116.13846128,-10436052877990.3,0,0,0,0,0,-1945255982.31743,566.206435210661,-1947533561.4692,0,0,0,0,0,-302839455746611904,67635910701.6455,-302839455753479168,"MPA"
"2417","Scomberomorus","MT_60",2034,0.0190159013869456,0,0.010753876346865,0,0.010753876346865,-24241462852017.9,6169659.64917356,-24241466831495.6,0,0,0,0,0,-2959791444.87344,861.672321653795,-2962069024.02521,0,0,0,0,0,-1066040738443144960,238355579910.08,-1066040738450012288,"MPA"
"2418","Scomberomorus","MT_60",2035,0.010753876346865,0,0.0060815587780846,0,0.0060815587780846,-56350802825735.9,14351771.0882404,-56350806805213.5,0,0,0,0,0,-4504311868.10205,1311.5695339584,-4506589447.25382,0,0,0,0,0,-3756832070174287360,840844197247.094,-3756832070181154304,"MPA"
"2419","Scomberomorus","MT_60",2036,0.0060815587780846,0,0.00343926600719711,0,0.00343926600719711,-131082404667470,33407028.7407542,-131082408646948,0,0,0,0,0,-6856107674.79601,1996.73839730665,-6858385253.94778,0,0,0,0,0,-13252932645543833600,2968997754241.29,-13252932645550698496,"MPA"
"2420","Scomberomorus","MT_60",2037,0.00343926600719711,0,0.00194498915943479,0,0.00194498915943479,-305124268859158,77811526.6829907,-305124272838635,0,0,0,0,0,-10437764141.2706,3040.39859129874,-10440041720.4224,0,0,0,0,0,-46795740983353393152,10492414513403.7,-46795740983360258058,"MPA"
"2421","Scomberomorus","MT_60",2038,0.00194498915943479,0,0.00109993980591352,0,0.00109993980591352,-710694308440506,181346867.020163,-710694312419983,0,0,0,0,0,-15893400674.9378,4630.39676624296,-15895678254.0896,0,0,0,0,0,-1.65375777451435e+20,37109374040758.3,-1.65375777451442e+20,"MPA"
"2422","Scomberomorus","MT_60",2039,0.00109993980591352,0,0.000622043608257742,0,0.000622043608257742,-1656337971234280,422885838.582494,-1656337975213758,0,0,0,0,0,-24204968157.9414,7053.14875330642,-24207245737.0931,0,0,0,0,0,-5.84897935064108e+20,131343732063319,-5.84897935064115e+20,"MPA"
"2423","Scomberomorus","MT_60",2040,0.000622043608257742,0,0.000351781378023923,0,0.000351781378023923,-3862442640729815,986667319.386557,-3862442644709293,0,0,0,0,0,-36869678691.8169,10745.4313898368,-36871956270.9687,0,0,0,0,0,-2.07016905170839e+21,465190074583458,-2.0701690517084e+21,"MPA"
"2424","Scomberomorus","MT_60",2041,0.000351781378023923,0,0.000198941284142102,0,0.000198941284142102,-9011760572043372,2303249732.84834,-9011760576022850,0,0,0,0,0,-56170742544.246,16373.4222858548,-56173020123.3978,0,0,0,0,0,-7.33207500987055e+21,1648644942136354,-7.33207500987056e+21,"MPA"
"2425","Scomberomorus","MT_60",2042,0.000198941284142102,0,0.000112506346144852,0,0.000112506346144852,-21036812228621280,5379262889.35769,-21036812232600760,0,0,0,0,0,-85590541172.3948,24953.3400899615,-85592818751.5466,0,0,0,0,0,-2.59850522202377e+22,5846307943936801,-2.59850522202377e+22,"MPA"
"2426","Scomberomorus","MT_60",2043,0.000112506346144852,0,6.36251973062804e-05,0,6.36251973062804e-05,-49131686294331888,12569132948.4998,-49131686298311368,0,0,0,0,0,-130441262985.304,38035.6064850309,-130443540564.456,0,0,0,0,0,-9.21463520349817e+22,20743308644191376,-9.21463520349817e+22,"MPA"
"2427","Scomberomorus","MT_60",2044,6.36251973062804e-05,0,3.59816665227039e-05,0,3.59816665227039e-05,-114800616686569632,29381814271.7271,-114800616690549104,0,0,0,0,0,-198827593036.949,57986.0153736855,-198829870616.101,0,0,0,0,0,-3.2694484091969e+23,73637919078245744,-3.2694484091969e+23,"MPA"
"2428","Scomberomorus","MT_60",2045,3.59816665227039e-05,0,2.03485473994802e-05,0,2.03485473994802e-05,-268359831309377312,68712083089.0244,-268359831313356768,0,0,0,0,0,-303116498775.714,88415.0659274609,-303118776354.866,0,0,0,0,0,-1.16064115670553e+24,261540331785795072,-1.16064115670553e+24,"MPA"
"2429","Scomberomorus","MT_60",2046,2.03485473994802e-05,0,1.15076210870164e-05,0,1.15076210870164e-05,-627584221183717248,160753280975.971,-627584221187696768,0,0,0,0,0,-462181528602.119,134833.622636984,-462183806181.27,0,0,0,0,0,-4.12225762227832e+24,929345281042732672,-4.12225762227832e+24,"MPA"
"2430","Scomberomorus","MT_60",2047,1.15076210870164e-05,0,6.5078524305934e-06,0,6.5078524305934e-06,-1468245730715545856,376227310975.793,-1468245730719525632,0,0,0,0,0,-704830213760.743,205654.343601369,-704832491339.895,0,0,0,0,0,-1.46478389866249e+25,3303735442643879936,-1.46478389866249e+25,"MPA"
"2431","Scomberomorus","MT_60",2048,6.5078524305934e-06,0,3.68035609108925e-06,0,3.68035609108925e-06,-3436285342140971008,880839004056.519,-3436285342144950784,0,0,0,0,0,-1075038941523.03,313721.417135925,-1075041219102.18,0,0,0,0,0,-5.20716958544803e+25,11749311451208587264,-5.20716958544803e+25,"MPA"
"2432","Scomberomorus","MT_60",2049,3.68035609108925e-06,0,2.08133499035751e-06,0,2.08133499035751e-06,-8045173941719023616,2062960769354.19,-8.045173941723e+18,0,0,0,0,0,-1639949510935.9,478647.612221872,-1639951788515.05,0,0,0,0,0,-1.85186308954958e+26,41801176189866205184,-1.85186308954958e+26,"MPA"
"2433","Scomberomorus","MT_60",2050,2.08133499035751e-06,0,1.17704788293441e-06,0,1.17704788293441e-06,-18842124551664369664,4833108261336.19,-18842124551668350976,0,0,0,0,0,-2502085846545.18,730385.14081746,-2502088124124.33,0,0,0,0,0,-6.58847589556487e+26,1.48772985752208e+20,-6.58847589556487e+26,"MPA"
"2434","Scomberomorus","MT_60",2051,1.17704788293441e-06,0,6.6565052033877e-07,0,6.6565052033877e-07,-44143363841224654848,11326520813342.1,-44143363841228636160,0,0,0,0,0,-3818020348797.15,1114682.36554808,-3818022626376.3,0,0,0,0,0,-2.34487954618193e+27,5.29675960801079e+20,-2.34487954618193e+27,"MPA"
"2435","Scomberomorus","MT_60",2052,6.6565052033877e-07,0,3.76442302613077e-07,0,3.76442302613077e-07,-1.0345117516162e+20,26551845060979.6,-1.03451175161624e+20,0,0,0,0,0,-5826898325648.65,1701423.29630321,-5826900603227.8,0,0,0,0,0,-8.34846676166996e+27,1.88642123544984e+21,-8.34846676166996e+27,"MPA"
"2436","Scomberomorus","MT_60",2053,3.76442302613077e-07,0,2.12887698404386e-07,0,2.12887698404386e-07,-2.42512208253039e+20,62260865778309.3,-2.42512208253043e+20,0,0,0,0,0,-8894031934894.88,2597374.34262459,-8894034212474.03,0,0,0,0,0,-2.97327538875713e+28,6.72049725522885e+21,-2.97327538875713e+28,"MPA"
"2437","Scomberomorus","MT_60",2054,2.12887698404386e-07,0,1.20393409085353e-07,0,1.20393409085353e-07,-5.6866180157978e+20,146033445088829,-5.68661801579784e+20,0,0,0,0,0,-13577532645975.2,3965669.69245576,-13577534923554.4,0,0,0,0,0,-1.05924852380157e+29,2.39491981141769e+22,-1.05924852380157e+29,"MPA"
"2438","Scomberomorus","MT_60",2055,1.20393409085353e-07,0,6.80855355217069e-08,0,6.80855355217069e-08,-1.33380159329629e+21,342610774147883,-1.3338015932963e+21,0,0,0,0,0,-20730169243939.1,6055601.05664046,-20730171521518.2,0,0,0,0,0,-3.77474341335913e+29,8.53690214117108e+22,-3.77474341335913e+29,"MPA"
"2439","Scomberomorus","MT_60",2056,6.80855355217069e-08,0,3.85041023641861e-08,0,3.85041023641861e-08,-3.12924752381863e+21,804000483624208,-3.12924752381863e+21,0,0,0,0,0,-31655090946365.7,9248165.99060558,-31655093223944.8,0,0,0,0,0,-1.34554046336948e+30,3.0438460596903e+23,-1.34554046336948e+30,"MPA"
"2440","Scomberomorus","MT_60",2057,3.85041023641861e-08,0,2.17750493923988e-08,0,2.17750493923988e-08,-7.34336662000032e+21,1887181213537763,-7.34336662000033e+21,0,0,0,0,0,-48343927015911.9,14125718.4714858,-48343929293491.1,0,0,0,0,0,-4.79754595970948e+30,1.08555484902034e+24,-4.79754595970948e+30,"MPA"
"2441","Scomberomorus","MT_60",2058,2.17750493923988e-08,0,1.23143443667524e-08,0,1.23143443667524e-08,-1.72366358126002e+22,4430661467292635,-1.72366358126002e+22,0,0,0,0,0,-73840878670054.2,21578486.8675668,-73840880947633.4,0,0,0,0,0,-1.71099299301965e+31,3.8724119287881e+24,-1.71099299301965e+31,"MPA"
"2442","Scomberomorus","MT_60",2059,1.23143443667524e-08,0,6.96407500396303e-09,0,6.96407500396303e-09,-4.04676019307543e+22,10404402089109442,-4.04676019307543e+22,0,0,0,0,0,-112799531853035,32967490.76896,-112799534130614,0,0,0,0,0,-6.10348678578653e+31,1.38167633353425e+25,-6.10348678578653e+31,"MPA"
"2443","Scomberomorus","MT_60",2060,6.96407500396303e-09,0,3.93836157383176e-09,0,3.93836157383176e-09,-9.50289714476578e+22,24437425532911688,-9.50289714476578e+22,0,0,0,0,0,-172334489806015,50373743.8644998,-172334492083594,0,0,0,0,0,-2.17772370270522e+32,4.93083739805951e+25,-2.17772370270522e+32,"MPA"
"2444","Scomberomorus","MT_60",2061,3.93836157383176e-09,0,2.22724365797766e-09,0,2.22724365797766e-09,-2.23200083323587e+23,57408993689109152,-2.23200083323587e+23,0,0,0,0,0,-263324057913472,76979480.6339055,-263324060191051,0,0,0,0,0,-7.77171991393405e+32,1.7600277827599e+26,-7.77171991393405e+32,"MPA"
"2445","Scomberomorus","MT_60",2062,2.22724365797766e-09,0,1.25956294743642e-09,0,1.25956294743642e-09,-5.24347057658561e+23,134892307141901008,-5.24347057658561e+23,0,0,0,0,0,-402403070756805,117651407.816517,-402403073034384,0,0,0,0,0,-2.77406084689293e+33,6.28344767593886e+26,-2.77406084689293e+33,"MPA"
"2446","Scomberomorus","MT_60",2063,1.25956294743642e-09,0,7.12314888796676e-10,0,7.12314888796676e-10,-1.23204361904794e+24,317010757880954944,-1.23204361904794e+24,0,0,0,0,0,-615011784885638,179833125.508617,-615011787163217,0,0,0,0,0,-9.90363126767769e+33,2.24363153691862e+27,-9.90363126767769e+33,"MPA"
"2447","Scomberomorus","MT_60",2064,7.12314888796676e-10,0,4.02832190192837e-10,0,4.02832190192837e-10,-2.89542887724442e+24,745139138413510784,-2.89542887724442e+24,0,0,0,0,0,-940060927049022,274910730.078043,-940060929326601,0,0,0,0,0,-3.53629099630482e+34,8.01264283037999e+27,-3.53629099630482e+34,"MPA"
"2448","Scomberomorus","MT_60",2065,4.02832190192837e-10,0,2.27811851202091e-10,0,2.27811851202091e-10,-6.80575445877359e+24,1751759442603621632,-6.80575445877359e+24,0,0,0,0,0,-1437070256338871,420302682.119468,-1437070258616450,0,0,0,0,0,-1.26290953890736e+35,2.86198032426327e+28,-1.26290953890736e+35,"MPA"
"2449","Sphoeroides","MT",2015,1.05404530468099,1.05404530468099,11.6823362986836,0.215059757069489,33.7441264616141,-103085.468004021,0.00965395726244087,-200238.7684632,0.262859051410687,0.262859051410687,2.10505196648177,0.0189900758524758,7.64148878962929,-35392.8985214106,0.00341829281488595,-96145.3040646318,2.00713854454357,2.00713854454357,31.7436956882699,2.550221830245,71.6135898880249,-691120.150080551,0.0601182191119293,-846484.595074572,"MPA"
"2450","Sphoeroides","MT",2016,1.59662780802296,1.5961638617305,17.2004335496758,0.0287498795572922,50.9153461854402,-9089.37583402467,0.000852257229634086,-106242.676293204,0.361562582160682,0.361562543697538,2.86539627956661,0.00148567173305255,10.5053993589997,-2012.58604059776,0.000194421975278244,-62764.991583819,3.38844892540457,3.38841935387528,51.7741265318983,0.567643432212403,122.820043416182,-90516.6773816618,0.00793042739929345,-245881.122375683,"MPA"
"2451","Sphoeroides","MT",2017,2.40909651839009,2.4083733997788,24.8335566901411,0.00383403422073506,75.7443457227493,-802.396709761662,7.53265937237359e-05,-97955.6971689406,0.497070587085606,0.497070434239249,3.88248645693936,0.000116195085193621,14.3877694680075,-114.468756827813,1.10605301598352e-05,-60866.8743000491,5.81131939876811,5.81118620630481,83.3330358750002,0.129244053739195,206.023702044979,-11940.0050742966,0.00105321372324416,-167304.450068317,"MPA"
"2452","Sphoeroides","MT",2018,3.58389863252253,3.58289156579094,34.5353775425435,0.000504711416662075,110.278211487145,-70.9172619983215,6.66542671370351e-06,-97224.2177211773,0.68076774351164,0.680767397353904,5.21181241391559,9.05509220475815e-06,19.5995724806732,-6.5119747492855,6.29361780087178e-07,-60758.9175179705,9.74816082944217,9.74780277676516,124.900420536757,0.0289684386270822,330.894796090432,-1585.62592891464,0.000140756471782539,-156950.070922935,"MPA"
"2453","Sphoeroides","MT",2019,5.21789352821757,5.21656539510755,45.4041119470304,6.50973789430092e-05,155.680930203686,-6.27496029142556,5.90471014452167e-07,-97159.5754194704,0.927367981613099,0.927367336141994,6.90683219000524,7.02042471667795e-07,26.5064033231648,-0.370536176770807,3.58193679319943e-08,-60752.776079398,15.656527175746,15.6557854801925,164.721254559043,0.00625390145558497,495.609055052466,-211.893212881466,1.89209629019735e-05,-155576.338206902,"MPA"
"2454","Sphoeroides","MT",2020,7.3661560812618,7.36452322527565,55.0459225746852,8.15029532529985e-06,210.72521177209,-0.555846035450411,5.23659021711918e-08,-97153.8563052144,1.25416969037795,1.25416860521067,8.99505889893376,5.40477255715158e-08,35.5014610828836,-0.0210882012396613,2.03905005442426e-09,-60752.4266314225,23.4501017563723,23.4488855105771,175.826855436248,0.00126599869076812,671.433428244228,-28.48032804927,2.55698365449665e-06,-155392.92532207,"MPA"
"2455","Sphoeroides","MT",2021,9.97061617077496,9.96879860286019,59.6548914721312,9.79466926274706e-07,270.378284696839,-0.0492914580774968,4.64906652444856e-09,-97153.3497506371,1.67977736969592,1.67977567182948,11.4445302656482,4.12168125998445e-09,46.9459896465436,-0.00120043393792205,1.16099283789675e-10,-60752.4067436552,31.7693594466111,31.7678666922114,135.687172256876,0.00023296919177919,807.118874777512,-3.84839443548348,3.47225014216304e-07,-155368.293388456,"MPA"
"2456","Sphoeroides","MT",2022,12.7931445646874,12.7913773729729,55.8880076124097,1.11696100671726e-07,326.264525005838,-0.00437575728461433,4.13178072631572e-10,-97153.3048349363,2.22128353596871,2.22128103516378,14.1192858631923,3.10398212231043e-10,61.0652730086206,-6.83479693473099e-05,6.61183687884824e-12,-60752.4056115692,38.1894147212822,38.1881701033524,68.0067470570349,3.82085037503896e-05,875.124339008114,-0.522545241659871,4.73573375809156e-08,-155364.967539262,"MPA"
"2457","Sphoeroides","MT",2023,15.4374425424319,15.4359937912049,44.0902408045814,1.19914226871471e-08,370.353317047201,-0.000388858288189939,3.67578139300321e-11,-97153.3008480373,2.88934766472582,2.88934419021656,16.7375649480757,2.29984077322891e-11,77.8028344821641,-3.89224849843489e-06,3.7662130879243e-13,-60752.4055471135,41.4071425653147,41.4064844318935,22.0562760027094,5.67384333974008e-06,897.179951203559,-0.0712657285378092,6.48429421122015e-09,-155364.516259749,"MPA"
"2458","Sphoeroides","MT",2024,17.5235357022432,17.5225546814699,29.1384604548053,1.21220472651180e-09,399.490796480021,-3.45921407505547e-05,3.27332465572335e-12,-97153.3004937711,3.68129752057859,3.68129298288153,18.8660756072399,1.66944096426828e-12,96.6689055517053,-2.21698317977109e-07,2.14573961239191e-14,-60752.4055434429,42.450719846661,42.4504865427331,5.42858237562295,7.99328082639657e-07,902.608299475926,-0.00975775367802271,8.909595827292e-10,-155364.454751774,"MPA"
"2459","Sphoeroides","MT",2025,18.9021966662797,18.9016425632431,16.5248250107266,1.16555477652612e-10,416.015067387595,-3.08034558029257e-06,2.91770469871507e-13,-97153.3004622593,4.57395935113546,4.57395381828195,19.9968248146808,1.18201564322737e-13,116.665724833532,-1.26302209412045e-08,1.22275005216943e-15,-60752.4055432339,42.7075660807205,42.7075016376601,1.20659486943665,1.10842652981038e-07,903.814829791459,-0.00134073698121569,1.22803273177692e-10,-155364.446334758,"MPA"
"2460","Sphoeroides","MT",2026,19.6840545243679,19.683782573002,8.40522513011775,1.08291422827133e-11,424.420020566336,-2.74562881659949e-07,2.60310848201714e-14,-97153.3004594535,5.52012335314909,5.52011710657831,19.7278014249511,8.13070474918691e-15,136.393520011913,-7.19691914178942e-10,6.96924963856917e-17,-60752.405543222,42.7646539373345,42.7646383303173,0.261244058165937,1.5340883343836e-08,904.076058227267,-0.00018479711325388,1.69734968079142e-11,-155364.445178818,"MPA"
"2461","Sphoeroides","MT",2027,20.0817409776111,20.0816188693719,4.00692971202941,9.86553156021398e-13,428.426828170125,-2.44955804974109e-08,2.32449070968215e-15,-97153.3004592035,6.45355828466566,6.45355180371909,17.9824932789712,5.41893430911208e-16,154.376006809937,-4.10176045514058e-11,3.973022958762e-18,-60752.4055432213,42.7770141501654,42.777010640068,0.0562311809088481,2.12625510164965e-09,904.132285895952,-2.55420933931623e-05,2.3518546258038e-12,-155364.445019563,"MPA"
"2462","Sphoeroides","MT",2028,20.2713259843199,20.2712737301034,1.84648998479998,8.90039672382336e-14,430.273265900708,-2.18736314173036e-09,2.07746659225925e-16,-97153.3004591812,7.30441268481712,7.30440653212395,15.1110172213143,3.49720374551042e-17,169.487017878558,-2.33820651841632e-12,2.26538414627331e-19,-60752.4055432213,42.7796746030743,42.7796738503475,0.0120880331843589,2.95285735495799e-10,904.144373176115,-3.53912272507084e-06,3.26595730202525e-13,-155364.44499756,"MPA"
"2463","Sphoeroides","MT",2029,20.3586915242098,20.358669679198,0.83706495350474,7.99541479770026e-15,431.110309009201,-1.95490663484676e-10,1.85822025808995e-17,-97153.3004591792,8.01940112901196,8.01939577891545,11.7537168240602,2.18969302295924e-18,181.240729352522,-1.33316762169623e-13,1.29195483195399e-20,-60752.4055432213,42.7802465214984,42.7802463654363,0.00259784933207319,4.10871547550354e-11,904.146970869343,-4.914684559153e-07,4.54431351681632e-14,-155364.444994512,"MPA"
"2464","Sphoeroides","MT",2030,20.3982968257444,20.3982877896531,0.376587251871156,7.17119970850651e-16,431.486887224981,-1.74859270554817e-11,1.66342657404182e-18,-97153.300459179,8.57553650884337,8.57553221767151,8.54604365617328,1.33564752282562e-19,189.786768717524,-7.60283449127684e-15,7.3694730331805e-22,-60752.4055432213,42.7803694332369,42.7803694016898,0.000558268349707246,5.72706769698949e-12,904.14752910614,-6.8383831659555e-08,6.3342220750165e-15,-155364.444994089,"MPA"
"2465","Sphoeroides","MT",2031,20.4161148970432,20.41611117622,0.168837193738253,6.42994850723143e-17,431.655720697896,-1.56529025791751e-12,1.49018430426954e-19,-97153.300459179,8.97989855727695,8.97989534507708,5.88616219778233,7.97946517529146e-21,195.672927703106,-4.33664582696854e-16,4.20443941779983e-23,-60752.4055432213,42.7803958466156,42.7803958403628,0.000119966738056774,7.99549939659487e-13,904.147649066625,-9.53187702191543e-09,8.84313581621235e-16,-155364.44499403,"MPA"
"2466","Sphoeroides","MT",2032,20.4241033752185,20.424101845821,0.0755774973064623,5.76674232544691e-18,431.731296665805,-1.40226834699832e-13,1.33595885420254e-20,-97153.300459179,9.25840643714505,9.25840416188308,3.89372522451305,4.69452706848589e-22,199.566650652357,-2.47410576049899e-17,2.3991713258177e-24,-60752.4055432213,42.7804015226329,42.7804015214128,2.57792653371155e-05,1.11783459423116e-13,904.14767484467,-1.33073457298017e-09,1.2363407629422e-16,-155364.444994022,"MPA"
"2467","Sphoeroides","MT",2033,20.4276793069326,20.4276786786637,0.0338074305146306,5.17444251560187e-19,431.765103468051,-1.25714155896827e-14,1.19853314672887e-21,-97153.300459179,9.442640761438,9.4426392161563,2.50380764986504,2.73264199762581e-23,202.07045675694,-1.41177847234626e-18,1.36928820765534e-25,-60752.4055432213,42.7804027423398,42.7804027421047,5.5395229346102e-06,1.56483330882739e-14,904.147680383957,-1.86047283610383e-10,1.73072757069575e-17,-155364.444994021,"MPA"
"2468","Sphoeroides","MT",2034,20.4292789002908,20.4292786422244,0.0151180202273253,4.64564314029571e-20,431.780221230212,-1.12782347582069e-15,1.07596541921336e-22,-97153.300459179,9.56111016253579,9.5611091450262,1.579791063568,1.57946727202049e-24,203.650246802999,-8.05743907658387e-20,7.81641964882572e-27,-60752.4055432213,42.7804030044352,42.7804030043904,1.19032725498861e-06,2.19313180592996e-15,904.14768157424,-2.60443700351748e-11,2.42563449922276e-18,-155364.444994021,"MPA"
"2469","Sphoeroides","MT",2035,20.4299942081679,20.4299941021546,0.00675952249592685,4.1733843254273e-21,431.786980646694,-1.01248683613175e-16,9.66552922971046e-24,-97153.300459179,9.63585907391282,9.63585841883319,0.984595255794414,9.08833070514508e-26,204.634841403714,-4.59947280033315e-21,4.4627156585068e-28,-60752.4055432213,42.7804030607543,42.7804030607458,2.55771866715284e-07,3.07695909914846e-16,904.147681830003,-3.65014826928528e-12,3.4031598618839e-19,-155364.444994021,"MPA"
"2470","Sphoeroides","MT",2036,20.4303140348593,20.4303139913027,0.00302210226444508,3.75136814714626e-22,431.790002705402,-9.09529325348903e-18,8.6880066418954e-25,-97153.300459179,9.68244588127673,9.68244546640053,0.608875068428286,5.21491733971756e-27,205.243716057266,-2.62602086690127e-22,2.54840161073676e-29,-60752.4055432213,42.7804030728559,42.7804030728543,5.49581462907351e-08,4.3211472729555e-17,904.14768188496,-5.12114998526568e-13,4.77924940780642e-20,-155364.444994021,"MPA"
"2471","Sphoeroides","MT",2037,20.4304570257581,20.4304570078597,0.0013511060688798,3.37398313934678e-23,431.791353793573,-8.17544140521585e-19,7.8139445594547e-26,-97153.300459179,9.71125522694367,9.71125496737315,0.374697013711809,2.98732616276231e-28,205.618412811407,-1.49956765970086e-23,1.45550193020699e-30,-60752.4055432213,42.7804030754562,42.7804030754559,1.18087485594197e-08,6.07381786894462e-18,904.147681896768,-7.19191987085176e-14,6.71772763524869e-21,-155364.444994021,"MPA"
"2472","Sphoeroides","MT",2038,20.4305209534744,20.4305209461187,0.000604037174144933,3.03626033904642e-24,431.791957823391,-7.35294624001329e-20,7.03177660576881e-27,-97153.300459179,9.72898427552101,9.72898411461491,0.229889694478544,1.70960157610459e-29,205.848302344979,-8.56466759181246e-25,8.31443829201407e-32,-60752.4055432213,42.780403076015,42.7804030760149,2.53732655230146e-09,8.54435095255485e-19,904.147681899305,-1.01089846426512e-14,9.45017182882123e-22,-155364.444994021,"MPA"
"2473","Sphoeroides","MT",2039,20.4305495335832,20.4305495305599,0.000270044218010579,2.73380914664611e-25,431.792227864586,-6.61692374672573e-21,6.33131094158856e-28,-97153.300459179,9.7398616654719,9.73986156644747,0.140782885282026,9.77855073563912e-31,205.989085131237,-4.89249458036811e-26,4.75036748954923e-33,-60752.4055432213,42.780403076135,42.780403076135,5.45202549007102e-10,1.20288447719278e-19,904.147681899851,-1.42208269038332e-15,1.33040707981016e-22,-155364.444994021,"MPA"
"2474","Sphoeroides","MT",2040,20.4305623107781,20.4305623095354,0.00012072702085916,2.46275133790655e-26,431.792348590364,-5.95778336691977e-22,5.70355643091408e-29,-97153.300459179,9.7465229050712,9.74652284448522,0.0861159364900802,5.59163509123493e-32,206.075201007141,-2.79527455265963e-27,2.71452981110198e-34,-60752.4055432213,42.7804030761608,42.7804030761608,1.17196279895793e-10,1.69461995610542e-20,904.147681899968,-2.00202590347761e-16,1.87427340691133e-23,-155364.444994021,"MPA"
"2475","Sphoeroides","MT",2041,20.4305680230058,20.430568022495,5.39725719552528e-05,2.21965969641063e-27,431.792402562425,-5.36706441118514e-23,5.14057209144891e-30,-97153.300459179,9.75059754017361,9.75059750328496,0.0526396358843649,3.19712645759285e-33,206.127840606137,-1.59731941557025e-28,1.55143678264329e-35,-60752.4055432213,42.7804030761664,42.7804030761664,2.50629244701272e-11,2.3889273738998e-21,904.147681899993,-2.82044794242311e-17,2.64218713571187e-24,-155364.444994021,"MPA"
"2476","Sphoeroides","MT",2042,20.430570576733,20.430570576523,2.41290976762256e-05,2.0015031081655e-28,431.792426691313,-4.83729438943725e-24,4.63533655596408e-31,-97153.300459179,9.75308822096381,9.75308819859625,0.0321629605266479,1.82802113228805e-34,206.160003544296,-9.12916745009098e-30,8.8683854179003e-37,-60752.4055432213,42.7804030761675,42.7804030761675,5.3593674967569e-12,3.36974283849344e-22,904.147681899998,-3.97602145073166e-18,3.72698277720759e-25,-155364.444994021,"MPA"
"2477","Sphoeroides","MT",2043,20.4305717184088,20.4305717183225,1.07871953194444e-05,1.805598215764e-29,431.792437478422,-4.36186617280851e-25,4.18163474891596e-32,-97153.300459179,9.75461003370093,9.75461002018691,0.0196465055649676,1.04527219943142e-35,206.179650036347,-5.21845098046399e-31,5.07019879047351e-38,-60752.4055432213,42.7804030761678,42.7804030761678,1.26102764629575e-12,4.75594294369869e-23,904.1476819,-5.6084458471532e-19,5.26013950918331e-26,-155364.444994021,"MPA"
"2478","Sphoeroides","MT",2044,20.4305722288087,20.4305722287732,4.8225371559566e-06,1.62956712346668e-30,431.792442300924,-3.93493135565276e-26,3.77395938888047e-33,-97153.300459179,9.75553962171603,9.75553961357698,0.0119989997944698,5.97750726013176e-37,206.191649028002,-2.98347231270716e-32,2.89917422160524e-39,-60752.4055432213,42.7804030761679,42.7804030761679,2.36442683680453e-13,6.7159447940538e-24,904.1476819,-7.91557389697119e-20,7.42792900816904e-27,-155364.444994021,"MPA"
"2479","Sphoeroides","MT",2045,20.4305724569889,20.4305724569743,2.15596773405204e-06,1.47130048050277e-31,431.792444456877,-3.5513075688921e-27,3.40742527280813e-34,-97153.300459179,9.75610736270547,9.75610735781749,0.00732760882651791,3.4187123411063e-38,206.198976631941,-1.70596974172315e-33,1.65802657795234e-40,-60752.4055432213,42.7804030761679,42.7804030761679,0,9.48842581585569e-25,904.1476819,-1.11777113255208e-20,1.04943318506513e-27,-155364.444994021,"MPA"
"2480","Sphoeroides","MT",2046,20.4305725589994,20.4305725589934,9.63848116224388e-07,1.328925271196e-32,431.792445420719,-3.20639782117834e-28,3.07769459205778e-35,-97153.300459179,9.75645407359834,9.75645407067032,0.00447459311092516,1.95551865298143e-39,206.203451222124,-9.75637508159588e-35,9.48364868415603e-42,-60752.4055432213,42.7804030761679,42.7804030761679,0,1.34117351848439e-25,904.1476819,-1.57921019239404e-21,1.48335669640386e-28,-155364.444994021,"MPA"
"2481","Sphoeroides","MT",2047,20.4305726046042,20.4305726046018,4.30898169312852e-07,1.20077669819216e-33,431.792445851615,-2.89612022102561e-29,2.78091178047893e-36,-97153.300459179,9.75666579207692,9.75666579032706,0.00273230368352975,1.11871923418037e-40,206.206183524057,-5.58049151582449e-36,5.4253177029357e-43,-60752.4055432213,42.7804030761679,42.7804030761679,0,1.8965651820712e-26,904.1476819,-2.23218785841191e-22,2.09762765534686e-29,-155364.444994021,"MPA"
"2482","Sphoeroides","MT",2048,20.4305726249924,20.4305726249914,1.92637324932021e-07,1.08537361692306e-34,431.792446044251,-2.61684666864352e-30,2.51364660811155e-37,-97153.300459179,9.75679507292383,9.75679507188031,0.00166837895161623,6.40090352863502e-42,206.207851901965,-3.19243575780113e-37,3.10412782958806e-44,-60752.4055432213,42.7804030761679,42.7804030761679,0,2.6830683975301e-27,904.1476819,-3.15655633947367e-23,2.96751122769217e-30,-155364.444994021,"MPA"
"2483","Sphoeroides","MT",2049,20.4305726341071,20.4305726341067,8.6120386049347e-08,9.81397049847679e-36,431.792446130371,-2.36534930692739e-31,2.27284441596535e-38,-97153.300459179,9.75687401343413,9.75687401281305,0.00101871927119259,3.66288161538125e-43,206.208870620616,-1.8265711198813e-38,1.77630559736226e-45,-60752.4055432213,42.7804030761679,42.7804030761679,0,3.79722955394836e-28,904.1476819,-4.46557631634679e-24,4.19978907203385e-31,-155364.444994021,"MPA"
"2484","Sphoeroides","MT",2050,20.4305726381819,20.4305726381818,3.85009441550309e-08,8.87671372768366e-37,431.792446168872,-2.13875369222873e-32,2.0557825425699e-39,-97153.300459179,9.75692221484563,9.75692221447665,0.000622029136524764,2.09635942360055e-44,206.209492649383,-1.04523675339104e-39,1.01661941959235e-46,-60752.4055432213,42.7804030761679,42.7804030761679,0,5.37605590445425e-29,904.1476819,-6.31993518296198e-25,5.94599312930479e-32,-155364.444994021,"MPA"
"2485","Sphoeroides","MT",2051,20.4305726400036,20.4305726400036,1.72121971921079e-08,8.03147821450826e-38,431.792446186084,-1.93449779160226e-33,1.860032125566e-40,-97153.300459179,9.75695164658774,9.7569516463689,0.000379808540183738,1.1999671955866e-45,206.209872457705,-5.98212369112589e-41,5.81916564647965e-48,-60752.4055432213,42.7804030761679,42.7804030761679,0,7.61401659137443e-30,904.1476819,-8.94766154466548e-26,8.42120899472322e-33,-155364.444994021,"MPA"
"2486","Sphoeroides","MT",2052,20.430572640818,20.430572640818,7.69487652954276e-09,7.26890015180993e-39,431.792446193779,-1.75029603798392e-34,1.6834245749351e-41,-97153.300459179,9.75696961749382,9.75696961736423,0.000231908877260525,6.86962564157073e-47,206.210104366452,-3.42418883285602e-42,3.33137572888739e-49,-60752.4055432213,42.7804030761679,42.7804030761679,0,1.07872027281851e-30,904.1476819,-1.2672420946858e-26,1.19307973068256e-33,-155364.444994021,"MPA"
"2487","Sphoeroides","MT",2053,20.4305726411821,20.4305726411821,3.44007970790594e-09,6.58061235541742e-40,431.792446197219,-1.58410778139492e-35,1.52402211141605e-42,-97153.300459179,9.75698059042435,9.75698059034772,0.000141601937073123,3.93329047533684e-48,206.210245968313,-1.96029126068759e-43,1.90741888591701e-50,-60752.4055432213,42.7804030761679,42.7804030761679,0,1.52876665671041e-31,904.1476819,-1.79537268103038e-27,1.690837334779e-34,-155364.444994021,"MPA"
"2488","Sphoeroides","MT",2054,20.4305726413449,20.4305726413449,1.53792063270104e-09,5.95913234452551e-41,431.792446198757,-1.43410956549992e-36,1.38009184667481e-43,-97153.300459179,9.75698729041904,9.75698729037379,8.64610507003028e-05,2.25235756017958e-49,206.210332429318,-1.12238812890013e-44,1.09226268055159e-51,-60752.4055432213,42.7804030761679,42.7804030761679,0,2.16722356402567e-32,904.1476819,-2.54440929709847e-28,2.39697961672745e-35,-155364.444994021,"MPA"
"2489","Sphoeroides","MT",2055,20.4305726414177,20.4305726414177,6.87527086815915e-10,5.39776376202116e-42,431.792446199444,-1.29867073696576e-37,1.25008295294183e-44,-97153.300459179,9.7569913813842,9.75699138135751,5.27924129095133e-05,1.28995954622557e-50,206.210385221704,-6.42723355125631e-46,6.25555243052468e-53,-60752.4055432213,42.7804030761679,42.7804030761679,0,3.07319132760219e-33,904.1476819,-3.60702777038809e-29,3.39899265255439e-36,-155364.444994021,"MPA"
"2490","Sphoeroides","MT",2056,20.4305726414502,20.4305726414502,3.07368916655453e-10,4.89050944544167e-43,431.792446199751,-1.17633196201892e-38,1.13260653086616e-45,-97153.300459179,9.75699387929422,9.75699387927851,3.2234602819032e-05,7.38875626090627e-52,206.210417456291,-3.68097319197031e-47,3.58311549293153e-54,-60752.4055432213,42.7804030761679,42.7804030761679,0,4.35905605443037e-34,904.1476819,-5.11487907679728e-30,4.82117705071159e-37,-155364.444994021,"MPA"
"2491","Sphoeroides","MT",2057,20.4305726414647,20.4305726414647,1.37386931822099e-10,4.43199468550833e-44,431.792446199889,-1.06578628203343e-39,1.02641783674419e-46,-97153.300459179,9.75699540449708,9.75699540448784,1.96821716708592e-05,4.23274523982848e-53,206.210437138454,-2.10842323175671e-48,2.05263404829087e-55,-60752.4055432213,42.7804030761679,42.7804030761679,0,6.18452317741542e-35,904.1476819,-7.25501351222039e-31,6.84016925688412e-38,-155364.444994021,"MPA"
"2492","Sphoeroides","MT",2058,20.4305726414712,20.4305726414712,6.14689772873314e-11,4.01739940366318e-45,431.79244619995,-9.65862389297537e-41,9.30400575327206e-48,-97153.300459179,9.75699633577287,9.75699633576743,1.20177629375295e-05,2.42508800922281e-54,206.210449156211,-1.2078375151467e-49,1.17602583209464e-56,-60752.4055432213,42.7804030761679,42.7804030761679,0,8.77657694788311e-36,904.1476819,-1.02932374942016e-31,9.70701703226156e-39,-155364.444994021,"MPA"
"2493","Sphoeroides","MT",2059,20.4305726414741,20.4305726414741,2.75136006076593e-11,3.64239814738095e-46,431.792446199978,-8.75509846496655e-42,8.43553003170014e-49,-97153.300459179,9.75699690440178,9.75699690439858,7.33794078734633e-06,1.38958945980765e-55,206.210456494149,-6.92012353550851e-51,6.73869566500587e-58,-60752.4055432213,42.7804030761679,42.7804030761679,0,1.245787143118e-36,904.1476819,-1.46073332283071e-32,1.37785802923264e-39,-155364.444994021,"MPA"
"2494","Sphoeroides","MT",2060,20.4305726414754,20.4305726414754,1.22993955884456e-11,3.30310694616511e-47,431.79244619999,-7.93786009920985e-43,7.6497562086469e-50,-97153.300459179,9.75699725160161,9.75699725159974,4.48048205313389e-06,7.96339403386528e-57,206.210460974629,-3.96527059154755e-52,3.86177993553492e-59,-60752.4055432213,42.7804030761679,42.7804030761679,0,1.7687119065835e-37,904.1476819,-2.07343113825881e-33,1.95622014189837e-40,-155364.444994021,"MPA"
"2495","Sphoeroides","MT",2061,20.430572641476,20.430572641476,5.48701484225928e-12,2.99603619541516e-48,431.792446199996,-7.19844447819039e-44,6.938602612857e-51,-97153.300459179,9.75699746359878,9.75699746359768,2.7357427723746e-06,4.56416829100891e-58,206.210463710371,-2.27239857243118e-53,2.21335439018814e-60,-60752.4055432213,42.7804030761679,42.7804030761679,0,2.51165525944314e-38,904.1476819,-2.94376319580621e-34,2.77792589609374e-41,-155364.444994021,"MPA"
"2496","Sphoeroides","MT",2062,20.4305726414763,20.4305726414763,2.46518058130492e-12,2.71804884262314e-49,431.792446199998,-6.5292467240224e-45,6.29480405816132e-52,-97153.300459179,9.75699759304238,9.75699759304174,1.67042032426369e-06,2.61622996549575e-59,206.21046538079,-1.30241066049029e-54,1.26871833680099e-61,-60752.4055432213,42.7804030761679,42.7804030761679,0,3.5673685616621e-39,904.1476819,-4.18028412981273e-35,3.94555959504928e-42,-155364.444994021,"MPA"
"2497","Sphoeroides","MT",2063,20.4305726414764,20.4305726414764,1.08680004122046e-12,2.46632324305116e-50,431.792446199999,-5.92343027383572e-46,5.71182581991906e-53,-97153.300459179,9.7569976720795,9.75699767207912,1.01994384040415e-06,1.49982326758397e-60,206.210466400734,-7.46555677810241e-56,7.27326454947087e-63,-60752.4055432213,42.7804030761679,42.7804030761679,0,5.06776573758031e-40,904.1476819,-5.93736506132425e-36,5.60501988671892e-43,-155364.444994021,"MPA"
"2498","Sphoeroides","MT",2064,20.4305726414765,20.4305726414765,4.7713172541386e-13,2.23832013222883e-51,431.7924462,-5.37484593133908e-47,5.18378714571601e-54,-97153.300459179,9.75699772033887,9.75699772033865,6.22768657015922e-07,8.599105094156e-62,206.210467023502,-4.27982853885337e-57,4.17006238541027e-64,-60752.4055432213,42.7804030761679,42.7804030761679,0,7.20048049534556e-41,904.1476819,-8.43455749222232e-37,7.96383228037955e-44,-155364.444994021,"MPA"
"2499","Sphoeroides","MT",2065,20.4305726414765,20.4305726414765,2.12058544628383e-13,2.03175323205623e-52,431.7924462,-4.87795989014846e-48,4.7053931812303e-55,-97153.300459179,9.75699774980561,9.75699774980548,3.80257004989453e-07,4.93076756988173e-63,206.210467403759,-2.45380212481673e-58,2.3911335060018e-65,-60752.4055432213,42.7804030761679,42.7804030761679,0,1.02324310981186e-41,904.1476819,-1.19841503839156e-37,1.13172121136404e-44,-155364.444994021,"MPA"
"2500","Sphoeroides","MT_20",2015,1.31256677931528,1.31256677931528,14.3029244146198,0.299432779368718,41.7440954052511,-115242.982486945,0.0107940253157914,-232014.742430613,0.315758196903304,0.315758196903304,2.50344296625517,0.0271476511424735,9.1497257001127,-42122.7596802793,0.0040680204297169,-115166.29989732,2.34852098041875,2.34852098041875,36.451074345223,3.46060774287138,82.6255716423517,-800688.656207148,0.0697209714794105,-987366.956489657,"MPA"
"2501","Sphoeroides","MT_20",2016,1.97515213856863,1.97450619395932,20.909515214916,0.0461365538194292,62.6068281217384,-11789.8950402743,0.00110560375705882,-128561.654983942,0.432925905051965,0.432925850501638,3.3974126549195,0.00245660841693669,12.5446816920649,-2779.48864237174,0.000268490188893177,-75823.0288594121,3.90948882579731,3.90944945998143,58.7334620829482,0.881543247347798,140.477451112136,-121743.823950558,0.0106752205579763,-308422.124233067,"MPA"
"2502","Sphoeroides","MT_20",2017,2.96228746253044,2.96127364808642,29.9887093403741,0.00709546565095681,92.5874281820175,-1207.5792933763,0.000113375698787087,-117979.339237044,0.593560709154279,0.593560491259841,4.59225783097793,0.000222344535286368,17.1367169606131,-183.44534465602,1.77242441006349e-05,-73226.9855616963,6.64679244552278,6.64661332184637,94.0574642203328,0.230890241852032,234.303845966941,-18640.0281465583,0.00164529353263861,-205318.328429067,"MPA"
"2503","Sphoeroides","MT_20",2018,4.38084129031759,4.37943511889293,41.4360103790285,0.00107728984649322,134.020955099775,-123.828680806423,1.16395133873064e-05,-116895.588624474,0.810836187111207,0.810835692206762,6.15179216859731,2.00551920258225e-05,23.288488579114,-12.1099195429096,1.17030851080384e-06,-73055.6501365832,11.0862563422141,11.085771460568,141.191904560689,0.0597034481803663,375.435562197803,-2872.70291849121,0.000255137841059492,-189551.003201,"MPA"
"2504","Sphoeroides","MT_20",2019,6.34129865573829,6.33945556331596,54.1506990648437,0.000160274172217322,188.169650798024,-12.7120480046212,1.19628144432927e-06,-116784.471991672,1.101911721275,1.10191079785404,8.13900793335481,1.79997132868833e-06,31.4274937890765,-0.799590359474138,7.72904176326101e-08,-73044.3398073998,17.7640058161716,17.762992511828,188.428104508574,0.0149182783135156,563.847735123719,-445.439298682816,3.97898175230106e-05,-187123.739581191,"MPA"
"2505","Sphoeroides","MT_20",2020,8.90338345050533,8.90113062080684,65.3350861925371,2.31540807250398e-05,253.502461006782,-1.30643311891175,1.23084769270083e-07,-116773.066376786,1.48701465356315,1.48701310118007,10.5886046296553,1.60454203767409e-07,42.0160967058945,-0.0528061420263278,5.10555415791915e-09,-73043.5930231823,26.6788643769867,26.6771726783766,207.18283500976,0.00351279277421231,771.025365642095,-69.4609356342706,6.23779165591541e-06,-186747.761218143,"MPA"
"2506","Sphoeroides","MT_20",2021,11.9946527318201,11.9921554008795,70.6365584824592,3.21301175395254e-06,324.136518945289,-0.134408176143176,1.26775635478917e-08,-116771.894351844,1.98802207730951,1.98801964825519,13.4693319363153,1.41731174559061e-08,55.4854261989824,-0.00348811459118298,3.373271832189e-10,-73043.5437051549,36.4816241687458,36.4794706325893,169.323110889222,0.000756850442245462,940.345566144718,-10.8880485977584,9.82537257870978e-07,-186689.188331106,"MPA"
"2507","Sphoeroides","MT_20",2022,15.3367543928726,15.3343282007652,66.2882779606117,4.23605787425201e-07,390.422370290187,-0.0138427407661028,1.30711961402726e-09,-116771.773786408,2.62533316753884,2.62532958719681,16.6335434556236,1.2368797264082e-09,72.1189660730271,-0.000230454553485778,2.22920634670342e-11,-73043.5404474949,44.4931322126728,44.4912165325423,92.8922950616239,0.000146079205155315,1033.23579944701,-1.71485618373037,1.55428066364866e-07,-186680.015138692,"MPA"
"2508","Sphoeroides","MT_20",2023,18.4731175064987,18.4711194092078,52.6819620859712,5.26633235034464e-08,443.102334226204,-0.0014271469426114,1.34905563864874e-10,-116771.761370814,3.41236116599568,3.41235618254923,19.7681069223546,1.06264126576606e-10,91.887068011829,-1.5228848117246e-05,1.47346193405554e-12,-73043.5402322692,48.8883009467897,48.8871898024976,33.5812509147988,2.54975786664312e-05,1066.81591371993,-0.271260062542795,2.46822647892002e-08,-186678.571542571,"MPA"
"2509","Sphoeroides","MT_20",2024,20.9657081931052,20.9643396782473,35.290728730352,6.17498140952796e-09,478.391694435523,-0.000147284500205539,1.39368895211199e-11,-116771.760090952,4.347703241104,4.34769671062493,22.3825025072349,8.95095177278331e-12,114.269563988576,-1.00654987518526e-06,9.74129070108555e-14,-73043.5402180469,50.4771683991962,50.4767323407512,9.10950965377058,4.19575115873173e-06,1075.92498311951,-0.0430758010005355,3.93316475308031e-09,-186678.343358309,"MPA"
"2510","Sphoeroides","MT_20",2025,22.6354498561953,22.6346630348752,20.3823916053159,6.89405694781401e-10,498.77329921883,-1.52151242537333e-05,1.44115118783214e-12,-116771.759958883,5.40674726555336,5.40673925976032,23.8862291058947,7.36056597823138e-13,138.155785088677,-6.6541069494839e-08,6.44142864064414e-15,-73043.5402171069,50.9081706219123,50.9080380966687,2.19371165525176,6.76425177478413e-07,1078.11856157309,-0.00686417436348521,6.28698403391296e-10,-186678.307146683,"MPA"
"2511","Sphoeroides","MT_20",2026,23.5998202631809,23.5994256792753,10.5810724525234,7.4394615940256e-11,509.353977087373,-1.57329100562952e-06,1.49158194428627e-13,-116771.759945241,6.53694113441493,6.53693202570694,23.7848488564648,5.88576389384797e-14,161.940624836434,-4.3997785050849e-09,4.26025055743491e-16,-73043.5402170447,51.011961376788,51.0119262693808,0.510607392926006,1.08644550599819e-07,1078.62913374997,-0.0010972055593309,1.00772566775294e-10,-186678.301379714,"MPA"
"2512","Sphoeroides","MT_20",2027,24.1004527075224,24.1002714918354,5.14908365736223,7.87010662016154e-12,514.50287952904,-1.62832606307787e-07,1.54512942298259e-14,-116771.75994383,7.66233807108886,7.66232852423374,21.933517344056,4.56382581726821e-15,183.874132633634,-2.90977360178305e-10,2.8182168529947e-17,-73043.5402170406,51.0361194695016,51.0361108518794,0.117866726809845,1.74656759113177e-08,1078.74699184169,-0.000175868411189842,1.61924819683892e-11,-186678.300458377,"MPA"
"2513","Sphoeroides","MT_20",2028,24.3440767595042,24.3439974759369,2.42069605852033,8.24205102328826e-13,516.923496303993,-1.68677268695808e-08,1.60195085578485e-15,-116771.759943684,8.70013789430657,8.70012871928414,18.6782682033281,3.42861516111106e-16,202.55239166194,-1.92475660765677e-11,1.86465727406442e-18,-73043.5402170403,51.0416960105586,51.0416939946892,0.0271554558593095,2.8129414898699e-09,1078.77414527887,-2.82591382050069e-05,2.60760096784124e-12,-186678.300310767,"MPA"
"2514","Sphoeroides","MT_20",2029,24.4586099971582,24.4585761361599,1.11878744951721,8.59235480440342e-14,518.042249892511,-1.74879814174167e-09,1.66221288912376e-16,-116771.759943669,9.58391326196865,9.58390517421032,14.735120522644,2.49945112486817e-17,217.287504096826,-1.27344779360662e-12,1.23397953129328e-19,-73043.5402170403,51.0429807951248,51.0429803392394,0.00625359054435472,4.53894190387495e-10,1078.78039841307,-4.55078814809755e-06,4.2074997696348e-13,-186678.300287059,"MPA"
"2515","Sphoeroides","MT_20",2030,24.5115446342954,24.5115303337532,0.512919161272274,8.94187978552734e-15,518.555154753241,-1.81458193890105e-10,1.72609202110522e-17,-116771.759943668,10.2811157897818,10.2811092107512,10.8643401580731,1.77473877211017e-18,228.151837675868,-8.42703633117146e-14,8.16770732428283e-21,-73043.5402170403,51.0432766667033,51.0432765661824,0.00143997465574914,7.33679050108659e-11,1078.78183828713,-7.34293331491261e-07,6.80100466346413e-14,-186678.300283243,"MPA"
"2516","Sphoeroides","MT_20",2031,24.5358130996368,24.5358070897424,0.234273824364336,9.30171062242556e-16,518.789422567711,-1.88431553408689e-11,1.7937751066067e-18,-116771.759943667,10.795169609716,10.7951646171749,7.58102840875611,1.23366784091572e-19,235.732861092083,-5.57770908229692e-15,5.40722692222053e-22,-73043.5402170403,51.0433447953884,51.0433447736563,0.00033156248025923,1.18780013905861e-11,1078.78216982787,-1.18691209537315e-07,1.1010568564366e-14,-186678.300282627,"MPA"
"2517","Sphoeroides","MT_20",2032,24.5468976511226,24.546895130511,0.106819655853858,9.67780760422893e-17,518.896239702954,-1.95820231515793e-12,1.86545992026084e-19,-116771.759943667,11.1538712288962,11.1538676475095,5.07409613015894,8.44014884147716e-21,240.806953640855,-3.69251662303947e-16,3.58038877546193e-23,-73043.5402170403,51.0433604824787,51.0433604778536,7.63426649364531e-05,1.92574755948686e-12,1078.78224616591,-1.92156565835044e-08,1.78511252180928e-15,-186678.300282528,"MPA"
"2518","Sphoeroides","MT_20",2033,24.551951781319,24.5519507249027,0.0486672053037501,1.00736215859203e-17,518.944905851841,-2.03645790084162e-13,1.94135576774346e-20,-116771.759943667,11.3939555965585,11.393953136138,3.2970394622469,5.70998261831374e-22,244.103990642682,-2.44496592323457e-17,2.37118748168571e-24,-73043.5402170403,51.0433640944683,51.0433640934964,1.75776771883626e-05,3.12618401498288e-13,1078.78226374261,-3.11538037114375e-09,2.89788233551975e-16,-186678.300282511,"MPA"
"2519","Sphoeroides","MT_20",2034,24.5542544554366,24.5542540127496,0.0221648643018592,1.04914266482385e-18,518.967070273456,-2.11931064745306e-14,2.02168414054995e-21,-116771.759943667,11.5499572926517,11.5499556557107,2.09973852878765,3.83402971249314e-23,246.203727534528,-1.61921721461236e-18,1.57065454446581e-25,-73043.5402170403,51.0433649261229,51.0433649259208,4.04713623156925e-06,5.08085381909859e-14,1078.78226778954,-5.05738749550913e-10,4.70980473991833e-17,-186678.300282509,"MPA"
"2520","Sphoeroides","MT_20",2035,24.5553031811145,24.5553029955961,0.0100930389718449,1.09329723383137e-19,518.977163126909,-2.20700228540358e-15,2.10667941291061e-22,-116771.759943667,11.6493078659987,11.6493068021546,1.31973707110969,2.56193478995852e-24,247.523463541794,-1.07255044087157e-19,1.04057525958244e-26,-73043.5402170403,51.0433651176065,51.0433651175648,9.31807808544518e-07,8.2664713366622e-15,1078.78226872131,-8.21955650370717e-11,7.66278013968965e-18,-186678.300282508,"MPA"
"2521","Sphoeroides","MT_20",2036,24.555780731793,24.5557806540365,0.00459563688265419,1.13997982562455e-20,518.981758686036,-2.29978864252652e-16,2.19658958144388e-23,-116771.759943667,11.7117521319911,11.711751452342,0.822520423210985,1.70670973474476e-25,248.345983285356,-7.10573789147612e-21,6.89514369582704e-28,-73043.5402170403,51.0433651616937,51.0433651616851,2.14534564040851e-07,1.34624764014063e-15,1078.78226893584,-1.33730924765947e-11,1.24793267295401e-18,-186678.300282508,"MPA"
"2522","Sphoeroides","MT_20",2037,24.5559981740048,24.5559981414101,0.00209244474664883,1.18933858364649e-21,518.983851098188,-2.39794043373431e-17,2.29167704918338e-24,-116771.759943667,11.7506702499845,11.7506698212566,0.509912138039141,1.13487032218453e-26,248.855894994667,-4.70845213266608e-22,4.56971500977314e-29,-73043.5402170403,51.0433651718441,51.0433651718424,4.93924886152359e-08,2.19440115150188e-16,1078.78226898523,-2.17789349762708e-12,2.03414647671823e-19,-186678.300282508,"MPA"
"2523","Sphoeroides","MT_20",2038,24.5560971780028,24.5560971643377,0.000952697221253595,1.24152326532167e-22,518.984803781744,-2.50174410848724e-18,2.39221945618573e-25,-116771.759943667,11.7747970921965,11.7747968243393,0.315065346347465,7.53802834570401e-28,249.170960073157,-3.12049454580378e-23,3.02907372302685e-30,-73043.5402170403,51.0433651741811,51.0433651741807,1.13715194471921e-08,3.57983122284344e-17,1078.7822689966,-3.54999470795072e-13,3.31840013111346e-20,-186678.300282508,"MPA"
"2524","Sphoeroides","MT_20",2039,24.5561422549159,24.5561422491864,0.000433762605231039,1.29668901204414e-23,518.985237538619,-2.61150275355353e-19,2.49851055927946e-26,-116771.759943667,11.7897046248075,11.789704458707,0.194271838666742,5.00382236688235e-29,249.365231745724,-2.06844429685746e-24,2.00818844818587e-31,-73043.5402170403,51.0433651747191,51.043365174719,2.61798079389266e-09,5.8443653674034e-18,1078.78226899922,-5.79127562304233e-14,5.41755786627767e-21,-186678.300282508,"MPA"
"2525","Sphoeroides","MT_20",2040,24.556162778437,24.5561627760345,0.000197491014741786,1.35499840112622e-24,518.985435027232,-2.72753705151547e-20,2.61086116376996e-27,-116771.759943667,11.7988967298419,11.7988966274595,0.119636832178864,3.32053326623517e-30,249.48486847552,-1.37131823245176e-25,1.33159433257927e-32,-73043.5402170403,51.043365174843,51.043365174843,6.02745711479842e-10,9.54808701245289e-19,1078.78226899982,-9.45472805199883e-15,8.85080083983084e-22,-186678.300282508,"MPA"
"2526","Sphoeroides","MT_20",2041,24.5561721227539,24.5561721217464,8.99169152896757e-05,1.41662270054914e-25,518.985524943139,-2.85018629698728e-21,2.72960011013045e-28,-116771.759943667,11.8045574284489,11.8045573656544,0.0736169930496769,2.20320764365947e-31,249.558485405775,-9.09296669185181e-27,8.83102717879582e-34,-73043.5402170403,51.0433651748715,51.0433651748715,1.38748029705573e-10,1.56091108218937e-19,1078.78226899996,-1.54464275322084e-15,1.44691948231273e-22,-186678.300282508,"MPA"
"2527","Sphoeroides","MT_20",2042,24.5561763771902,24.5561763767678,4.09387587206955e-05,1.48174276311247e-26,518.985565881476,-2.97980947332898e-22,2.85507531891075e-29,-116771.759943667,11.8080406668762,11.8080406285241,0.0452773115565244,1.46181902738003e-32,249.60376267898,-6.0303817739789e-28,5.85762102657923e-35,-73043.5402170403,51.0433651748781,51.0433651748781,3.19005580986005e-11,2.55331034433652e-20,1078.78226899999,-2.52516550004205e-16,2.36684493035231e-23,-186678.300282508,"MPA"
"2528","Sphoeroides","MT_20",2043,24.5561783142173,24.5561783140401,1.86392035392273e-05,1.55054976752234e-27,518.985584520502,-3.11678639313689e-23,2.98765489729831e-30,-116771.759943667,11.8101829938839,11.8101829705453,0.0278389956890862,9.6995630014007e-34,249.63160165133,-3.99995227728093e-29,3.88598429493395e-36,-73043.5402170403,51.0433651748796,51.0433651748796,7.28364594457206e-12,4.17903006874614e-21,1078.782269,-4.13062042161605e-17,3.87384015184085e-24,-186678.300282508,"MPA"
"2529","Sphoeroides","MT_20",2044,24.5561791961363,24.5561791960621,8.4863228041986e-06,1.62324590568777e-28,518.985593006751,-3.26151890614298e-24,3.12772831097429e-31,-116771.759943667,11.8115002150439,11.8115002008871,0.0171138121094024,6.43648930470972e-35,249.648715449283,-2.65359445934276e-30,2.57839523052144e-37,-73043.5402170403,51.0433651748799,51.0433651748799,1.65956489876327e-12,6.84350066209361e-22,1078.782269,-6.76063016890937e-18,6.34372742188037e-25,-186678.300282508,"MPA"
"2530","Sphoeroides","MT_20",2045,24.5561795976693,24.5561795976382,3.86377055157753e-06,1.70004506434115e-29,518.98559687049,-3.41443217844437e-25,3.27570762512668e-32,-116771.759943667,11.8123099668015,11.8123099582387,0.0105193988951716,4.27164258414404e-36,249.659234839615,-1.76069034252161e-31,1.71106131222482e-38,-73043.5402170403,51.04336517488,51.04336517488,3.68792199725171e-13,1.12123841511724e-22,1078.782269,-1.10710801970809e-18,1.03935562099717e-25,-186678.300282508,"MPA"
"2531","Sphoeroides","MT_20",2046,24.556179780485,24.5561797804719,1.75914945313834e-06,1.78117352495551e-30,518.985598629626,-3.57597604725286e-26,3.43202881871274e-33,-116771.759943667,11.8128076993817,11.8128076942158,0.00646554208731593,2.83527953510399e-37,249.665700376537,-1.16842019286976e-32,1.13565978756711e-39,-73043.5402170403,51.04336517488,51.04336517488,9.21980499312927e-14,1.83789886896839e-23,1078.782269,-1.81388459309555e-19,1.70367915916162e-26,-186678.300282508,"MPA"
"2532","Sphoeroides","MT_20",2047,24.5561798637198,24.5561798637143,8.00928605583684e-07,1.86687069456773e-31,518.98559943055,-3.74662645561932e-27,3.59715317630689e-34,-116771.759943667,11.8131136209486,11.8131136178394,0.00397374899027068,1.88215489691554e-38,249.669674122418,-7.75499859732177e-34,7.53870032780188e-41,-73043.5402170403,51.04336517488,51.04336517488,0,3.01395982129605e-24,1078.782269,-2.97326277546504e-20,2.79385368846478e-27,-186678.300282508,"MPA"
"2533","Sphoeroides","MT_20",2048,24.556179901616,24.5561799016137,3.64657011313483e-07,1.95738987480654e-32,518.985599795204,-3.92688697186087e-28,3.7715687621283e-35,-116771.759943667,11.8133016416159,11.8133016397486,0.00244221855028462,1.24961153852389e-39,249.672116339101,-5.14789821347549e-35,5.0050593571394e-42,-73043.5402170403,51.04336517488,51.04336517488,0,4.94463984241295e-25,1078.782269,-4.87583658421682e-21,4.58353829544908e-28,-186678.300282508,"MPA"
"2534","Sphoeroides","MT_20",2049,24.5561799188699,24.556179918869,1.6602559052672e-07,2.05299907398423e-33,518.985599961229,-4.11729039870314e-29,3.95579198111551e-36,-116771.759943667,11.8134171968689,11.8134171957496,0.00150093407333057,8.29765774222241e-41,249.673617272055,-3.41776895923447e-36,3.32342188003019e-43,-73043.5402170403,51.04336517488,51.04336517488,0,8.11527407427925e-26,1078.782269,-7.99919616348628e-22,7.5226246365746e-29,-186678.300282508,"MPA"
"2535","Sphoeroides","MT_20",2050,24.5561799267255,24.5561799267251,7.55901613994402e-08,2.1539818660366e-34,518.985600036819,-4.31840047745009e-30,4.15036923220517e-37,-116771.759943667,11.8134882145998,11.8134882139301,0.00092243208621682,5.51057395024122e-42,249.674539703471,-2.26944123714872e-37,2.20711103185526e-44,-73043.5402170403,51.04336517488,51.04336517488,0,1.33239723121443e-26,1078.782269,-1.31284929356828e-22,1.2350937436611e-29,-186678.300282508,"MPA"
"2536","Sphoeroides","MT_20",2051,24.5561799303021,24.5561799303019,3.44156017900961e-08,2.26063829967315e-35,518.985600071234,-4.53081369281032e-31,4.35587865927837e-38,-116771.759943667,11.813531860111,11.8135318597111,0.000566897493179579,3.66014752531655e-43,249.675106600565,-1.5071540600275e-38,1.46596746698378e-45,-73043.5402170403,51.04336517488,51.04336517488,0,2.18835394130479e-27,1078.782269,-2.15548698385464e-23,2.0285408874335e-30,-186678.300282508,"MPA"
"2537","Sphoeroides","MT_20",2052,24.5561799319305,24.5561799319304,1.56691336282549e-08,2.37328586099224e-36,518.985600086903,-4.75516118434407e-32,4.57293200556334e-39,-116771.759943667,11.813558683258,11.8135586830195,0.000348395904894906,2.43142096823915e-44,249.675454996231,-1.00105467503252e-39,9.73833956205702e-47,-73043.5402170403,51.04336517488,51.04336517488,0,3.59539490106044e-28,1078.782269,-3.54021182725676e-24,3.33282721117883e-31,-186678.300282508,"MPA"
"2538","Sphoeroides","MT_20",2053,24.5561799326719,24.5561799326719,7.13402548977573e-09,2.49226049286318e-37,518.985600094037,-4.99211077084997e-33,4.80217657762731e-40,-116771.759943667,11.8135751678515,11.8135751677095,0.000214111770365462,1.61540256484621e-45,249.675669107859,-6.64994998670269e-41,6.47000949645649e-48,-73043.5402170403,51.04336517488,51.04336517488,0,5.90898922233198e-29,1078.782269,-5.81645377932036e-25,5.47746231295537e-32,-186678.300282508,"MPA"
"2539","Sphoeroides","MT_20",2054,24.5561799330094,24.5561799330094,3.24805783836932e-09,2.61791767450418e-38,518.985600097285,-5.2423690943866e-34,5.04429732545533e-41,-116771.759943667,11.8135852986985,11.813585298614,0.000131585314804377,1.07339500107436e-46,249.67580069309,-4.41812890881923e-42,4.2991574025384e-49,-73043.5402170403,51.04336517488,51.04336517488,0,9.71427060469705e-30,1078.782269,-9.55927335939067e-26,9.00484822920004e-33,-186678.300282508,"MPA"
"2540","Sphoeroides","MT_20",2055,24.5561799331631,24.5561799331631,1.47881649602029e-09,2.75063356485599e-39,518.985600098764,-5.50668389102208e-35,5.30001904550026e-42,-116771.759943667,11.813591524749,11.8135915246989,8.08674823107875e-05,7.13338487885922e-48,249.675881560522,-2.93573473241096e-43,2.85705897771197e-50,-73043.5402170403,51.04336517488,51.04336517488,0,1.59746312215579e-30,1078.782269,-1.57152712085578e-26,1.48080216746295e-33,-186678.300282508,"MPA"
"2541","Sphoeroides","MT_20",2056,24.5561799332331,24.5561799332331,6.73273837166224e-10,2.89080621354954e-40,518.985600099437,-5.78584639582719e-36,5.57010871399788e-43,-116771.759943667,11.8135953510502,11.8135953510205,4.96981454721777e-05,4.74119814066898e-49,249.675931258637,-1.95097934000983e-44,1.89894118368266e-51,-73043.5402170403,51.04336517488,51.04336517488,0,2.62765746657554e-31,1078.782269,-2.58429760009046e-27,2.43576256496253e-34,-186678.300282508,"MPA"
"2542","Sphoeroides","MT_20",2057,24.556179933265,24.556179933265,3.06539907824071e-10,3.03885684348423e-41,518.985600099744,-6.08069389007418e-37,5.85537795827473e-44,-116771.759943667,11.8135977025526,11.813597702535,3.05426204589613e-05,3.15163542758324e-50,249.67596180124,-1.29671632462687e-45,1.26229044653927e-52,-73043.5402170403,51.04336517488,51.04336517488,0,4.32332510870578e-32,1078.782269,-4.25089555467602e-28,4.00759748555505e-35,-186678.300282508,"MPA"
"2543","Sphoeroides","MT_20",2058,24.5561799332795,24.5561799332795,1.39539398784305e-10,3.19523120926912e-42,518.985600099883,-6.39211239907762e-38,6.15668567423648e-45,-116771.759943667,11.813599147698,11.8135991476876,1.8770347571989e-05,2.09526190871919e-51,249.675980571577,-8.6197120921607e-47,8.39192485173293e-54,-73043.5402170403,51.04336517488,51.04336517488,0,7.114961595578e-33,1078.782269,-6.99406361741947e-29,6.59536386538255e-36,-186678.300282508,"MPA"
"2544","Sphoeroides","MT_20",2059,24.5561799332861,24.5561799332861,6.35246306306569e-11,3.36040103603054e-43,518.985600099947,-6.72103954961538e-39,6.47494079871156e-46,-116771.759943667,11.8136000358301,11.8136000358239,1.15355491507032e-05,1.39313818118914e-52,249.67599210712,-5.7305334375362e-48,5.57978455917235e-55,-73043.5402170403,51.04336517488,51.04336517488,0,1.17118993342198e-33,1078.782269,-1.15102363999329e-29,1.08565923548933e-36,-186678.300282508,"MPA"
"2545","Sphoeroides","MT_20",2060,24.5561799332891,24.5561799332891,2.89062177919181e-11,3.53486554335674e-44,518.985600099976,-7.06846759639967e-40,6.8111052458411e-47,-116771.759943667,11.8136005816427,11.813600581639,7.08931370579873e-06,9.26408792448756e-54,249.67599919643,-3.81022739772335e-49,3.71044402239296e-56,-73043.5402170403,51.04336517488,51.04336517488,0,1.92831095593045e-34,1078.782269,-1.89469371293402e-30,1.78748855199292e-37,-186678.300282508,"MPA"
"2546","Sphoeroides","MT_20",2061,24.5561799332904,24.5561799332904,1.31506028825346e-11,3.71915305943383e-45,518.985600099989,-7.43544662763182e-41,7.16619701725325e-48,-116771.759943667,11.8136009170785,11.8136009170764,4.35682473193217e-06,6.16116455152843e-55,249.676003553253,-2.53372425434633e-50,2.46766392098494e-57,-73043.5402170403,51.04336517488,51.04336517488,0,3.17553493675099e-35,1078.782269,-3.1195270216405e-31,2.94362915298434e-38,-186678.300282508,"MPA"
"2547","Sphoeroides","MT_20",2062,24.5561799332911,24.5561799332911,5.99466623046340e-12,3.91382273072795e-46,518.985600099995,-7.8230879602714e-42,7.54129349633959e-49,-116771.759943667,11.8136011232247,11.8136011232235,2.67753999067703e-06,4.09801641439003e-56,249.676006230792,-1.68507593441009e-51,1.64133371091715e-58,-73043.5402170403,51.04336517488,51.04336517488,0,5.23048758516426e-36,1078.782269,-5.13722489253723e-32,4.84851089554222e-39,-186678.300282508,"MPA"
"2548","Sphoeroides","MT_20",2063,24.5561799332913,24.5561799332913,2.73055477513258e-12,4.119466332887e-47,518.985600099998,-8.2325677362831e-43,7.9375349375653e-50,-116771.759943667,11.8136012499144,11.8136012499137,1.64551494083152e-06,2.7260537484336e-57,249.676007876306,-1.12080576008136e-52,1.09183649225541e-59,-73043.5402170403,51.04336517488,51.04336517488,0,8.61684946755655e-37,1078.782269,-8.46162664174771e-33,7.98757053686479e-40,-186678.300282508,"MPA"
"2549","Sphoeroides","MT_20",2064,24.5561799332915,24.5561799332915,1.22404179574909e-12,4.33671018887337e-48,518.985600099999,-8.66513073179527e-44,8.3561281623956e-51,-116771.759943667,11.8136013277731,11.8136013277727,1.01127130926793e-06,1.81361070439249e-58,249.676008887577,-7.45574541875646e-54,7.26385654680532e-61,-73043.5402170403,51.04336517488,51.04336517488,0,1.41981480470166e-37,1078.782269,-1.39399170412745e-33,1.31612730900535e-40,-186678.300282508,"MPA"
"2550","Sphoeroides","MT_20",2065,24.5561799332915,24.5561799332915,5.02170993127834e-13,4.56621720069639e-49,518.9856001,-9.12209439181425e-45,8.79835047411057e-52,-116771.759943667,11.8136013756221,11.8136013756219,6.21489122416664e-07,1.2067068364049e-59,249.676009509066,-4.96021753764105e-55,4.83309085955577e-62,-73043.5402170403,51.04336517488,51.04336517488,0,2.33984871504051e-38,1078.782269,-2.29690685279278e-34,2.16897216637559e-41,-186678.300282508,"MPA"
"2551","Sphoeroides","MT_40",2015,1.4523984431732,1.4523984431732,16.1058562458325,0.423047676202993,46.3787018096295,-147142.117581689,0.0137818982133974,-282315.053989115,0.347362859952042,0.347362859952042,2.8138489199671,0.0355716968847992,10.1196602400823,-50172.1111650276,0.00484536725606442,-134309.703338557,2.77199091920718,2.77199091920718,43.4138644109775,5.27203774666448,96.726809124313,-1033390.99547248,0.0899895762581147,-1250555.78729703,"MPA"
"2552","Sphoeroides","MT_40",2016,2.19444190068143,2.19352929225763,23.665029433623,0.0792494711559983,69.9635691636726,-18229.5463828791,0.00170949477973319,-153402.482790305,0.478819061013168,0.478818989570941,3.8402860354316,0.00389970161148779,13.9560465024602,-3989.37330231526,0.000385359534664526,-88126.9654758451,4.57669910065349,4.57663920046957,69.3923683289247,1.62082527819754,164.498292274856,-191231.186449336,0.0167691550849894,-408395.978273886,"MPA"
"2553","Sphoeroides","MT_40",2017,3.31037699856681,3.30890475738226,34.1806271513693,0.0148454433360565,104.127878630521,-2261.12458386032,0.000212290430887339,-137434.060991287,0.660340458397618,0.660340169758896,5.2229493831781,0.0004278197179466,19.1785677772816,-317.278504299985,3.06548709654036e-05,-84454.8706778299,7.78335596024672,7.78307775469201,111.103819073118,0.516694982545628,275.085138159873,-35633.9361496712,0.00314541975053459,-252798.727974221,"MPA"
"2554","Sphoeroides","MT_40",2018,4.92688607011513,4.92481830186478,47.5972962771587,0.00274695634662106,151.720360183083,-280.78408149993,2.63928904758959e-05,-135453.720488926,0.907447838843719,0.907447175006394,7.04050659851493,4.67779230714585e-05,26.2190269340362,-25.2388379558381,2.43908077506866e-06,-84162.8310114857,13.0158527487596,13.0150871861996,166.945025799215,0.163005125991288,441.866393270537,-6683.5708185966,0.000593617810940813,-223848.362643146,"MPA"
"2555","Sphoeroides","MT_40",2019,7.17875883932371,7.17602363892652,62.7060851953544,0.000498176403951688,214.423212001636,-34.9066853270919,3.2849346378932e-06,-135207.843092753,1.24057226817845,1.24057101748858,9.37271297040375,5.08932736519037e-06,35.5917335644227,-2.00812036185231,1.94108919952105e-07,-84139.6002938917,20.9072287507306,20.9056125269849,222.497693191534,0.0496892802943403,664.312780958031,-1261.25432890349,0.000112667162801541,-218426.046153453,"MPA"
"2556","Sphoeroides","MT_40",2020,10.1455897326861,10.1422181156701,76.2465582207354,8.77291094109613e-05,290.666310876246,-4.34431688120659,4.09296934018038e-07,-135177.280724307,1.68404867760749,1.68404655771212,12.2671789740943,5.49925651967204e-07,47.858909868696,-0.159808786801844,1.5451004426215e-08,-84137.7519823167,31.4324408577954,31.4297330000922,242.943443574271,0.0142548497864302,907.239261824813,-239.357733965086,2.14954602669704e-05,-217404.149558515,"MPA"
"2557","Sphoeroides","MT_40",2021,13.753087232185,13.7493214322273,82.9606813994544,1.48342483093729e-05,373.623211641495,-0.54125328999441,5.10517212473545e-08,-135173.477660716,2.264479018147,2.26447567677413,15.6925892129553,5.88735069184989e-08,63.5514956814048,-0.012720403573997,1.23015300776694e-09,-84137.6048939335,42.9266834217058,42.9232537419705,195.22367727373,0.00373343981253744,1102.455775979,-45.6611610454735,4.12052915151e-06,-217210.452985595,"MPA"
"2558","Sphoeroides","MT_40",2022,17.6782531356458,17.674575348629,78.1106797812621,2.38098290001679e-06,451.730211254757,-0.0675051417183854,6.37426306842002e-09,-135173.003912568,3.00698509300004,3.0069801359164,19.474641139226,6.22552048594307e-09,83.0261318573217,-0.00101271967901543,9.79607277852415e-11,-84137.5931862496,52.1634943208838,52.1604949176559,103.878915636507,0.000873917786481831,1206.33081829449,-8.75211482708396,7.9326721028272e-07,-217173.543939377,"MPA"
"2559","Sphoeroides","MT_40",2023,21.373942449922,21.3709110601204,61.9655113834106,3.59823228988461e-07,513.692690888543,-0.00842796892362488,7.96680590480483e-10,-135172.944835395,3.92844162277477,3.92843468534682,23.2318878605638,6.4780941056608e-10,106.25801277981,-8.06426283427911e-05,7.80251425684933e-12,-84137.5922541725,57.078417257447,57.0767288404515,36.0233720895957,0.00018489046614774,1242.35231707662,-1.68483774426022,1.53306145558038e-07,-217166.476662294,"MPA"
"2560","Sphoeroides","MT_40",2024,24.3057420965923,24.3036776022197,41.1693818478937,5.11939023754887e-08,554.86000819087,-0.00105329635069783,9.96688928361352e-11,-135172.937460723,5.02767491173596,5.02766578422355,26.3576074334277,6.60489154558874e-11,132.615611085659,-6.42283004076439e-06,6.21592913354202e-13,-84137.5921799527,58.7828005879103,58.7821622199065,9.36988118346621,3.69332565200781e-05,1251.72152295883,-0.325604724447283,2.97303476970676e-08,-217165.117429274,"MPA"
"2561","Sphoeroides","MT_40",2025,26.253603561057,26.2524315299345,23.4450160158904,6.92471971402333e-09,578.303852168713,-0.000131767498292795,1.24807995540898e-11,-135172.936539194,6.27480378483599,6.27479257322941,28.116939118618,6.56838174645695e-12,160.732538992664,-5.11651557252695e-07,4.95296929868533e-14,-84137.5921740415,59.2261113569011,59.2259246371443,2.1737490044747,7.23910576461263e-06,1253.89507800444,-0.06314357750148,5.78339196601723e-09,-217164.854968127,"MPA"
"2562","Sphoeroides","MT_40",2026,27.3628660356555,27.3622886304199,11.9572398692618,9.0461479127052e-10,590.260514631835,-1.64998884233175e-05,1.56429540126796e-12,-135172.936423926,7.60517661352866,7.60516386670031,27.8997122584208,6.34475094565503e-13,188.632238504256,-4.07669941264718e-08,3.94741192752936e-15,-84137.5921735707,59.3289546897117,59.328907077228,0.488775882243064,1.41457043757521e-06,1254.38380485963,-0.0122831957718142,1.12814363000649e-09,-217164.804107746,"MPA"
"2563","Sphoeroides","MT_40",2027,27.9286041886784,27.9283442877696,5.70874729640514,1.15828076316402e-10,595.969002027215,-2.06800808725843e-06,1.96234344284559e-13,-135172.936409494,8.92527112320177,8.92525781699467,25.5475302395987,5.93553805467262e-14,214.179755437647,-3.248856326374e-09,3.14662921087673e-16,-84137.5921735331,59.3520791551919,59.3520679102086,0.109101050535727,2.76724195842516e-07,1254.49289438846,-0.00239603435624765,2.20605777456862e-10,-217164.794220584,"MPA"
"2564","Sphoeroides","MT_40",2028,28.1987054084442,28.1985940119435,2.63270586628442,1.46831485309641e-11,598.601596496984,-2.5942153886045e-07,2.46375540295141e-14,-135172.936407686,10.134070408855,10.134057718041,21.5269022225885,5.37330314843616e-15,235.706644969422,-2.58964799481472e-10,2.5087883116891e-17,-84137.5921735302,59.3572408053383,59.3572382759936,0.0243127917881079,5.42367775864437e-08,1254.51720459666,-0.000468538739678879,4.32340287127997e-11,-217164.792293089,"MPA"
"2565","Sphoeroides","MT_40",2029,28.3232685244123,28.3232219037323,1.19391099156202,1.85314785030906e-12,599.795460867865,-3.25707284590791e-08,3.0958011255558e-15,-135172.936407459,11.1526307940458,11.1526197295687,16.7536199036266,4.71560898460709e-16,252.460253808571,-2.06461887369482e-11,2.00062994640956e-18,-84137.5921735299,59.3583910604645,59.3583905107599,0.00541602446647855,1.06504079128367e-08,1254.52262006078,-9.18236019204583e-05,8.48964687300884e-12,-217164.791916373,"MPA"
"2566","Sphoeroides","MT_40",2030,28.3797570826721,28.3797377816474,0.537222300275169,2.33502196024603e-13,600.332663867115,-4.09262943368777e-09,3.89303352592465e-16,-135172.93640743,11.9453399426366,11.9453310642213,12.1619469728876,4.02851713473747e-17,264.622191903044,-1.646370696086e-12,1.59570556689739e-19,-84137.5921735299,59.3586472970752,59.3586471806439,0.00120638589262272,2.09506723633744e-09,1254.52382632814,-1.80309348011011e-05,1.67001153121284e-12,-217164.791842581,"MPA"
"2567","Sphoeroides","MT_40",2031,28.4051752320538,28.405167278425,0.240876264474862,2.94118008516017e-14,600.573532177961,-5.14656287201634e-10,4.89925207120235e-17,-135172.936407427,12.5207908609816,12.5207842256908,8.34793486845586,3.36857976447694e-18,272.970120136209,-1.31311488212649e-13,1.27297813129413e-20,-84137.5921735299,59.3587043724901,59.3587043483177,0.000268705144607762,4.1277739462584e-10,1254.5240950087,-3.54689299444185e-06,3.29031132093263e-13,-217164.791828097,"MPA"
"2568","Sphoeroides","MT_40",2032,28.416572090811,28.4165688192719,0.107829663041327,3.70553790678127e-15,600.681358569463,-6.47677515177506e-11,6.16999950815565e-18,-135172.936407426,12.9157791375818,12.9157744530405,5.49593011476295,2.7725866952498e-19,278.46604556643,-1.04752265663042e-14,1.01571124138824e-21,-84137.5921735299,59.3587170853056,59.3587170803664,5.98485584563418e-05,8.14428032223248e-11,1254.52415485224,-6.98820454478338e-07,6.4919281784258e-14,-217164.791825249,"MPA"
"2569","Sphoeroides","MT_40",2033,28.4216739746991,28.4216726298519,0.048235811746411,4.67074030862344e-16,600.729593036362,-8.15669303398941e-12,7.77573749005569e-19,-135172.936407426,13.1758228338587,13.1758196664241,3.51427124962114,2.25720895931946e-20,281.980313648617,-8.35810486604018e-16,8.10587053283499e-23,-84137.5921735299,59.358719916846,59.3587199158497,1.33296725700586e-05,1.608973120802e-11,1254.5241681809,-1.37880332815245e-07,1.28253658138226e-14,-217164.791824688,"MPA"
"2570","Sphoeroides","MT_40",2034,28.4239562234704,28.4239556706948,0.0215704967009888,5.89068621224012e-17,600.751162980288,-1.02794661022398e-12,9.80588672250736e-20,-135172.936407426,13.3421029760117,13.3421009012528,2.20384656489262,1.82442837394446e-21,284.18415813875,-6.67012649570096e-17,6.47005714175527e-24,-84137.5921735299,59.3587205475012,59.3587205473023,2.96874671528137e-06,3.18237903855375e-12,1254.52417114944,-2.72394527214989e-08,2.53672198533781e-15,-217164.791824577,"MPA"
"2571","Sphoeroides","MT_40",2035,28.4249768210055,28.4249765937768,0.00964466375595689,7.43367573761007e-18,600.760807416815,-1.29633077436027e-13,1.23739682266808e-20,-135172.936407426,13.4463794758496,13.4463781477023,1.36483323966481,1.46789299305417e-22,285.548990050268,-5.32403066773258e-18,5.16528851974592e-25,-84137.5921735299,59.35872068796,59.3587206879207,6.61172550125248e-07,6.30110018922564e-13,1254.52417181058,-5.38767623396964e-09,5.0227013031206e-16,-217164.791824555,"MPA"
"2572","Sphoeroides","MT_40",2036,28.425433154512,28.4254330610922,0.00431206224915905,9.38637534321811e-19,600.765119385644,-1.63582918242932e-14,1.56241473488513e-21,-135172.936407426,13.5109574872462,13.5109566511232,0.838576846691918,1.17771073677373e-23,286.387566060837,-4.25036076682658e-19,4.12437396496283e-26,-84137.5921735299,59.358720719242,59.3587207192343,1.47246512550402e-07,1.24882692159403e-13,1254.52417195782,-1.06675814683488e-09,9.95458636553634e-17,-217164.791824551,"MPA"
"2573","Sphoeroides","MT_40",2037,28.4256371784433,28.4256371400306,0.00192783320615969,1.18588421743687e-19,600.767047180438,-2.06550038004608e-15,1.97395651123468e-22,-135172.936407426,13.5506353191539,13.5506347992395,0.512709838905662,9.43303787050185e-25,286.900275379828,-3.39381757400735e-20,3.29380161020209e-27,-84137.5921735299,59.3587207262087,59.3587207262072,3.27917736741794e-08,2.47727633830213e-14,1254.52417199061,-2.11422807428524e-10,1.9746740586402e-17,-217164.79182455,"MPA"
"2574","Sphoeroides","MT_40",2038,28.4257283934516,28.4257283776552,0.000861881141803135,1.49909085037657e-20,600.767909045783,-2.60955546907337e-16,2.49529473741567e-23,-135172.936407426,13.5748945322962,13.5748942120187,0.312526038443331,7.54818796759182e-26,287.212801097994,-2.71036284726654e-21,2.63094489552831e-28,-84137.5921735299,59.3587207277602,59.3587207277599,7.30250528129174e-09,4.9181545436891e-15,1254.52417199791,-4.19395761816254e-11,3.92033462048426e-18,-217164.79182455,"MPA"
"2575","Sphoeroides","MT_40",2039,28.4257691732353,28.4257691667388,0.000385320351591577,1.89603057064378e-21,600.768294359638,-3.29876062940865e-17,3.15601173520859e-24,-135172.936407426,13.5896819132324,13.5896817173743,0.190149941970847,6.03675747695637e-27,287.402950844107,-2.16491809255532e-22,2.10184140079455e-29,-84137.5921735299,59.3587207281057,59.3587207281057,1.6261756248593e-09,9.77143199653386e-16,1254.52417199953,-8.32629424354133e-12,7.7889547404832e-19,-217164.79182455,"MPA"
"2576","Sphoeroides","MT_40",2040,28.4257874046397,28.4257874019678,0.00017226403433488,2.39930092466668e-22,600.768466621001,-4.17222346442135e-18,3.9937209526832e-25,-135172.936407426,13.5986789863283,13.5986788672611,0.115562085555467,4.82672090606082e-28,287.518512810595,-1.72953553626155e-23,1.67942637026027e-30,-84137.5921735299,59.3587207281827,59.3587207281826,3.62114959989661e-10,1.94275708061389e-16,1254.5241719999,-1.65427534374293e-12,1.54860075554974e-19,-217164.79182455,"MPA"
"2577","Sphoeroides","MT_40",2041,28.4257955553109,28.425795554212,7.70133573498374e-05,3.03764174967842e-23,600.768543633259,-5.27966866548983e-19,5.05626030420399e-26,-135172.936407426,13.6041468845551,13.6041468125251,0.0701836213017617,3.85886512274294e-29,287.588696359867,-1.38194389649439e-24,1.34212753926353e-31,-84137.5921735299,59.3587207281998,59.3587207281998,8.05933523530957e-11,3.86510778016306e-17,1254.52417199998,-3.28903188240722e-13,3.08093527923141e-20,-217164.79182455,"MPA"
"2578","Sphoeroides","MT_40",2042,28.4257991992018,28.4257991987498,3.44299672495178e-05,3.8476145525147e-24,600.768578062774,-6.68433759066179e-20,6.4044873742958e-27,-135172.936407426,13.607467670072,13.6074676266786,0.0426063709738716,3.0850994542112e-30,287.631302687447,-1.10439178842505e-25,1.07274712171949e-32,-84137.5921735299,59.3587207282036,59.3587207282036,1.79725387654642e-11,7.69428718601328e-18,1254.52417199999,-6.5435163483619e-14,6.13323151338484e-21,-217164.79182455,"MPA"
"2579","Sphoeroides","MT_40",2043,28.4258008282593,28.4258008280734,1.53924038733331e-05,4.87574302646137e-25,600.768593454992,-8.46668350280019e-21,8.11584228025619e-28,-135172.936407426,13.609483619351,13.609483593304,0.0258584796050549,2.46664575148678e-31,287.657161141005,-8.82727589935181e-27,8.57572083531621e-34,-84137.5921735299,59.3587207282045,59.3587207282045,4.00592731519388e-12,1.53257469740849e-18,1254.524172,-1.3026206991967e-14,1.22163823672303e-21,-217164.79182455,"MPA"
"2580","Sphoeroides","MT_40",2044,28.4258015565532,28.4258015564768,6.88138222553507e-06,6.18124185757997e-26,600.768600336298,-1.07290816467701e-21,1.02888898070506e-28,-135172.936407426,13.6107071308285,13.6107071152437,0.015691499271402,1.97236717148125e-32,287.672852624692,-7.05667237665169e-28,6.85665938380484e-35,-84137.5921735299,59.3587207282047,59.3587207282047,8.66146446528409e-13,3.05425896751697e-19,1254.524172,-2.59460490055322e-15,2.43459555079579e-22,-217164.79182455,"MPA"
"2581","Sphoeroides","MT_40",2045,28.4258018821472,28.4258018821157,3.07641112715616e-06,7.8394961172302e-27,600.768603412678,-1.36018339171362e-22,1.30491109436305e-29,-135172.936407426,13.6114495847555,13.6114495754572,0.00952105854480138,1.57732438482664e-33,287.682373673939,-5.64211431694469e-29,5.48304913463579e-36,-84137.5921735299,59.3587207282047,59.3587207282047,1.08268305816051e-13,6.08985454424103e-20,1254.524172,-5.17077262079182e-16,4.85431423336579e-23,-217164.79182455,"MPA"
"2582","Sphoeroides","MT_40",2046,28.4258020277083,28.4258020276954,1.37534792073262e-06,9.94649843348469e-28,600.768604788013,-1.72508252250284e-23,1.65562886891682e-30,-135172.936407426,13.6119000801033,13.6119000745702,0.00577672047786824,1.2615705260001e-34,287.688150388883,-4.51181656891037e-30,4.38528961737565e-37,-84137.5921735299,59.3587207282047,59.3587207282047,0,1.21482014041051e-20,1254.524172,-1.03099486575515e-16,9.68351321978761e-24,-217164.79182455,"MPA"
"2583","Sphoeroides","MT_40",2047,28.4258020927833,28.425802092778,6.14865799191192e-07,1.26245084875828e-28,600.768605402873,-2.18872874776942e-24,2.10139284692473e-31,-135172.936407426,13.612173409559,13.6121734062741,0.00350479399174214,1.00916444530545e-35,287.69165517959,-3.60850717063677e-31,3.50784154339651e-38,-84137.5921735299,59.3587207282047,59.3587207282047,0,2.42442786655567e-21,1254.524172,-2.05665557113118e-17,1.93254775050733e-24,-217164.79182455,"MPA"
"2584","Sphoeroides","MT_40",2048,28.4258021218759,28.4258021218737,2.74882884600921e-07,1.60292726542386e-29,600.768605677754,-2.77802532969088e-25,2.66812754695969e-32,-135172.936407426,13.6123392412723,13.6123392393264,0.00212634900737774,8.07371523581666e-37,287.693781526652,-2.88648467392e-32,2.80637797143011e-39,-84137.5921735299,59.3587207282047,59.3587207282047,0,4.84047432554974e-22,1254.524172,-4.1044866747702e-18,3.85841455556246e-25,-217164.79182455,"MPA"
"2585","Sphoeroides","MT_40",2049,28.425802134882,28.4258021348811,1.22889463636899e-07,2.03592352232472e-30,600.768605800642,-3.527244284259e-26,3.38886470278846e-33,-135172.936407426,13.6124398509251,13.6124398497746,0.0012900337863577,6.46020518755445e-38,287.695071559287,-2.30927391331703e-33,2.24551436379093e-40,-84137.5921735299,59.3587207282047,59.3587207282047,0,9.66802821028127e-23,1254.524172,-8.19478386750756e-19,7.70653003430632e-26,-217164.79182455,"MPA"
"2586","Sphoeroides","MT_40",2050,28.4258021406966,28.4258021406962,5.49390660724327e-08,2.58672922651172e-31,600.768605855581,-4.4800533117905e-27,4.30569973453327e-34,-135172.936407426,13.6125008897546,13.6125008890756,0.00078264401894886,5.16987911499132e-39,287.695854202627,-1.84775813567062e-34,1.79699954091515e-41,-84137.5921735299,59.3587207282047,59.3587207282047,0,1.93174550863161e-23,1254.524172,-1.63676938001779e-19,1.53982326665891e-26,-217164.79182455,"MPA"
"2587","Sphoeroides","MT_40",2051,28.4258021432961,28.4258021432959,2.45610887384781e-08,3.28757920743366e-32,600.768605880142,-5.69210223689309e-28,5.47228862392316e-35,-135172.936407426,13.6125379210916,13.6125379206916,0.000474816083318242,4.13785371333599e-40,287.696329018311,-1.47869039258965e-35,1.43827366747415e-42,-84137.5921735299,59.3587207282047,59.3587207282047,0,3.86113725378701e-24,1254.524172,-3.27038960762726e-20,3.07777031321084e-27,-217164.79182455,"MPA"
"2588","Sphoeroides","MT_40",2052,28.4258021444582,28.4258021444581,1.09802919525781e-08,4.17956814981044e-33,600.768605891122,-7.23432385851991e-29,6.95703488648058e-36,-135172.936407426,13.6125603873399,13.6125603871046,0.000288061577165836,3.31230129017669e-41,287.696617079653,-1.18350695339731e-36,1.15131858008527e-43,-84137.5921735299,59.3587207282047,59.3587207282047,0,7.72015057016156e-25,1254.524172,-6.536794361361e-21,6.15384760411102e-28,-217164.79182455,"MPA"
"2589","Sphoeroides","MT_40",2053,28.4258021449777,28.4258021449777,4.90883243647799e-09,5.31509471763437e-34,600.768605896031,-9.19714710291347e-30,8.84715789992134e-37,-135172.936407426,13.6125740171711,13.612574017033,0.000174760988778159,2.65181771278996e-42,287.696791840503,-9.47381277368028e-38,9.21741013058719e-45,-84137.5921735299,59.3587207282047,59.3587207282047,0,1.54409452365106e-25,1254.524172,-1.30699929577468e-21,1.23082086269364e-28,-217164.79182455,"MPA"
"2590","Sphoeroides","MT_40",2054,28.42580214521,28.42580214521,2.1945255027214e-09,6.76098199252103e-35,600.768605898226,-1.16958753227471e-30,1.12538869810569e-37,-135172.936407426,13.6125822861075,13.6125822860265,0.000106023757593141,2.12332143850311e-43,287.69689786418,-7.58469630512239e-39,7.38041402869525e-46,-84137.5921735299,59.3587207282047,59.3587207282047,0,3.08924540828264e-26,1254.524172,-2.61410763518209e-22,2.46248376654048e-29,-217164.79182455,"MPA"
"2591","Sphoeroides","MT_40",2055,28.4258021453138,28.4258021453138,9.81069915312529e-10,8.60246185635073e-36,600.768605899207,-1.48775528272077e-31,1.43190935276802e-38,-135172.936407426,13.6125873026946,13.6125873026471,6.43223064177845e-05,1.70037668887733e-44,287.696962186439,-6.07309409133397e-40,5.91030595569138e-47,-84137.5921735299,59.3587207282047,59.3587207282047,0,6.18236438353461e-27,1254.524172,-5.2300036591334e-23,4.92805521130653e-30,-217164.79182455,"MPA"
"2592","Sphoeroides","MT_40",2056,28.4258021453603,28.4258021453602,4.38616476699094e-10,1.09482631191489e-36,600.768605899645,-1.89297325230277e-32,1.82237603823555e-39,-135172.936407426,13.6125903461489,13.6125903461212,3.90229278604985e-05,1.36185515243204e-45,287.697001209339,-4.86339167872761e-41,4.73364453376117e-48,-84137.5921735299,59.3587207282047,59.3587207282047,0,1.23758224897848e-27,1254.524172,-1.04665651557792e-23,9.86495339508274e-31,-217164.79182455,"MPA"
"2593","Sphoeroides","MT_40",2057,28.425802145381,28.425802145381,1.96068430078795e-10,1.39371098989129e-37,600.768605899841,-2.4091672348873e-33,2.31987986090621e-40,-135172.936407426,13.6125921925457,13.6125921925295,2.36743456942639e-05,1.09086780130852e-46,287.697024883668,-3.89515663085527e-42,3.79172461556333e-49,-84137.5921735299,59.3587207282047,59.3587207282047,0,2.47801994810364e-28,1254.524172,-2.09519116651667e-24,1.97526680107973e-31,-217164.79182455,"MPA"
"2594","Sphoeroides","MT_40",2058,28.4258021453903,28.4258021453903,8.76527396927883e-11,1.77460220569747e-38,600.768605899929,-3.06686349716355e-34,2.95388638532375e-41,-135172.936407426,13.6125933127138,13.6125933127043,1.4362698708222e-05,8.73912210091761e-48,287.697039246358,-3.1200824592192e-43,3.03761295566209e-50,-84137.5921735299,59.3587207282047,59.3587207282047,0,4.96296333955131e-29,1254.524172,-4.1952165280363e-25,3.95605238250548e-32,-217164.79182455,"MPA"
"2595","Sphoeroides","MT_40",2059,28.4258021453944,28.4258021453944,3.92040778907713e-11,2.26009185706677e-39,600.768605899968,-3.90501529091211e-35,3.7620006020142e-42,-135172.936407426,13.6125939922949,13.6125939922893,8.7135287960654e-06,7.00191807696566e-49,287.697047959881,-2.49954937699749e-44,2.43378176407692e-51,-84137.5921735299,59.3587207282047,59.3587207282047,0,9.94208483158249e-30,1254.524172,-8.40215424660217e-26,7.92498467026946e-33,-217164.79182455,"MPA"
"2596","Sphoeroides","MT_40",2060,28.4258021453963,28.4258021453963,1.75182850405622e-11,2.87901642258539e-40,600.768605899986,-4.97333612703452e-36,4.79222182103298e-43,-135172.936407426,13.6125944045815,13.6125944045783,5.28630311065838e-06,5.61072312311781e-50,287.697053246181,-2.00267702990192e-45,1.95021921945506e-52,-84137.5921735299,59.3587207282047,59.3587207282047,0,1.99208953059849e-30,1254.524172,-1.68316637807992e-26,1.587924390028e-33,-217164.79182455,"MPA"
"2597","Sphoeroides","MT_40",2061,28.4258021453971,28.4258021453971,7.81868721810376e-12,3.66818784340227e-41,600.768605899994,-6.33528072763889e-37,6.10582478408158e-44,-135172.936407426,13.6125946547066,13.6125946547048,3.20708176277734e-06,4.49647635758175e-51,287.697056453261,-1.60476970108067e-46,1.56292054675111e-53,-84137.5921735299,59.3587207282047,59.3587207282047,0,3.99236606580632e-31,1254.524172,-3.37255030190149e-27,3.18237476400441e-34,-217164.79182455,"MPA"
"2598","Sphoeroides","MT_40",2062,28.4258021453975,28.4258021453975,3.50365700811258e-12,4.67460531985121e-42,600.768605899997,-8.07185383430223e-38,7.7810412760306e-45,-135172.936407426,13.612594806452,13.6125948064509,1.94566464298626e-06,3.60393154733161e-52,287.697058398924,-1.28607466975269e-47,1.25268280175026e-54,-84137.5921735299,59.3587207282047,59.3587207282047,0,8.00271477873156e-32,1254.524172,-6.75896096722683e-28,6.3790837652601e-35,-217164.79182455,"MPA"
"2599","Sphoeroides","MT_40",2063,28.4258021453976,28.4258021453976,1.54898520358662e-12,5.9582819191882e-43,600.768605899999,-1.02864772704477e-38,9.91776511068224e-46,-135172.936407426,13.6125948985124,13.6125948985118,1.18039111058218e-06,2.88888719927104e-53,287.697059579315,-1.03079047998204e-48,1.00414207060308e-55,-84137.5921735299,59.3587207282047,59.3587207282047,0,1.60444708850222e-32,1254.524172,-1.35483660390174e-28,1.27892879572369e-35,-217164.79182455,"MPA"
"2600","Sphoeroides","MT_40",2064,28.4258021453977,28.4258021453977,7.00731401622522e-13,7.59585723778808e-44,600.768605899999,-1.31112098966677e-39,1.26435655312063e-46,-135172.936407426,13.6125949543635,13.6125949543631,7.16116800521322e-07,2.31597340306931e-54,287.697060295431,-8.26274684603625e-50,8.05004196586462e-57,-84137.5921735299,59.3587207282047,59.3587207282047,0,3.2172910643511e-33,1254.524172,-2.71628279231378e-29,2.56455087606801e-36,-217164.79182455,"MPA"
"2601","Sphoeroides","MT_40",2065,28.4258021453978,28.4258021453978,2.95044800683167e-13,9.68521514214852e-45,600.7686059,-1.67146972802742e-40,1.61213735988073e-47,-135172.936407426,13.612594988247,13.6125949882468,4.34451993527084e-07,1.85688323049961e-55,287.697060729883,-6.62410836186365e-51,6.45430032754878e-58,-84137.5921735299,59.3587207282047,59.3587207282047,0,6.45250306640868e-34,1254.524172,-5.44678127349147e-30,5.14338679989076e-37,-217164.79182455,"MPA"
"2602","Sphoeroides","MT_60",2015,1.63959010488184,1.63959010488184,18.3237831298078,0.551422857855359,52.4244786719524,-169969.174880979,0.0159131067108255,-323381.353823372,0.353179401898897,0.353179401898897,2.88280889960632,0.0415628764364604,10.3055594601699,-57646.1715254085,0.00556821156925653,-151886.104642627,3.10485800556456,3.10485800556456,49.1655102271162,7.64956513147603,107.13594786564,-1342952.90872339,0.116573678887031,-1592690.95391587,"MPA"
"2603","Sphoeroides","MT_60",2016,2.48050221611047,2.47931256674555,26.9603921492597,0.117966082770139,79.2657150890771,-24016.6563385923,0.00225134828684665,-177428.835280985,0.487615017388545,0.487614931869215,3.94431254361768,0.00514013460826245,14.2447317836599,-5162.49940946535,0.000498773867781234,-99402.4325266841,5.06921504682497,5.06912287955188,77.8436169611135,2.68096808930662,182.298504570174,-286406.958043932,0.0250504081635713,-536145.003236412,"MPA"
"2604","Sphoeroides","MT_60",2017,3.75051477708312,3.74855907876064,39.0256550117564,0.0252637483318971,118.264150654179,-3397.73979689986,0.000318903210163867,-156809.918739293,0.673999811774413,0.673999463533621,5.38333238007018,0.000636561108184141,19.6274272543811,-462.42876066254,4.46876107163583e-05,-94702.3618778813,8.62558591015359,8.62515053499543,124.977407447216,0.986292304403194,306.289184337828,-61543.8187417183,0.00542147026350538,-311281.863934199,"MPA"
"2605","Sphoeroides","MT_60",2018,5.59575402971171,5.59298811045093,54.4576836650312,0.00534571682312155,172.713722683126,-481.273101586514,4.5226465170272e-05,-153893.452043979,0.928685950425803,0.928685142882707,7.28830258643248,7.86008141343733e-05,26.9156504324564,-41.4308638631484,4.0046573565359e-06,-94281.3639810819,14.492294816603,14.4910766792287,189.254577033177,0.360792562984574,495.181750670647,-13318.7838125179,0.00118110811708276,-263056.829004998,"MPA"
"2606","Sphoeroides","MT_60",2019,8.17207500620107,8.16840492999559,71.8464318657563,0.00110850159194792,244.555375971085,-68.2503325959344,6.42143790276953e-06,-153480.429274989,1.27353351405824,1.2735319821564,9.75467739567322,9.66141041134427e-06,36.6703166348174,-3.71275597164263,3.58953058436637e-07,-94243.6458731904,23.4298835397509,23.4272721776426,254.923730535406,0.127823742331703,749.975046101613,-2901.37190675048,0.000258882655823452,-252639.417099231,"MPA"
"2607","Sphoeroides","MT_60",2020,11.5713149167195,11.5667848019696,87.376164516527,0.000223123131054124,331.926787249731,-9.68985474594976,9.12778712915037e-07,-153421.868797139,1.73508261755594,1.73508000325065,12.8523322816428,1.18009151003687e-06,49.5226451220633,-0.332782838463052,3.2181277704312e-08,-94240.2659000572,35.4856130382062,35.4811730554903,281.812230603448,0.0426787618617574,1031.74015796048,-635.874118922501,5.70589670164978e-05,-250373.919311403,"MPA"
"2608","Sphoeroides","MT_60",2021,15.7053565856418,15.7002993777061,94.8969130991498,4.309787048018e-05,426.818600043075,-1.37726484022726,1.29891088149223e-07,-153413.556207233,2.34319985786814,2.34319570550449,16.5782239460415,1.42910084107925e-07,66.1008647728311,-0.0298343306075122,2.88576847483968e-09,-94239.9629515493,48.8175335855148,48.8118315079144,229.04820581372,0.0130143245830435,1260.76964737202,-140.133390439999,1.26392870664034e-05,-249878.17858292,"MPA"
"2609","Sphoeroides","MT_60",2022,20.1952315045231,20.1903078772672,88.9335585437374,7.89543622313208e-06,515.74722706412,-0.195972637801135,1.85037721466458e-08,-153412.374915031,3.12761033985346,3.12760412310726,20.7873758667273,1.71086632921453e-08,86.8882344057035,-0.00267523094619109,2.58828141175838e-10,-94239.9357924497,59.6542299234015,59.6491934502709,122.321557823537,0.00354188294204948,1383.08262683948,-31.0383877906302,2.81240208898452e-06,-249769.083580271,"MPA"
"2610","Sphoeroides","MT_60",2023,24.4029539652785,24.3989221978538,69.9884082434215,1.36064093173014e-06,585.731602179476,-0.0279153273682766,2.63872461890819e-09,-153412.20685772,4.11117980487581,4.11117100739248,25.1150068816384,2.017487770387e-09,112.003232487841,-0.000239935611371786,2.32194817030689e-11,-94239.9333571543,65.4415572238147,65.4387240100992,41.8724545082174,0.00086867550237617,1424.95137945848,-6.90608518615573,6.2831863777406e-07,-249744.951277667,"MPA"
"2611","Sphoeroides","MT_60",2024,27.7143154125335,27.7115972526507,45.9921075327206,2.20603496944952e-07,631.72099133171,-0.00398061383975108,3.76674374834801e-10,-153412.182923007,5.29951414750575,5.29950241581993,28.9332727043664,2.33352145425917e-10,140.936493460288,-2.15236395128399e-05,2.08345323861732e-12,-94239.9331387423,67.4226076088283,67.4215533862188,10.5820944667837,0.000200723582564545,1435.53221897908,-1.54286131411738,1.4087652692721e-07,-249739.588053795,"MPA"
"2612","Sphoeroides","MT_60",2025,29.8903367025786,29.8888127849714,25.8653150108153,3.3998470405171e-08,657.58478239092,-0.000568204481427947,5.38221923913332e-11,-153412.179510597,6.6685123670313,6.66849772420371,31.418980932531,2.6352721261321e-11,172.355459749965,-1.93118495940574e-06,1.86983962011486e-13,-94239.9331191499,67.9232477018537,67.9229478247815,2.37162333802972,4.54868152228952e-05,1437.90349695322,-0.345926369755148,3.16869400365435e-08,-249738.39111885,"MPA"
"2613","Sphoeroides","MT_60",2026,31.1141007277936,31.1133596571334,13.0278357503056,5.061789542703e-09,670.611877065504,-8.11876882228438e-05,7.69777269307152e-12,-153412.179023581,8.15512353577793,8.15510657978785,31.7985336337099,2.89291973441553e-12,204.153976427682,-1.73308319571098e-07,1.67846941877806e-14,-94239.933117392,68.0354464383768,68.0353725407457,0.514804368368202,1.02772794014825e-05,1438.41821714668,-0.0778081172086258,7.14742829120009e-09,-249738.123000598,"MPA"
"2614","Sphoeroides","MT_60",2027,31.7304871569652,31.7301576046031,6.14788311241449,7.3897217564994e-10,676.759430624817,-1.16115164977865e-05,1.10195124935802e-12,-153412.178954004,9.6596934063087,9.65967534978855,29.7234820028898,3.07656514574505e-13,233.877440374052,-1.55561858403738e-08,1.50698884522237e-15,-94239.9331172343,68.0598007975024,68.0597839869464,0.110944112759715,2.32484634550372e-06,1438.52914212403,-0.0175506949746815,1.616252923523e-09,-249738.062743175,"MPA"
"2615","Sphoeroides","MT_60",2028,32.0213631106004,32.0212234009743,2.80488275539424,1.06849047855176e-10,679.564173670478,-1.66220244189304e-06,1.57884191783824e-13,-153412.178944055,11.0660806524425,11.0660630792275,25.5467804072119,3.16504653125636e-14,259.424203208049,-1.39661279855574e-09,1.35329715295833e-16,-94239.9331172201,68.0650492932267,68.065045658508,0.0238721712824326,5.26933630904033e-07,1438.55301013366,-0.00396875066121069,3.66300318273639e-10,-249738.049161231,"MPA"
"2616","Sphoeroides","MT_60",2029,32.1540715612446,32.154013678046,1.25916545808695,1.53854057925351e-11,680.823281245351,-2.38154680521948e-07,2.26401564309881e-14,-153412.178942631,12.2748442573361,12.2748286448628,20.22965436381,3.15334303628631e-15,279.653841959385,-1.25411906151464e-10,1.21551905380442e-17,-94239.9331172188,68.0661786254066,68.0661778670985,0.00513492417875333,1.19661109702086e-07,1438.55814417987,-0.000899459852356644,8.31815796235305e-11,-249738.04609194,"MPA"
"2617","Sphoeroides","MT_60",2030,32.2136471490027,32.2136234130345,0.561079921947753,2.21209851283594e-12,681.384337431329,-3.41506850406328e-08,3.24915512788083e-15,-153412.178942427,13.2320242813437,13.2320115525938,14.8863338439544,3.05375941314193e-16,294.54016307459,-1.12639634668338e-11,1.09198019528512e-18,-94239.9331172187,68.0664215465252,68.0664213924917,0.00110443175244351,2.72215817513532e-08,1438.55924843037,-0.000204254507668615,1.89228234835671e-11,-249738.045396735,"MPA"
"2618","Sphoeroides","MT_60",2031,32.240193929208,32.2401842381328,0.249179788254684,3.17972592039856e-13,681.633507528508,-4.90106238965001e-09,4.66656902658522e-16,-153412.178942398,13.9363813574924,13.9363717289198,10.3148622800895,2.88998161681173e-17,304.855015726107,-1.01188777242484e-12,9.81185328623809e-20,-94239.9331172187,68.0664737949381,68.0664737642931,0.000237534107589678,6.20241033334678e-09,1438.55948592763,-4.64654796177475e-05,4.31154319392415e-12,-249738.045238946,"MPA"
"2619","Sphoeroides","MT_60",2032,32.2519835930043,32.251979642958,0.110497179591004,4.5719164263002e-14,681.744000758053,-7.03910403777528e-10,6.70729508522888e-17,-153412.178942394,14.4244360889671,14.4244292351765,6.82924918178503,2.688206110002e-18,311.684258054101,-9.09202042210001e-14,8.81798855535709e-21,-94239.9331172187,68.0664850322931,68.0664850262968,5.10854637883811e-05,1.41522402102208e-09,1438.55953700568,-1.05871051723656e-05,9.83778588927911e-13,-249738.045203068,"MPA"
"2620","Sphoeroides","MT_60",2033,32.2572116602678,32.2572100511275,0.0489666016629526,6.57699424446361e-15,681.792965750575,-1.01173566925384e-10,9.64730839019261e-18,-153412.178942393,14.7475666409169,14.7475619842422,4.37826930037687,2.47049403694089e-19,316.062522697803,-8.17096667341177e-15,7.9262749703966e-22,-94239.9331172187,68.0664874490882,68.0664874479307,1.09863255466763e-05,3.23330566938612e-10,1438.55954799053,-2.41569362027002e-06,2.24759948147192e-13,-249738.045194896,"MPA"
"2621","Sphoeroides","MT_60",2034,32.2595284743886,32.2595278189246,0.0216929921882226,9.46702105964032e-16,681.814658087299,-1.45521040453592e-11,1.38854780714369e-18,-153412.178942393,14.9547274067755,14.9547243495909,2.74690397840287,2.25227630319209e-20,318.809423619021,-7.34462369779153e-16,7.12604863093101e-23,-94239.9331172187,68.0664879688441,68.0664879686232,2.36260532263532e-06,7.39558333968923e-11,1438.55955035284,-5.51903831756101e-07,5.14096434175593e-14,-249738.045193032,"MPA"
"2622","Sphoeroides","MT_60",2035,32.2605548630277,32.2605545960103,0.00960906015562458,1.36353106129007e-16,681.824266880438,-2.09450045157005e-12,1.99985591030724e-19,-153412.178942393,15.0846990153661,15.0846970574611,1.69945028724416,2.0428594357326e-21,320.50887194836,-6.60308678786223e-17,6.40777721810288e-24,-94239.9331172187,68.0664880806185,68.0664880805768,5.08058965578663e-07,1.69338746498033e-11,1438.55955086084,-1.26237701268542e-07,1.1771410259422e-14,-249738.045192607,"MPA"
"2623","Sphoeroides","MT_60",2036,32.2610095100414,32.2610094012527,0.00425614057282446,1.96507838193724e-17,681.828522912222,-3.01660414614859e-13,2.88208924872076e-20,-153412.178942393,15.1651096451688,15.16510841357,1.04216929980539,1.84707252803461e-22,321.551040016567,-5.93750887526604e-18,5.7629378250137e-25,-94239.9331172187,68.0664881046549,68.0664881046471,1.09250212144105e-07,3.88113325981575e-12,1438.55955097008,-2.89050005612468e-08,2.69793020212037e-15,-249738.045192509,"MPA"
"2624","Sphoeroides","MT_60",2037,32.2612108872709,32.2612108429431,0.00188511865147833,2.83367621348764e-18,681.830407986546,-4.34737437843497e-14,4.15599541877069e-21,-153412.178942393,15.2144205828879,15.2144198182954,0.635603571922934,1.66689099270744e-23,322.186642823898,-5.33998417978243e-19,5.18390823431303e-26,-94239.9331172187,68.0664881098236,68.0664881098222,2.34918268196142e-08,8.9031609806809e-13,1438.55955099357,-6.62483698111459e-09,6.18894155245595e-16,-249738.045192487,"MPA"
"2625","Sphoeroides","MT_60",2038,32.2613000809292,32.2613000628656,0.000834940215705674,4.0885231504988e-19,681.831242908698,-6.26894811769321e-15,5.99639309861167e-22,-153412.178942393,15.2444945905288,15.2444941205354,0.386340613303322,1.50263661163755e-24,322.572982967207,-4.80344513128451e-20,4.66387012923731e-27,-94239.9331172187,68.066488110935,68.0664881109348,5.0513836685485e-09,2.04400908403951e-13,1438.55955099862,-1.51971051135582e-09,1.42087206791529e-16,-249738.045192482,"MPA"
"2626","Sphoeroides","MT_60",2039,32.2613395858761,32.2613395785148,0.000369801665718926,5.90226009797627e-20,681.831612703002,-9.04502373399476e-16,8.65648231982701e-23,-153412.178942393,15.2627745545061,15.2627742678102,0.234347449842941,1.35374939829413e-25,322.807330130355,-4.32157116840942e-21,4.19672289602356e-28,-94239.9331172187,68.066488111174,68.066488111174,1.0860882947517e-09,4.69620963587443e-14,1438.5595509997,-3.4889878965586e-10,3.26452223171048e-17,-249738.045192481,"MPA"
"2627","Sphoeroides","MT_60",2040,32.2613570829618,32.2613570799618,0.00016378738039396,8.52502367726738e-21,681.831776487382,-1.30575308727929e-16,1.25031217667658e-23,-153412.178942393,15.2738628604321,15.273862686618,0.141973116627698,1.21924547825195e-26,322.949303073168,-3.88870795254239e-22,3.77700683171054e-29,-94239.9331172187,68.0664881112254,68.0664881112254,2.33530874575084e-10,1.07972817345589e-14,1438.55955099994,-8.01611827811888e-11,7.50562027623782e-18,-249738.045192481,"MPA"
"2628","Sphoeroides","MT_60",2041,32.2613648325385,32.2613648313159,7.25421986992372e-05,1.23193603887532e-21,681.831849028359,-1.8859843111862e-17,1.80680349816984e-24,-153412.178942393,15.2805804131517,15.2805803083062,0.0859452448068212,1.09797424318999e-27,323.03524821313,-3.49979568257555e-23,3.39983470926012e-30,-94239.9331172187,68.0664881112365,68.0664881112365,5.01517223970167e-11,2.48406287217465e-15,1438.55955099999,-1.84302435745537e-11,1.72677097061987e-18,-249738.04519248,"MPA"
"2629","Sphoeroides","MT_60",2042,32.2613682648673,32.2613682643691,3.21292067915291e-05,1.78109192095098e-22,681.831881157067,-2.72540179508373e-18,2.61221578826994e-25,-153412.178942393,15.2846469697592,15.2846469067863,0.0520040913650659,9.88756224934386e-29,323.087252241522,-3.15030538424163e-24,3.06083077276227e-31,-94239.9331172187,68.0664881112388,68.0664881112388,1.0782941807483e-11,5.71838057843276e-16,1438.559551,-4.24013051749333e-12,3.97507393729912e-19,-249738.04519248,"MPA"
"2630","Sphoeroides","MT_60",2043,32.2613697850605,32.2613697848575,1.42301170847544e-05,2.57620722650266e-23,681.831895386981,-3.94029434053516e-19,3.77836134934894e-26,-153412.178942393,15.2871075780655,15.2871075403823,0.0314580665937445,8.90453130297341e-30,323.118710270432,-2.83618221680236e-25,2.7560763413589e-32,-94239.9331172187,68.0664881112394,68.0664881112394,2.25689479691506e-12,1.31713074731879e-16,1438.559551,-9.76089626106225e-13,9.15590005574116e-20,-249738.04519248,"MPA"
"2631","Sphoeroides","MT_60",2044,32.2613704583592,32.2613704582765,6.30254898430911e-06,3.72788603059365e-24,681.831901689447,-5.69932082487416e-20,5.46745620998933e-27,-153412.178942393,15.2885960375105,15.2885960150343,0.019026251300153,8.02000443052757e-31,323.137736499256,-2.55379497792933e-26,2.48206129354331e-33,-94239.9331172187,68.0664881112395,68.0664881112395,5.01532177092237e-13,3.03539172850424e-17,1438.559551,-2.24825480055011e-13,2.11002160209094e-20,-249738.04519248,"MPA"
"2632","Sphoeroides","MT_60",2045,32.2613707565649,32.2613707565312,2.7914081626463e-06,5.39663844737765e-25,681.831904480822,-8.24716964720118e-21,7.91491045521753e-28,-153412.178942393,15.2894962773213,15.2894962639544,0.0115061511716493,7.22419902559965e-32,323.149242637061,-2.29989109869241e-27,2.23564078545998e-34,-94239.9331172187,68.0664881112395,68.0664881112395,0,6.99868889947881e-18,1438.559551,-5.18121229729977e-14,4.86506720880185e-21,-249738.04519248,"MPA"
"2633","Sphoeroides","MT_60",2046,32.2613708886408,32.2613708886271,1.23631710411453e-06,7.81546418711182e-26,681.831905717125,-1.19389359071893e-21,1.14624501079423e-28,-153412.178942393,15.2900406985735,15.2900406906448,0.00695793060087704,6.50821485161606e-33,323.156200559733,-2.07155651113185e-28,2.01399662922698e-35,-94239.9331172187,68.0664881112395,68.0664881112395,0,1.61444023210317e-18,1438.559551,-1.19462976229509e-14,1.12226166166073e-21,-249738.04519248,"MPA"
"2634","Sphoeroides","MT_60",2047,32.2613709471374,32.2613709471318,5.47565248675796e-07,1.13226810936552e-26,681.831906264685,-1.729008280665e-22,1.66062646800726e-29,-153412.178942393,15.2903699177292,15.2903699130375,0.00420740075998823,5.86400153146997e-34,323.160407955802,-1.86617984627839e-29,1.8146028213546e-36,-94239.9331172187,68.0664881112395,68.0664881112395,0,3.72579438616313e-19,1438.559551,-2.7557423660604e-15,2.58994796814159e-22,-249738.04519248,"MPA"
"2635","Sphoeroides","MT_60",2048,32.2613709730456,32.2613709730433,2.4251655346559e-07,1.6409656291655e-27,681.831906507199,-2.50490679325634e-23,2.40670114450259e-30,-153412.178942393,15.2905689937245,15.2905689909544,0.00254412152460211,5.28430208270931e-35,323.162952074556,-1.68142048447075e-30,1.63519476806843e-37,-94239.9331172187,68.0664881112395,68.0664881112395,0,8.60194405327822e-20,1438.559551,-6.35968382911533e-16,5.9795536773564e-23,-249738.04519248,"MPA"
"2636","Sphoeroides","MT_60",2049,32.2613709845204,32.2613709845194,1.07410428806927e-07,2.37902190344846e-28,681.831906614609,-3.63029384533133e-24,3.48916188982041e-31,-153412.178942393,15.2906893705479,15.2906893689155,0.00153835257925375,4.76258752149472e-36,323.164490425503,-1.51518003494939e-31,1.47374180463952e-38,-94239.9331172187,68.0664881112395,68.0664881112395,0,1.98675874574873e-20,1438.559551,-1.46829478024215e-16,1.38107507914264e-23,-249738.04519248,"MPA"
"2637","Sphoeroides","MT_60",2050,32.2613709896025,32.2613709896021,4.75719623965857e-08,3.45016236939849e-29,681.83190666218,-5.26308925514572e-25,5.06013628275195e-32,-153412.178942393,15.2907621587382,15.2907621577782,0.000930187118016576,4.29299028880938e-37,323.165420611661,-1.36557686971271e-32,1.32842265043692e-39,-94239.9331172187,68.0664881112395,68.0664881112395,0,4.59044837640214e-21,1438.559551,-3.39126536735794e-17,3.19100337084491e-24,-249738.04519248,"MPA"
"2638","Sphoeroides","MT_60",2051,32.2613709918534,32.2613709918532,2.10695585406071e-08,5.00514308075397e-30,681.83190668325,-7.632763895829e-26,7.34072875124899e-33,-153412.178942393,15.2908061711707,15.290806170607,0.000562448263505236,3.87024032656849e-38,323.165983059361,-1.23092337872773e-33,1.19760348100718e-40,-94239.9331172187,68.0664881112395,68.0664881112395,0,1.0610059350495e-21,1438.559551,-7.83559082492944e-18,7.37547454543643e-25,-249738.04519248,"MPA"
"2639","Sphoeroides","MT_60",2052,32.2613709928503,32.2613709928502,9.33166274411066e-09,7.26312282615671e-31,681.831906692581,-1.10728340603377e-26,1.06523657150161e-33,-153412.178942393,15.2908327837914,15.2908327834609,0.000340089731927975,3.4896055330883e-39,323.166323148762,-1.10970565068986e-34,1.07981833363091e-41,-94239.9331172187,68.0664881112395,68.0664881112395,0,2.45315547811319e-22,1438.559551,-1.81106673862336e-18,1.70528601086268e-25,-249738.04519248,"MPA"
"2640","Sphoeroides","MT_60",2053,32.2613709932918,32.2613709932918,4.13295223398869e-09,1.05427663113577e-31,681.831906696714,-1.60681428110709e-27,1.5462412667806e-34,-153412.178942393,15.290848875368,15.2908488751745,0.000205638135548047,3.14683722295772e-40,323.166528786704,-1.00056531632016e-35,9.73751594015052e-43,-94239.9331172187,68.0664881112395,68.0664881112395,0,5.67373708112839e-23,1438.559551,-4.18737364638326e-19,3.94404046546724e-26,-249738.04519248,"MPA"
"2641","Sphoeroides","MT_60",2054,32.2613709934874,32.2613709934874,1.83048324726587e-09,1.5307516698883e-32,681.831906698545,-2.33236692765613e-28,2.24505725656689e-35,-153412.178942393,15.2908586052763,15.2908586051632,0.000124340699746502,2.83812064958175e-41,323.166653127291,-9.0228332023105e-37,8.78222339500646e-44,-94239.9331172187,68.0664881112395,68.0664881112395,0,1.31263195962985e-23,1438.559551,-9.68469277303924e-20,9.12462719195314e-27,-249738.04519248,"MPA"
"2642","Sphoeroides","MT_60",2055,32.261370993574,32.261370993574,8.10716012256701e-10,2.22315031543417e-33,681.831906699355,-3.38646846931813e-29,3.26055482824021e-36,-153412.178942393,15.2908644885413,15.2908644884753,7.51835204809728e-05,2.56003037094507e-42,323.166728310745,-8.1376541314547e-38,7.92170338795068e-45,-94239.9331172187,68.0664881112395,68.0664881112395,0,3.03766268187341e-24,1438.559551,-2.24057566843744e-20,2.11160023216405e-27,-249738.04519248,"MPA"
"2643","Sphoeroides","MT_60",2056,32.2613709936124,32.2613709936124,3.59084660238104e-10,3.22955037284651e-34,681.831906699715,-4.9182559090735e-30,4.73657853367448e-37,-153412.178942393,15.2908680459009,15.2908680458625,4.5460250468401e-05,2.30949011538551e-43,323.166773770957,-7.34029179112728e-39,7.14643530124765e-46,-94239.9331172187,68.0664881112395,68.0664881112395,0,7.03157261340169e-25,1438.559551,-5.18508866403441e-21,4.88792598715414e-28,-249738.04519248,"MPA"
"2644","Sphoeroides","MT_60",2057,32.2613709936293,32.2613709936293,1.59031900987322e-10,4.69266905886457e-35,681.831906699874,-7.14470591332101e-31,6.88244274395811e-38,-153412.178942393,15.2908701968838,15.2908701968614,2.7487856552566e-05,2.08373676117782e-44,323.166801258792,-6.62192432665166e-40,6.44786819159894e-47,-94239.9331172187,68.0664881112395,68.0664881112395,0,1.62807956105449e-25,1438.559551,-1.20024279409452e-21,1.13174290207364e-28,-249738.04519248,"MPA"
"2645","Sphoeroides","MT_60",2058,32.2613709936369,32.2613709936369,7.04301438884856e-11,6.82021626862589e-36,681.831906699944,-1.03815505266634e-31,1.00027825063751e-38,-153412.178942393,15.2908714974906,15.2908714974776,1.6620720808655e-05,1.88028804200259e-45,323.166817879499,-5.97462838897906e-41,5.81832055359446e-48,-94239.9331172187,68.0664881112395,68.0664881112395,0,3.77053721266715e-26,1438.559551,-2.77902379567816e-22,2.6210504876535e-29,-249738.04519248,"MPA"
"2646","Sphoeroides","MT_60",2059,32.2613709936402,32.2613709936402,3.12036869205646e-11,9.91454238468187e-37,681.831906699975,-1.50883045250641e-32,1.45410361223312e-39,-153412.178942393,15.2908722839115,15.2908722839039,1.00498316214536e-05,1.69691360871603e-46,323.166827929323,-5.39128625487676e-42,5.25089060767737e-49,-94239.9331172187,68.0664881112395,68.0664881112395,0,8.73433405817989e-27,1438.559551,-6.43605686549203e-23,6.07158323901732e-30,-249738.04519248,"MPA"
"2647","Sphoeroides","MT_60",2060,32.2613709936417,32.2613709936417,1.38324504179445e-11,1.44158309896757e-37,681.831906699989,-2.19338550032314e-33,2.11427931840965e-40,-153412.178942393,15.2908727594262,15.2908727594218,6.07669843816361e-06,1.53160910497312e-47,323.166834006017,-4.86550269923181e-43,4.7393759897544e-50,-94239.9331172187,68.0664881112395,68.0664881112395,0,2.0237185687901e-27,1438.559551,-1.49089287573654e-23,1.40676732317639e-30,-249738.04519248,"MPA"
"2648","Sphoeroides","MT_60",2061,32.2613709936423,32.2613709936423,6.11495521524998e-12,2.09650329463559e-38,681.831906699995,-3.18920162333613e-34,3.07480960341457e-41,-153412.178942393,15.2908730469494,15.2908730469468,3.67431648400134e-06,1.38257294429606e-48,323.166837680331,-4.39153057899391e-44,4.27820184131403e-51,-94239.9331172187,68.0664881112395,68.0664881112395,0,4.6898531390264e-28,1438.559551,-3.45435333318776e-24,3.26010357775339e-31,-249738.04519248,"MPA"
"2649","Sphoeroides","MT_60",2062,32.2613709936426,32.2613709936426,2.74118682062932e-12,3.04955764730584e-39,681.831906699998,-4.63807581773796e-35,4.47259451682956e-42,-153412.178942393,15.2908732208022,15.2908732208007,2.22170002790364e-06,1.24818550612236e-49,323.16683990203,-3.96420420108627e-45,3.86235640724094e-52,-94239.9331172187,68.0664881112395,68.0664881112395,0,1.08705741825386e-28,1438.559551,-8.00526815971377e-25,7.55656877393921e-32,-249738.04519248,"MPA"
"2650","Sphoeroides","MT_60",2063,32.2613709936428,32.2613709936428,1.22299104305001e-12,4.43670273956695e-40,681.831906699999,-6.74650958811176e-36,6.50703303258449e-43,-153412.178942393,15.2908733259235,15.2908733259226,1.34336573619761e-06,1.12699049676815e-50,323.166841245395,-3.57887964699481e-46,3.48733334493673e-53,-94239.9331172187,68.0664881112395,68.0664881112395,0,2.52014414515339e-29,1438.559551,-1.8555348920659e-25,1.75185249953784e-32,-249738.04519248,"MPA"
"2651","Sphoeroides","MT_60",2064,32.2613709936428,32.2613709936428,5.06065259193109e-13,6.45599120214957e-41,681.831906699999,-9.81527848753212e-37,9.46859649527982e-44,-153412.178942393,15.2908733894858,15.2908733894853,8.12275028925813e-07,1.01767824748116e-51,323.166842057669,-3.23138131609278e-47,3.14908003419945e-54,-94239.9331172187,68.0664881112395,68.0664881112395,0,5.84350881181284e-30,1438.559551,-4.3017188566535e-26,4.06205555254962e-33,-249738.04519248,"MPA"
"2652","Sphoeroides","MT_60",2065,32.2613709936428,32.2613709936428,2.53032629596555e-13,9.39597237944428e-42,681.8319067,-1.42825326107694e-37,1.37804820911357e-44,-153412.178942393,15.2908734279191,15.2908734279188,4.91147486030746e-07,9.19070745642992e-53,323.166842548817,-2.91795402930211e-48,2.84395125375824e-55,-94239.9331172187,68.0664881112395,68.0664881112395,0,1.35516890364714e-30,1438.559551,-9.97448185380136e-27,9.42031841994382e-34,-249738.04519248,"MPA"
"2653","Squatina","MT",2015,396.93452144048,396.93452144048,26.9343682927874,4.9623426749409,513.934526517846,-45709.3558387173,0.0100868311423386,-438224.090316451,47.5789854729895,47.5789854729895,2.24118411126434,0.167546310486794,61.0432547507776,-12206.5500093272,0.0028412311144713,-180488.544519481,666.279585622835,666.279585622835,74.8421563276744,135.575483210779,765.056705316895,-929961.660000592,0.164176701006659,-1845495.22120853,"MPA"
"2654","Squatina","MT",2016,414.662408134573,414.479142356465,27.9699699720572,1.91806852219151,539.803162189604,-16846.1939994834,0.00373409503550214,-409360.928477217,49.252077276911,49.2520675868597,2.31636561065303,0.0289159516172969,63.330694719762,-2034.48998880338,0.000473696878522376,-170316.484498957,617.277570229931,617.140197318622,69.6806819701692,91.794085550515,742.805928825241,-639577.491836056,0.123362647442823,-1555111.053044,"MPA"
"2655","Squatina","MT",2017,435.534231702229,435.369736553555,29.1709230369499,0.749063002190834,568.06052707569,-6236.35483832859,0.00138819143506676,-398751.089316062,51.0976730037227,51.0972531242524,2.39901272152555,0.00500308263535407,65.7242844791819,-339.19472710056,7.89994392327893e-05,-168621.189237254,599.324776465698,593.286144782448,67.7669902654398,69.31311214654,735.22117526089,-480580.452452203,0.0979566534477896,-1396114.01366015,"MPA"
"2656","Squatina","MT",2018,458.333375107891,458.187517891117,30.460105438165,0.294264962143252,598.080510334938,-2318.42508794808,0.000518130812815124,-394833.159565681,53.0289145189644,53.0283190267772,2.48517392040127,0.000866165970540589,68.2079967414254,-56.5681704140318,1.31787899595443e-05,-168338.562680568,593.205101651456,580.861364138583,67.1135219670502,55.7331887500203,734.257770965047,-381607.309126561,0.080284366752308,-1297140.8703345,"MPA"
"2657","Squatina","MT",2019,482.55466772036,482.448573026045,31.8037761210284,0.116078776432844,629.662112985218,-865.329035747715,0.000194107851040479,-393380.063513481,55.032870382279,55.0325065763784,2.57423196672825,0.000149999136052574,70.781714903117,-9.43676626229787,2.19914351897489e-06,-168291.431276416,592.427789513997,579.060105413872,67.0330699445747,46.3764962141409,741.546660595356,-312761.869703178,0.0669866003342251,-1228295.43091112,"MPA"
"2658","Squatina","MT",2020,508.035935726314,507.967603150946,33.1885149361466,0.0459439639972605,662.736351382,-324.177607099752,7.29702088480862e-05,-392838.912084833,57.1094465135183,57.1092613160928,2.66614420512338,2.59822992749747e-05,73.4476479285156,-1.57471061784105,3.67076461820139e-07,-168283.569220771,598.30874977407,586.225344560157,67.6615533026616,39.5851701256809,757.539638558423,-260957.987474345,0.0564833302228795,-1176491.54868229,"MPA"
"2659","Squatina","MT",2021,534.721520432502,534.680819763305,34.6070134929434,0.0182373285858298,697.284426877161,-121.866254399184,2.7518968267123e-05,-392636.600732133,59.2604251911473,59.260335920044,2.76094917786408,4.50153555126167e-06,76.2085033337408,-0.262847120571495,6.12890377561292e-08,-168282.257357274,611.212507768968,601.508093515221,69.0325702634286,34.4561954820903,782.411599086015,-220040.487324109,0.0479513099397279,-1135574.04853205,"MPA"
"2660","Squatina","MT",2022,562.596254356884,562.573113535562,36.0541052510471,0.00725762926212135,733.308133677624,-45.9587167949695,1.0408549171896e-05,-392560.693194528,61.487990944705,61.4879471161328,2.85870024947943,7.80071001228993e-07,79.067158974577,-0.0438863008524914,1.02360100623005e-08,-168282.038396455,631.280174981906,624.177813394147,71.1539489248974,30.4782926565639,815.98489376659,-186802.310662063,0.0409069732666665,-1102335.87187001,"MPA"
"2661","Squatina","MT",2023,591.661585135541,591.648764496841,37.5253357043167,0.00289464355309711,770.817754099687,-17.3829598694929,3.94739876884028e-06,-392532.117437603,63.7944657404112,63.7944433018509,2.959453539186,1.35205596760611e-07,82.026589939997,-0.00732953368697709,1.71000955118046e-09,-168282.001839687,658.368417750074,653.707692087323,74.0005334050526,27.3238336450428,858.000867863849,-159359.664751117,0.0350324439766504,-1074893.22595906,"MPA"
"2662","Squatina","MT",2024,621.925808942047,621.918787492096,39.0163818861516,0.00115675554429227,809.825957780344,-6.59237982656173,1.50068982523769e-06,-392521.32685756,66.1822499960123,66.1822379853058,3.06326506870211,2.34390074440701e-08,85.0898429745537,-0.00122445724854017,2.85748895249314e-10,-168281.995734611,692.268543350381,689.741916020238,77.53739048828,24.7722551781963,908.239375843789,-136474.220573628,0.0301000120291375,-1052007.78178157,"MPA"
"2663","Squatina","MT",2025,653.399148133364,653.395309065398,40.5227705126227,0.000463045494574056,850.344426179506,-2.50622326566272,5.71784562176302e-07,-392517.240700999,68.6538019437694,68.6537952792022,3.17018962257465,4.06410320381723e-09,88.2600259284971,-0.000204611048259675,4.7762495055757e-11,-168281.994714765,732.802929785161,732.07456727851,81.7301100666761,22.6698866752508,966.571236728563,-117258.900813295,0.0259371332646566,-1032792.46202124,"MPA"
"2664","Squatina","MT",2026,686.091027766669,686.088918244773,42.0397347697552,0.000185626158509972,892.381865801207,-0.954901885185291,2.18295358567048e-07,-392515.689379619,71.2116291184021,71.2116253225676,3.28028014322684,7.04803619949204e-10,91.5403022751846,-3.42003803626642e-05,7.98553606300008e-12,-168281.994544354,779.86734880627,780.622081271209,86.5492302214364,20.9073641473079,1032.96783526763,-101041.532490548,0.0224086011982553,-1016575.09369849,"MPA"
"2665","Squatina","MT",2027,720.008472588779,720.007302957881,43.5621441068522,7.45064350296602e-05,935.942765770726,-0.364559348495431,8.34916663972405e-08,-392515.099037082,73.858283933521,73.8582817321693,3.3935873006203,1.22249273878608e-10,94.933887374331,-5.71804271459618e-06,1.33546941446802e-12,-168281.994515872,833.438712514207,835.398607591444,91.9708282356683,19.4055363343956,1107.49302224614,-87295.3956596642,0.0194063716581411,-1002828.95686761,"MPA"
"2666","Squatina","MT",2028,755.155104600946,755.154448951458,45.084475576853,2.99364656575121e-05,981.026555761625,-0.139432554979283,3.19853618225365e-08,-392514.873910288,76.5963606666723,76.5963593738987,3.51015911685043,2.1207820483013e-11,98.4440451983865,-9.56261419612268e-07,2.23395681664618e-13,-168281.99451111,893.568538211206,896.495252788146,97.9754682865681,18.1062784454067,1190.28892666424,-75599.584540105,0.0168430758098482,-991133.145748048,"MPA"
"2667","Squatina","MT",2029,791.530463641569,791.530091912196,46.6008103257303,1.20386979422037e-05,1027.62698231928,-0.0534157768773214,1.22715315546054e-08,-392514.78789351,79.428492818052,79.4284920520251,3.6300405999177,3.67971469282966e-12,102.074085032274,-1.59961993935793e-07,3.73787432791545e-14,-168281.994510314,960.371501114493,964.063181954094,104.546543706427,16.9663352110044,1281.56081599926,-65613.7370203927,0.014647506290305,-981147.298228336,"MPA"
"2668","Squatina","MT",2030,829.129504179715,829.129291157802,48.1048468079741,4.84459661667132e-06,1075.73161126075,-0.0204934077553062,4.71435332615543e-09,-392514.754971141,82.3573504477247,82.3573499908013,3.75327336960451,6.38553558842652e-13,105.827357944954,-2.67649265239649e-08,6.25578528223776e-15,-168281.99451018,1034.01321902569,1038.29979189777,111.66848691502,15.953119060028,1381.56275672633,-57060.4505044813,0.0127612861993041,-972594.011712424,"MPA"
"2669","Squatina","MT",2031,867.942193831915,867.942070606369,49.5899265557249,1.95059937757484e-06,1125.32141264033,-0.00787289719043284,1.81327699965056e-09,-392514.74235063,85.3856373287469,85.3856370548103,3.87989526886626,1.10826151337269e-13,109.707252939884,-4.47942732855917e-09,1.04723536039636e-15,-168281.994510158,1114.69868267994,1119.43709421591,119.325022613505,15.0417995809945,1490.58439129482,-49712.305622458,0.0111363221349104,-965245.866830401,"MPA"
"2670","Squatina","MT",2032,907.953178496238,907.953106655262,51.0490705042027,7.85688023317848e-07,1176.37041051787,-0.00302812327999407,6.9818988274899e-10,-392514.737505857,88.5160878412031,88.5160876763105,4.00993995816694,1.92373624713324e-14,113.717192733158,-7.49866992285906e-10,1.75351783549577e-16,-168281.994510154,1202.66158689506,1207.73155096048,127.497513904443,14.2132600248983,1608.93860923978,-43381.9442181294,0.00973281643778887,-958915.505426072,"MPA"
"2671","Squatina","MT",2033,949.141499771675,949.141457627261,52.475024898496,3.16554572458558e-07,1228.84539295539,-0.00116594968164034,2.69094300516762e-10,-392514.735643683,91.7514635658501,91.751463466272,4.14343649182518,3.33967131196841e-15,117.860629125405,-1.25559443048249e-10,2.93682180477772e-17,-168281.994510154,1298.15438314377,1303.45476099568,136.163405856539,13.4526440995763,1736.94974884866,-37914.3257689002,0.00851769727300257,-953447.886976843,"MPA"
"2672","Squatina","MT",2034,991.480360972138,991.480336131979,53.8603162085282,1.27559682617003e-07,1282.7056841962,-0.000449373570425666,1.03804500876092e-10,-392514.734927107,95.0945495499787,95.0945494896828,4.28040887620606,5.79846936791894e-16,122.141037941315,-2.10288739579733e-11,4.91976787409592e-18,-168281.994510154,1401.43876019841,1406.88454238419,145.294762434224,12.7483099034964,1874.94198356517,-33180.6115261011,0.00746336952344136,-948714.172734044,"MPA"
"2673","Squatina","MT",2035,1034.93694331166,1034.93692862087,55.1973145531575,5.1404290889289e-08,1337.90298400717,-0.000173346826701562,4.00748913267897e-11,-392514.73465108,98.5481502244299,98.5481501878384,4.42087561003844,1.00686427140611e-16,126.561913514762,-3.52275335891905e-12,8.2434559946173e-19,-168281.994510154,1512.77627382901,1518.2960815843,154.856899198204,12.0910682287746,2023.22762228989,-29073.298410594,0.00654671583057311,-944606.859618537,"MPA"
"2674","Squatina","MT",2036,1079.4722762795,1079.47226757128,56.4783050372368,2.07140725727804e-08,1394.38128031548,-6.69219622805658e-05,1.54824922449598e-11,-392514.734544655,102.115084953975,102.115084931727,4.56484920745879,1.74852904959709e-17,131.126762699973,-5.90263769082486e-13,1.38156021905686e-19,-168281.994510154,1632.41890702974,1637.95292497568,164.807126226755,11.4736219050028,2182.09514455758,-25502.3273883651,0.0057482944349986,-941035.888596308,"MPA"
"2675","Squatina","MT",2037,1125.04116715207,1125.04116198304,57.695566219906,8.34593209355057e-09,1452.07684135801,-2.58543550165028e-05,5.9854017058788e-12,-392514.734503588,105.798183205295,105.798183191747,4.71233570465936,3.03679538307167e-18,135.839098391085,-9.89249348267015e-14,2.31592340155615e-20,-168281.994510154,1760.5994163336,1766.09767781014,175.093629142687,10.8901489126471,2351.79688626416,-22391.9585075493,0.00505169271108094,-937925.519715492,"MPA"
"2676","Squatina","MT",2038,1171.59219465877,1171.59219158863,58.8414547041359,3.36197221221083e-09,1510.91829298865,-9.99499516331243e-06,2.31528533236723e-12,-392514.734487728,109.600279318304,109.600279310043,4.86333415128421,5.27467039600512e-19,140.702432534107,-1.65828536313385e-14,3.88302812553953e-21,-168281.994510154,1897.52139617696,1902.94235579122,185.654529027932,10.335989405718,2532.53638550064,-19678.2524659459,0.00444300435818012,-935211.813673889,"MPA"
"2677","Squatina","MT",2039,1219.06777135647,1219.06776953294,59.9084945944419,1.3539209736894e-09,1570.82678575821,-3.86625222988064e-06,8.96091456422898e-13,-392514.7344816,113.524206867933,113.52420686289,5.01783608798592,9.16238562031613e-20,145.72026861705,-2.78038353175443e-15,6.51188856887396e-22,-168281.994510154,2043.34906902515,2048.6584095235,196.417173229003,9.80740855228896,2724.4554906757,-17307.0339035865,0.0039104051136283,-932840.595111529,"MPA"
"2678","Squatina","MT",2040,1267.40427843618,1267.40427735361,60.8894703314079,5.45061455153644e-10,1631.71625500651,-1.49635387205833e-06,3.46990171098159e-13,-392514.73447923,117.572792604866,117.572792601784,5.17582501183562,1.5916645434179e-20,150.896093625804,-4.66272924709039e-16,1.0922739564808e-22,-168281.994510154,2198.19688370327,2203.3665147619,207.29771763729,9.3014151504976,2927.62142422113,-15232.2385042995,0.00344380718682127,-930765.799712242,"MPA"
"2679","Squatina","MT",2041,1316.53227557544,1316.53227493331,61.7775211941319,2.19344321437317e-10,1693.49377555829,-5.79422559026855e-07,1.34425529417118e-13,-392514.734478313,121.748849965236,121.748849963351,5.33727583157276,2.76516159003653e-21,156.233369455492,-7.82102822165519e-17,1.83249381981594e-23,-168281.994510154,2362.11907788948,2367.1262927449,218.201065948052,8.81562154841649,3142.01408347618,-13414.5667701281,0.0030345767706841,-928948.127978071,"MPA"
"2680","Squatina","MT",2042,1366.37678712082,1366.37678674041,62.5662355789076,8.82296274211347e-11,1756.0600107567,-2.2446890051768e-07,5.20991743191638e-14,-392514.734477958,126.055172140966,126.055172139812,5.50215431498884,4.80409647371106e-22,161.735523769327,-1.31212073841192e-17,3.07494902686565e-24,-168281.994510154,2535.09943197353,2539.92619427998,229.021231555902,8.34813429859495,3367.51394303994,-11820.3835259857,0.00267530224172835,-927353.944733929,"MPA"
"2681","Squatina","MT",2043,1416.85766438561,1416.85766416058,63.2497430269039,3.5472379518479e-11,1819.30975355854,-8.69964262928636e-08,2.01999813794601e-14,-392514.73447782,130.494524704339,130.494524703633,5.67041653106253,8.34682601797388e-23,167.405940299684,-2.20175087716929e-18,5.16078708217399e-25,-168281.994510154,2717.04150820309,2721.67384649849,239.642182024947,7.89746774626609,3603.89099561402,-10420.8148920067,0.00235960321625801,-925954.37609995,"MPA"
"2682","Squatina","MT",2044,1467.8900222266,1467.89002209372,63.8228018960993,1.42540046289664e-11,1883.13255532174,-3.37301014590514e-08,7.83484208837465e-15,-392514.734477767,135.069637782526,135.069637782093,5.84200828979905,1.45025916674505e-23,173.24794858905,-3.69526121465533e-19,8.6631284657453e-26,-168281.994510154,2907.75972772462,2912.18721876976,249.939213524665,7.46247474038486,3850.79522544344,-9191.00441960507,0.0020819726421822,-924724.565627548,"MPA"
"2683","Squatina","MT",2045,1519.38474637432,1519.38474629599,64.2808805619116,5.72451957035651e-12,1947.41343580532,-1.3082567887844e-08,3.03989198964249e-15,-392514.734477746,139.783197780186,139.783197779921,6.01686458307467,2.51988459740598e-24,179.26481317186,-6.2030155419891e-20,1.45449606643438e-26,-168281.994510154,3106.97168418406,3111.18700950737,259.780882654175,7.0422901089499,4107.74914331197,-8109.4979249057,0.00183764569203942,-923643.059132849,"MPA"
"2684","Squatina","MT",2046,1571.24906628863,1571.24906624256,64.6202300926924,2.29764813791702e-12,2012.03366585193,-5.07594543707984e-09,1.17984609517039e-15,-392514.734477738,144.637838650944,144.637838650782,6.19490903014329,4.37847219097178e-25,185.45972220184,-1.04145268997268e-20,2.44246046588863e-27,-168281.994510154,3314.29212067021,3318.29068313051,269.031495682147,6.63628361795917,4374.14291783646,-7157.73273229241,0.00162249047532945,-922691.293940235,"MPA"
"2685","Squatina","MT",2047,1623.38718665757,1623.38718663053,64.8379464831005,9.21634726866105e-13,2076.87161230799,-1.9700632671354e-09,4.58061285210116e-16,-392514.734477735,149.636132721497,149.636132721397,6.37605333182476,7.60794856527886e-26,191.835775533565,-1.74885331673472e-21,4.10221069834179e-28,-168281.994510154,3529.22900145311,3533.00859069719,277.55412120747,6.24401994893789,4649.23260833908,-6319.61192009755,0.00143291657886691,-921853.173128041,"MPA"
"2686","Squatina","MT",2048,1675.70096911179,1675.70096909596,64.9320207391745,3.69449529512129e-13,2141.80363303133,-7.64846721690847e-10,1.77887514722962e-16,-392514.734477734,154.780581075339,154.780581075278,6.56019673775905,1.32193977055578e-26,198.395972271263,-2.93726153804975e-22,6.89099708789451e-29,-168281.994510154,3751.18208619657,3754.74258366025,285.21405336268,5.86522386023676,4932.1419353052,-5581.14801957297,0.00126579822869891,-921114.709227516,"MPA"
"2687","Squatina","MT",2049,1728.09065435169,1728.09065434244,64.9013753886882,1.48000804668902e-13,2206.70500841077,-2.9702451293754e-10,6.91010148579476e-17,-392514.734477734,160.073603506662,160.073603506625,6.74722553147263,2.2969470463307e-27,205.143197802699,-4.93407221012623e-23,1.15775891014064e-29,-168281.994510154,3979.44435843259,3982.7874740988,291.882611722759,5.49974919476267,5221.86791349941,-4930.16367571135,0.0011184094900562,-920463.724883654,"MPA"
"2688","Squatina","MT",2050,1780.45561373363,1780.45561372824,64.7458863302187,5.92487044553757e-14,2271.4508947356,-1.15379128670095e-10,2.68493995479922e-17,-392514.734477733,165.517528058781,165.517528058758,6.93701253835901,3.99099867885003e-28,212.080210341035,-8.2897285771165e-24,1.9454696629466e-30,-168281.994510154,4213.20657057886,4216.33560512032,297.441124747837,5.14755079665798,5517.29052199206,-4356.03920520086,0.000988369417212346,-919889.600413144,"MPA"
"2689","Squatina","MT",2051,1832.69511848566,1832.69511848253,64.4663893219615,2.37024911441795e-14,2335.91728405443,-4.48304832941229e-11,1.04349564408869e-17,-392514.734477733,171.114580165585,171.114580165571,7.12941666201751,6.93425060447322e-29,219.209627003038,-1.3929815076035e-24,3.26963585773639e-31,-168281.994510154,4451.56504609316,4454.48467332055,301.784910212387,4.80865872440432,5817.18640070743,-3849.49891672659,0.000873595459963208,-919383.060124669,"MPA"
"2690","Squatina","MT",2052,1884.70911415901,1884.7091141572,64.0646708314343,9.47556933009075e-15,2399.98195488405,-1.74231034265651e-11,4.05646612351107e-18,-392514.734477733,176.866871418892,176.866871418884,7.32428245471807,1.20476095376337e-29,226.533909457747,-2.34109452277867e-25,5.49593085958161e-32,-168281.994510154,4693.53273038228,4696.24879610456,304.8270431475,4.48315441168218,6120.24635516552,-3402.42959698584,0.000772263748860774,-918935.990804929,"MPA"
"2691","Squatina","MT",2053,1936.39898769709,1936.39898769604,63.5434434025076,3.78538351202518e-15,2463.52539828551,-6.77296425195245e-12,1.57725498907265e-18,-392514.734477733,182.776387989233,182.776387989228,7.52143972805746,2.09306002438322e-30,234.0553491858,-3.93513339427517e-26,9.23949985851284e-33,-168281.994510154,4938.05331430998,4940.57264878915,306.501693382356,4.17114863765699,6425.09623438939,-3007.72579455977,0.000682775133951059,-918541.287002503,"MPA"
"2692","Squatina","MT",2054,1987.66831462972,1987.66831462912,62.9063061283021,1.5111443149497e-15,2526.43170441321,-2.63347334889914e-12,6.13407239885321e-19,-392514.734477733,188.844978732504,188.8449787325,7.72070321013703,3.6361180566034e-31,241.776052395933,-6.6155394205745e-27,1.55352914139849e-33,-168281.994510154,5184.01807930639,5186.34832144339,306.766823718889,3.87276132883859,6730.32053891645,-2659.15751789027,0.000603726054631138,-918192.718725833,"MPA"
"2693","Squatina","MT",2055,2038.42357437555,2038.4235743752,62.1576912290072,6.02827158922269e-16,2588.58939564186,-1.02416998120007e-12,2.38608135683716e-19,-392514.734477733,195.074343020009,195.074343020007,7.92187225581542,6.31634441413329e-32,249.697924651747,-1.11233285687503e-27,2.61247727040792e-34,-168281.994510154,5430.28494523176,5432.4343774375,305.606067264952,3.58810332691094,7034.48793506023,-2351.25675390993,0.000533883481627514,-917884.817961853,"MPA"
"2694","Squatina","MT",2056,2088.57482244132,2088.57482244112,61.3027981053639,2.40309453831245e-16,2649.89219374703,-3.98386456127205e-13,9.28341336157169e-20,-392514.734477733,201.466018334736,201.466018334735,8.12473061676446,1.09713788078664e-32,257.82265526851,-1.8705374515438e-28,4.3938606310678e-35,-168281.994510154,5675.69905627733,5677.67644964747,303.029647470992,3.31726032221697,7336.17771557915,-2079.21985038303,0.000472163304096851,-917612.781058326,"MPA"
"2695","Squatina","MT",2057,2138.03630941303,2138.03630941292,60.3475165563018,9.57285356029433e-17,2710.23971030322,-1.5499697853659e-13,3.61254453403179e-20,-392514.734477733,208.021367682091,208.02136768209,8.32904627817256,1.90554954679731e-33,266.151701546682,-3.14599952527882e-29,7.39093135478251e-36,-168281.994510154,5919.11413046426,5920.92860037685,299.074263667099,3.06027917310923,7634.00616998574,-1838.82331925115,0.000417611641839899,-917372.384527194,"MPA"
"2696","Squatina","MT",2058,2186.72703799606,2186.727037996,59.2983411009314,3.8107172765135e-17,2769.53805140408,-6.03149590997423e-14,1.40604436649154e-20,-392514.734477733,214.741566868886,214.741566868885,8.53457136899044,3.30932152806749e-34,274.686272915672,-5.2918800791248e-30,1.24339672030504e-36,-168281.994510154,6159.41373623698,6161.07460882434,293.801933068765,2.81715681116696,7926.65181883069,-1626.35103509239,0.000369388649637052,-917159.912243035,"MPA"
"2697","Squatina","MT",2059,2234.57125092698,2234.57125092694,58.1622785223339,1.51589765657908e-17,2827.70032992638,-2.34750865298145e-14,5.47346751856526e-21,-392514.734477733,221.62759170991,221.627591709909,8.74104215258846,5.7466326103634e-35,283.42731506826,-8.90264292074703e-31,2.09207127439077e-37,-168281.994510154,6395.53165246719,6397.04834258297,287.297850614924,2.58783187760982,8212.87852768378,-1438.53114181702,0.000326754451741812,-916972.09234976,"MPA"
"2698","Squatina","MT",2060,2281.49884428806,2281.49884428804,56.9467508489331,6.02607783389997e-18,2884.64708077529,-9.13833639930712e-15,2.13108785613674e-21,-392514.734477733,228.680205226959,228.680205226959,8.948179104586,9.97791339039667e-36,292.375494172846,-1.49790436571175e-31,3.52044875702739e-38,-168281.994510154,6626.47051771453,6627.85241903921,279.667393449689,2.3721791555428,8491.55564330261,-1272.48125744912,0.000289056902760431,-916806.042465392,"MPA"
"2699","Squatina","MT",2061,2327.44570254342,2327.44570254341,55.6594960083676,2.39389927363089e-18,2940.30657678365,-3.5579713287769e-15,8.29875962846552e-22,-392514.734477733,235.899944910664,235.899944910664,9.15568708441181,1.73226348376642e-36,301.531181257257,-2.52060023311644e-32,5.92479027241025e-39,-168281.994510154,6851.31807687241,6852.57446469854,271.032450736363,2.17000676598844,8761.67447509911,-1125.66079356788,0.000255720919004361,-916659.222001511,"MPA"
"2700","Squatina","MT",2062,2372.3539534188,2372.35395341879,54.3084683322836,9.50360811067009e-19,2994.61504511592,-1.38551377614178e-15,3.23218272057397e-22,-392514.734477733,243.287110120738,243.287110120738,9.36325560685354,3.00699156697991e-37,310.894436864111,-4.24206406048795e-33,9.97240668259259e-40,-168281.994510154,7069.26047905765,7070.40042610072,261.527296668302,1.9810559937586,9022.36066281672,-995.829392449856,0.000226239163915615,-916529.390600393,"MPA"
"2701","Squatina","MT",2063,2416.17214250476,2416.17214250475,52.9017409653585,3.77040926010437e-19,3047.51678608128,-5.3962271554079e-16,1.25906308600624e-22,-392514.734477733,250.841749705325,250.841749705325,9.57055921944641,5.21904026274814e-38,320.464996083557,-7.14007016290694e-34,1.67871780382784e-40,-168281.994510154,7279.59225633444,7280.6245616596,251.294242065058,1.80500351248391,9272.88220669444,-881.010638909485,0.000200163903917968,-916414.571846852,"MPA"
"2702","Squatina","MT",2064,2458.85532911966,2458.85532911966,51.4474120479894,1.49489997993858e-19,3098.96419812927,-2.10202827172276e-16,4.90530515456434e-23,-392514.734477733,258.563649924831,258.563649924831,9.77725799103096,9.05702210012816e-39,330.242254074588,-1.20192789225104e-34,2.82621260069435e-41,-168281.994510154,7481.72280276373,7482.65593363487,240.479297348703,1.64146569553681,9512.65316921875,-779.460331451087,0.000177099878303775,-916313.021539394,"MPA"
"2703","Squatina","MT",2065,2500.36510647721,2500.36510647721,49.9535163112631,5.92333440336617e-20,3148.91771444053,-8.18943468538584e-17,1.91139168595167e-23,-392514.734477733,266.452322769957,266.452322769957,9.9829981161721,1.57149407180658e-39,340.22525219076,-2.02350240995254e-35,4.7586099368485e-42,-168281.994510154,7675.17936112092,7676.02140729795,229.228058893338,1.49000463787675,9741.23326965124,-689.638703545003,0.000156698049539339,-916223.199911488,"MPA"
"2704","Squatina","MT_20",2015,469.873669195439,469.873669195439,31.9069773266766,7.13100865155111,607.139590175126,-55457.1317716051,0.0122449417997362,-522658.017787447,55.5488740187906,55.5488740187906,2.6194775094237,0.238637283274053,71.2283742861496,-14892.4740161925,0.00346617037969847,-217447.645679631,793.14985412918,793.14985412918,89.0569769590491,197.586525871518,874.504086987531,-1131256.96307992,0.200996709223099,-2208872.81349,"MPA"
"2705","Squatina","MT_20",2016,489.863886440237,489.600561826881,33.077128760117,3.29326990808438,636.660124413802,-24475.8136853391,0.00542770353230085,-491676.699701181,57.4698287136385,57.4698150282027,2.70600157898657,0.0498145530963666,73.8845476266041,-3003.93360378428,0.000699365291406501,-205559.105267223,705.583983801843,705.391107604887,79.8170941528374,151.331608096304,802.796696847109,-926715.278292013,0.178970385721051,-2004331.12870209,"MPA"
"2706","Squatina","MT_20",2017,513.682204115385,513.427323685301,34.4514597778352,1.53723462140693,669.319469140146,-10849.1322139787,0.00241579159524691,-478050.01822982,59.6129328970416,59.6123389220839,2.80221136718392,0.0104289352357403,76.6757360835946,-606.099721793617,0.000141152037611587,-203161.271385232,647.727666425897,639.222723470448,73.6124556418604,125.910313438376,741.993896095143,-825163.910545587,0.168080799658655,-1902779.76095566,"MPA"
"2707","Squatina","MT_20",2018,540.033036436538,539.794170897735,35.9466344949722,0.722218430185554,704.30501966613,-4828.77151464559,0.00107940539214143,-472029.657530487,61.8649725390852,61.8640870728738,2.90294746300911,0.00218501884224927,79.57561306155,-122.328240054859,2.84969034631525e-05,-202677.499903494,598.669596807644,580.302237895566,68.3065930591995,109.658061240896,682.27506900137,-774958.627106556,0.16288601875954,-1852574.47751663,"MPA"
"2708","Squatina","MT_20",2019,568.26074226769,568.071264223209,37.5188364459838,0.34084276873132,741.293535298901,-2157.54548632189,0.000484043396646075,-469358.431502164,64.2047063163045,64.2041213744489,3.00721100576622,0.00045794563262666,82.581781179828,-24.6965788680626,5.75485143622913e-06,-202579.868242307,550.486119387945,529.68497190488,63.060603608668,97.3774785421412,627.157046584832,-751009.481511149,0.160738377233445,-1828625.33192122,"MPA"
"2709","Squatina","MT_20",2020,598.104518418572,597.969947829503,39.1479040957403,0.161430799299471,780.145438006273,-967.515122107954,0.000217795567697667,-468168.40113795,66.6301999285521,66.629885103511,3.11487102494436,9.60017390732388e-05,85.6962413779922,-4.98738361597184,1.16250525411314e-06,-202560.159047055,506.014750512004,485.785722118268,58.1854911268095,87.8162139596253,577.297295358279,-741109.215730757,0.160346473505,-1818725.06614083,"MPA"
"2710","Squatina","MT_20",2021,629.451747892344,629.36318012926,40.8223577145005,0.076685817132515,820.802542140557,-435.331896049089,9.83035281771708e-05,-467636.217911891,69.1430678118606,69.1429108442287,3.22595282768219,2.01298360370917e-05,88.9220171082065,-1.00747226209133,2.34897549816121e-07,-202556.179135701,465.785959789038,448.172206722479,53.7450504352913,80.047888425301,533.380704301711,-739303.786878779,0.161077791498384,-1816919.63728885,"MPA"
"2711","Squatina","MT_20",2022,662.255484240489,662.200095133934,42.5343699415854,0.0365223919937459,863.245000583594,-196.48909518898,4.44976075268948e-05,-467397.375111031,71.7457494052839,71.7456714718305,3.34051509802563,4.22174942808374e-06,92.2624500510293,-0.20357111659383,4.747698755994e-08,-202555.375234555,430.352342343713,416.027747203954,49.8085586286775,73.6709432663198,495.19372452431,-742676.950646273,0.162620475510067,-1820292.80105635,"MPA"
"2712","Squatina","MT_20",2023,696.499714034476,696.466258855371,44.2776542950774,0.0174330265519584,907.471766673014,-88.9413697001906,2.01951604374533e-05,-467289.827385542,74.4409409069485,74.4409011609488,3.45862412929681,8.85589021244342e-07,95.7210335487374,-0.0411453070563644,9.59858561379842e-09,-202555.212808746,399.541598607208,388.612579551901,46.3655865820475,68.3930923853177,462.237199665733,-749790.897652602,0.164819265657815,-1827406.74806268,"MPA"
"2713","Squatina","MT_20",2024,732.183592786309,732.163857493696,46.0465097266187,0.00833738712595482,953.490203719894,-40.3656706487911,9.18758408025492e-06,-467241.251686491,77.231460881567,77.2314398325882,3.58034754874432,1.8580457737379e-07,99.3013598626984,-0.00831847772502118,1.94110500855322e-09,-202555.179981917,372.950989771882,365.203657296877,43.3788459636558,64.0145478417821,433.854165312602,-759929.811971072,0.16759589237614,-1837545.66238115,"MPA"
"2714","Squatina","MT_20",2025,769.313061502371,769.301601916838,47.8353239316395,0.00399409606103031,1001.31007396994,-18.3638531546667,4.18894416351404e-06,-467219.249868996,80.1202077056298,80.1201961576817,3.70575215850214,3.89907833996e-08,103.007100434262,-0.0016822288962272,3.92651052003384e-10,-202555.173345668,350.050451341862,345.166608674133,40.794998002425,60.3757539366537,409.389566710644,-772732.847058876,0.170910431456838,-1850348.69746895,"MPA"
"2715","Squatina","MT_20",2026,807.89599674301,807.889409431047,49.6383007445073,0.00191618075320525,1050.93987122173,-8.37268173904851,1.91367883685823e-06,-467209.258697581,83.110143641123,83.1101371249419,3.83490296102692,8.18362709236231e-09,106.841996870924,-0.000340284563047393,7.9447213432527e-11,-202555.172003723,330.311459608679,327.954112257177,38.5591524515127,57.3500517768474,388.241320033807,-788015.948324505,0.174742526437327,-1865631.79873458,"MPA"
"2716","Squatina","MT_20",2027,847.939251635992,847.935487300913,51.4493104816936,0.000920429544460962,1102.3844969388,-3.82495648940332,8.75816788436788e-07,-467204.710972331,86.2042875628154,86.2042838094115,3.96786256215208,1.71792790446148e-09,110.809855677954,-6.88515236637418e-05,1.60791444827421e-11,-202555.17173229,313.248229873448,313.105738025196,36.619817833185,54.8340448179464,369.884601200793,-805685.277559633,0.179082249546571,-1883301.12796971,"MPA"
"2717","Squatina","MT_20",2028,889.446780873146,889.444635639006,53.2618132927173,0.000442583367288597,1155.64372241401,-1.7505239242183,4.01478489784227e-07,-467202.636539766,89.4057107075279,89.405708513638,4.10469069949051,3.60691688316747e-10,114.914544183194,-1.39346866514205e-05,3.2550506100095e-12,-202555.171677374,298.437313610786,300.236744728709,34.9314718278994,52.7434138963962,353.87209025022,-825695.076517727,0.183925640866453,-1903310.9269278,"MPA"
"2718","Squatina","MT_20",2029,932.418399924636,932.417177890586,55.0688279894,0.000212996031578032,1210.71111537333,-0.802443220584062,1.84309487070098e-07,-467201.688459062,92.717533386104,92.7175320903061,4.24544380450577,7.57419090618972e-11,119.159986691826,-2.82092394229318e-06,6.59115080692601e-13,-202555.17166626,285.517795640212,289.026918686328,33.4548883351853,51.0088786629826,339.82722296854,-848027.100161049,0.189272520127048,-1925642.95057112,"MPA"
"2719","Squatina","MT_20",2030,976.848918981057,976.848221949949,56.8629307688162,0.000102576494157866,1267.57324653454,-0.368380703703208,8.47241834967903e-08,-467201.254396545,96.1429218809265,96.1429211097264,4.39017456411236,1.59075037218817e-11,123.550160484722,-5.71207919371074e-07,1.33497024995747e-13,-202555.17166401,274.185849276515,279.209408865676,32.1567560231921,49.5732886491024,327.434249931791,-872680.528079756,0.195125404428523,-1950296.37848983,"MPA"
"2720","Squatina","MT_20",2031,1022.72750277407,1022.72710421603,58.6362750567641,4.94263262796314e-05,1326.20907360694,-0.169337691218163,3.89928789508745e-08,-467201.055353533,99.6850852172294,99.6850847556082,4.53893146858712,3.34141335641717e-12,128.089091491685,-1.15692145870672e-07,2.70449940599715e-14,-202555.171663555,264.186715577163,270.561157767769,31.008939888697,48.3891577484546,316.428474262639,-899666.974902703,0.201488965946885,-1977282.82531278,"MPA"
"2721","Squatina","MT_20",2032,1070.03717356335,1070.03694493894,60.380627609964,2.38255516319808e-05,1386.58944876694,-0.0779342770814236,1.79651557318585e-08,-467200.963950119,103.3472716721,103.347271394553,4.69175834054302,7.01968171444852e-13,132.780849554681,-2.34378879566562e-08,5.48031189283964e-15,-202555.171663462,255.306826784167,262.894845315662,29.9877090011566,47.4167344539275,306.587467341363,-929007.990305412,0.20836975501835,-2006623.84071549,"MPA"
"2722","Squatina","MT_20",2033,1118.75441374871,1118.75428213239,62.0874181816201,1.14880720307409e-05,1448.67672384418,-0.0359063345808663,8.28512884815665e-09,-467200.921922176,107.13276495267,107.132764785205,4.84869384288162,1.47489226260531e-13,137.629543230097,-4.74937136664377e-09,1.11077182255713e-15,-202555.171663444,247.366718817314,256.052344970161,29.0730168497755,46.6224468722642,297.723663471722,-960733.782526596,0.215776055286616,-2038349.63293667,"MPA"
"2723","Squatina","MT_20",2034,1168.84884731882,1168.84877127025,63.7478011711385,5.5401468499117e-06,1512.42444342659,-0.0165590776657684,3.82428102003545e-09,-467200.902574919,111.044880002378,111.044879901041,5.00977096502826,3.09924138134608e-14,142.639314093788,-9.62620163990012e-10,2.25187216974531e-16,-202555.17166344,240.21505636194,249.899449181949,28.2478820025228,45.9776812378132,289.67825705644,-994882.550724308,0.223717806126506,-2072498.40113438,"MPA"
"2724","Squatina","MT_20",2035,1220.28299223653,1220.28294813982,65.3527281716925,2.67190082342586e-06,1577.77712482967,-0.00764334349764566,1.7666342583059e-09,-467200.893659185,115.086958406053,115.086958344585,5.17501648746878,6.51327268393888e-15,147.814330519789,-1.95152021876262e-10,4.56625350824132e-17,-202555.171663439,233.72370887224,244.321658246025,27.4978699456176,45.4578171755737,282.316259200269,-1031500.12747509,0.232206560803153,-2109115.97788516,"MPA"
"2725","Squatina","MT_20",2036,1273.01208290935,1273.01205725729,66.8930304587337,1.28855671813453e-06,1644.67012834779,-0.00353083032242412,8.16691217349474e-10,-467200.889546672,119.262363370341,119.262363332983,5.34445042506168,1.36895242933228e-15,153.158780907492,-3.95720487967892e-11,9.26129709154969e-18,-202555.171663439,227.783762045929,239.220823049437,26.8106686306729,45.0414732358276,275.522515598623,-1070639.78599988,0.241255464961782,-2148255.63640996,"MPA"
"2726","Squatina","MT_20",2037,1326.98396550326,1326.98395053893,68.3595103843512,6.2134668875777e-07,1713.02962314646,-0.00163224228822833,3.77794111208823e-10,-467200.887648084,123.574474259127,123.574474236383,5.51808544995466,2.8775251967573e-16,158.676866334703,-8.02600641123394e-12,1.87878564957717e-18,-202555.171663439,222.302304901582,234.512471740816,26.1757434369488,44.7099167784064,269.198509096399,-1112362.1410977,0.25087924788134,-2189977.99150777,"MPA"
"2727","Squatina","MT_20",2038,1382.13907042322,1382.13906167339,69.7430404504108,2.99556208157496e-07,1782.77265454749,-0.000755054654239714,1.748692516765e-10,-467200.886770896,128.026680665735,128.026680651869,5.69592629525678,6.04906154521222e-17,164.372792616094,-1.62818617475013e-12,3.81218868568573e-19,-202555.171663439,217.199849958462,230.123677125175,25.584058037918,44.4466051366411,263.259789164389,-1156735.10890526,0.261094222739264,-2234350.95931533,"MPA"
"2728","Squatina","MT_20",2039,1438.41046660145,1438.4104614761,71.0346685858895,1.44379802558389e-07,1853.80731786365,-0.000349488628462873,8.09860989413841e-11,-467200.88636533,132.622376005375,132.622375996912,5.87796914093362,1.27171950675723e-17,170.250761748564,-3.30369792846443e-13,7.73680051617444e-20,-202555.171663439,212.408259237891,225.991351237272,25.027848540029,44.2368298023167,257.633899901482,-1203833.9081853,0.271918293996582,-2281449.75859537,"MPA"
"2729","Squatina","MT_20",2040,1495.72400175403,1495.72399874793,72.2257278892119,6.95650687923783e-08,1926.0330426772,-0.000161855105723734,3.75255120257741e-11,-467200.886177697,137.364950612933,137.364950607761,6.06420098371857,2.67377872376682e-18,176.314962727111,-6.70480927543815e-14,1.57049442616627e-20,-202555.171663439,207.869072494666,222.060875743527,24.5004403869776,44.067442210191,252.258701327129,-1253741.09442961,0.283370970927318,-2331356.94483968,"MPA"
"2730","Squatina","MT_20",2041,1553.9985317479,1553.99852998341,73.307948842399,3.35048947714385e-08,1999.34098972161,-7.49961234753632e-05,1.73958047607639e-11,-467200.886090838,142.25778433285,142.257784329688,6.25459899317228,5.62194640475826e-19,182.569561717121,-1.36100739790227e-14,3.18858156891627e-21,-202555.171663439,203.532152770388,218.284996123284,23.9960992520397,43.9266435078245,247.08100042424,-1306546.62227994,0.295473386771043,-2384162.47269002,"MPA"
"2731","Squatina","MT_20",2042,1613.14624082049,1613.14623978447,74.2735717821172,1.61300489373928e-08,2073.61456045158,-3.47658556012135e-05,8.06768281184745e-12,-467200.886050608,147.30423858975,147.304238587814,6.44912985637929,1.18214656470199e-19,189.018691571565,-2.76325297050157e-15,6.47504739335271e-22,-202555.171663439,199.354581865512,214.622922298677,23.5099088660891,43.8038245775437,242.055425145951,-1362347.9338664,0.308248323218814,-2439963.78427647,"MPA"
"2732","Squatina","MT_20",2043,1673.07305272067,1673.07305211245,75.1154572410879,7.76164802594886e-09,2148.73001707669,-1.61232790698691e-05,3.74305243321248e-12,-467200.886031965,152.507647930498,152.507647929313,6.64774911414488,2.48585380335695e-20,195.666440684524,-5.61132034837613e-16,1.31513649930001e-22,-202555.171663439,195.299751844115,211.039590431859,23.0376700815234,43.6894450568478,237.143488758371,-1421250.07172944,0.321720240065327,-2498865.92213952,"MPA"
"2733","Squatina","MT_20",2044,1733.67913097608,1733.6791306192,75.8271916665524,3.73289378783209e-09,2224.55720838263,-7.48043031712565e-06,1.73725584796015e-12,-467200.886023322,157.871311030799,157.871311030073,6.85040049194659,5.22751999454359e-21,202.516841175745,-1.13970357136445e-16,2.67164873866745e-23,-202555.171663439,191.336610109158,207.505049928226,22.5758166459519,43.5749423924726,232.312802830917,-1483365.81555641,0.335915309929442,-2560981.66596648,"MPA"
"2734","Squatina","MT_20",2045,1794.85946451397,1794.85946430475,76.403185992224,1.7943011964121e-09,2300.96039416384,-3.47184662608981e-06,8.06588021047906e-13,-467200.886019314,163.398481162026,163.398481161581,7.05701522930149,1.09932949972218e-21,209.573856404601,-2.31525787936992e-17,5.42833619831239e-24,-202555.171663439,187.439024412413,203.993947231317,22.1213440751953,43.4526635345899,227.536406190427,-1548815.84228277,0.350861457988527,-2626431.69269284,"MPA"
"2735","Squatina","MT_20",2046,1856.50453284563,1856.50453272312,76.8387645945879,8.61964833238639e-10,2377.79915863505,-1.6119240137094e-06,3.74610895270567e-13,-467200.886017454,169.092356117007,169.092356116734,7.26751141162989,2.31189603733104e-22,216.841367815958,-4.70419865652485e-18,1.10314143042142e-24,-202555.171663439,183.585241428477,200.485083931048,21.6717487806255,43.3158133059452,222.792184167678,-1617728.90930768,0.36658840670223,-2695344.75971775,"MPA"
"2736","Squatina","MT_20",2047,1918.50104304237,1918.50104297073,77.130242307685,4.13824735948174e-10,2454.92940087069,-7.48633449053878e-07,1.7403687542139e-13,-467200.88601659,174.95606759675,174.956067596583,7.48179330912565,4.86197942321257e-23,224.323161124917,-9.55980386152822e-19,2.24218260204811e-25,-202555.171663439,179.757418180237,196.961031545535,21.2249752059899,43.158414516574,218.062358222391,-1690242.06071234,0.383127725524983,-2767857.91112241,"MPA"
"2737","Squatina","MT_20",2048,1980.73272886066,1980.73272881885,77.2749874024196,1.98548174003906e-10,2532.2043882311,-3.47797224135237e-07,8.08773457735901e-14,-467200.88601619,180.992670063757,180.992670063654,7.69975072757813,1.02248858954865e-23,232.022911852392,-1.94306621983994e-19,4.55810529960954e-26,-202555.171663439,175.941210248424,193.407789203388,20.7793692267706,42.9752758602782,213.333030543848,-1766500.85647859,0.400512885626735,-2844116.70688866,"MPA"
"2738","Squatina","MT_20",2049,2043.08120068749,2043.08120066313,77.2714687520548,9.51983239987951e-11,2609.47585695869,-1.61624698307734e-07,3.75950395004697e-14,-467200.886016003,187.205129071568,187.205129071505,7.92125837652734,2.15030708527462e-24,239.944170228856,-3.95002441612125e-20,9.26764976832372e-27,-202555.171663439,172.125404337641,189.814473636622,20.3336364568827,42.7619643595092,208.593771940202,-1846659.62479836,0.418779319659773,-2924275.47520843,"MPA"
"2739","Squatina","MT_20",2050,2105.42683354423,2105.42683353006,77.1192857953908,4.56141439054682e-11,2686.59514273987,-7.51289615260275e-08,1.7480193880251e-14,-467200.886015917,193.596309084509,193.59630908447,8.1461752605654,4.52204910240256e-25,248.090345489383,-8.03126225901575e-21,1.88462553521908e-27,-202555.171663439,168.301585769398,186.173033459698,19.8868044326663,42.5147798348144,203.837244228354,-1930881.73764884,0.437964486626777,-3008497.58805892,"MPA"
"2740","Squatina","MT_20",2051,2167.649679268,2167.64967925978,76.8191803593561,2.18409148487081e-11,2763.41432309099,-3.49316497344535e-08,8.12958919684303e-15,-467200.886015877,200.168960806321,200.168960806297,8.37434410001906,9.50952735249507e-26,256.464689589379,-1.6331948417846e-21,3.83309045490528e-28,-202555.171663439,164.463833811541,182.477981831065,19.4381878982203,42.2307294185536,199.058850727544,-2019339.90988823,0.458107941921924,-3096955.7602983,"MPA"
"2741","Squatina","MT_20",2052,2229.63038823329,2229.63038822854,76.3730298959292,1.04505406017261e-11,2839.78735298215,-1.62456644430933e-08,3.78174945190158e-15,-467200.886015858,206.925708041382,206.925708041367,8.6055907876516,1.999712441449e-26,265.070280377016,-3.32170220345162e-22,7.79722325381599e-29,-202555.171663439,160.608439682866,178.726143291325,18.9873566269756,41.9075006856125,194.256410277366,-2112216.52220311,0.479251412633055,-3189832.37261318,"MPA"
"2742","Squatina","MT_20",2053,2291.25112561744,2291.25112561469,75.7838222042952,4.99689388246291e-12,2915.57117518369,-7.5571436991885e-09,1.75960142833074e-15,-467200.886015849,213.869034117565,213.869034117556,8.83972388840133,4.20491483818523e-27,273.910004265408,-6.75694304203526e-23,1.58633960480386e-29,-202555.171663439,156.733643538139,174.916411965546,18.5341053744951,41.5434323787275,189.429851700541,-2209703.96831385,0.501438878208935,-3287319.81872393,"MPA"
"2743","Squatina","MT_20",2054,2352.39646727147,2352.39646726988,75.0556122262144,2.38755241609536e-12,2990.62678740832,-3.5162141211518e-09,8.18896975116702e-16,-467200.886015845,221.001267905478,221.001267905472,9.07653418951905,8.84145976349952e-28,282.986538454922,-1.37469097506785e-23,3.22787033179427e-30,-202555.171663439,152.839387948756,171.049519397617,18.0784256903696,41.1374821484464,184.580926691325,-2312005.02691751,0.524716656611439,-3389620.87732758,"MPA"
"2744","Squatina","MT_20",2055,2412.95426073195,2412.95426073104,74.1934619987428,1.13997732382967e-12,3064.82024940615,-1.63638840116428e-09,3.81183412329956e-16,-467200.886015843,228.324569474727,228.324569474723,9.3157943087696,1.85893383445296e-28,292.302332763688,-2.797200412327e-24,6.56898326189843e-31,-202555.171663439,148.927086249922,167.127811152993,17.620479410525,40.6891910017067,179.712940003215,-2419333.25892089,0.549133496088224,-3496949.10933097,"MPA"
"2745","Squatina","MT_20",2056,2472.81643778456,2472.81643778404,73.2033653027598,5.43913899947268e-13,3138.02361470839,-7.61705833158624e-10,1.77470081663895e-16,-467200.886015842,235.84091543407,235.840915434068,9.55725836861331,3.90816731408325e-29,301.859591132299,-5.69251535076139e-25,1.33702912225569e-31,-202555.171663439,144.999404845569,163.15503194628,17.160573730724,40.1986445153826,174.830496319267,-2531913.43058893,0.5747406727172,-3609529.280999,"MPA"
"2746","Squatina","MT_20",2057,2531.87976623118,2531.87976623088,72.0921589395775,2.59331857828084e-13,3210.11577364767,-3.54629329192957e-10,8.26417801996636e-17,-467200.886015842,243.552084008682,243.552084008681,9.80066174447185,8.21575911590961e-30,311.66025287677,-1.15863177917881e-25,2.7217154456122e-32,-202555.171663439,141.06005897347,159.136119535503,16.6991378065476,39.6664309928121,169.939263695035,-2649981.9633058,0.601592093889852,-3727597.81371588,"MPA"
"2747","Squatina","MT_20",2058,2590.04653007156,2590.04653007139,70.8674228859638,1.23559287626596e-13,3280.98319653346,-1.65137397555639e-10,3.84906016913513e-17,-467200.886015842,251.459639914314,251.459639914314,10.0457208952993,1.72696548828788e-30,321.705973772068,-2.35855367196866e-26,5.54117976978835e-33,-202555.171663439,137.113621841774,155.077007894763,16.2367008707607,39.0935970777949,165.04575354099,-2773787.41071918,0.62974440791637,-3851403.26112926,"MPA"
"2748","Squatina","MT_20",2059,2647.22512912623,2647.22512912613,69.5373718091505,5.88290221787885e-14,3350.52056834251,-7.69124784988027e-11,1.79303027948892e-17,-467200.886015842,259.56491909475,259.56491909475,10.2921332847128,3.62975338649322e-31,331.998107056781,-4.80179620422223e-27,1.12828286771726e-33,-202555.171663439,133.165347110252,150.984440401278,15.7738718645312,38.4816012349148,160.157117461632,-2903590.96411087,0.65925711995154,-3981206.81452094,"MPA"
"2749","Squatina","MT_20",2060,2703.33059112945,2703.3305911294,68.1107405614701,2.79903459493087e-14,3418.63130890393,-3.58282943296767e-11,8.35402898695094e-18,-467200.886015842,267.869013395628,267.869013395627,10.539577400877,7.62823697617263e-32,342.537684457657,-9.77727606034109e-28,2.29767484031708e-34,-202555.171663439,129.221004972169,146.865793766251,15.311320611716,37.8322659755112,155.280960891918,-3039666.98691123,0.69019271445663,-4117282.8373213,"MPA"
"2750","Squatina","MT_20",2061,2758.28499143485,2758.28499143482,66.5966663177296,1.33085189434961e-14,3485.22797522163,-1.66928681939387e-11,3.89293776981264e-18,-467200.886015842,276.372755254303,276.372755254302,10.7877128831739,1.60295356451865e-32,353.325397340831,-1.99107130810418e-28,4.67964150296813e-35,-202555.171663439,125.286731788893,142.72891353936,14.8497605290912,37.1477291056227,150.425174065854,-3182303.57934958,0.722616784428963,-4259919.42975965,"MPA"
"2751","Squatina","MT_20",2062,2812.01777762483,2812.01777762481,65.0045699705394,6.32355209923684e-15,3550.23254519215,-7.77873547140346e-12,1.81438693370832e-18,-467200.886015842,285.07670249192,285.07670249192,11.0361807634127,3.3679337799765e-33,364.361578104244,-4.05517081176677e-29,9.53210215094632e-36,-202555.171663439,121.368893708766,138.581961735108,14.3899329229214,36.4303954524302,145.597779562688,-3331803.1743087,0.756598167647717,-4409419.02471877,"MPA"
"2752","Squatina","MT_20",2063,2864.46599842517,2864.46599842516,63.3440392671078,3.0026732770454e-15,3613.57658445925,-3.62541801536155e-12,8.45768055704331e-19,-467200.886015842,293.981123300095,293.981123300095,11.2846038289348,7.07535332313778e-34,375.646181933178,-8.26006643517113e-30,1.9418494562326e-36,-202555.171663439,117.473963661428,134.433277349828,13.93259279904,35.6828882900709,140.806797760056,-3488483.16552944,0.792209090201638,-4566099.01593951,"MPA"
"2753","Squatina","MT_20",2064,2915.57443832983,2915.57443832982,61.6247159664937,1.4248754082863e-15,3675.20130042574,-1.68995904585139e-12,3.94311667397393e-19,-467200.886015842,303.085981520568,303.085981520568,11.532587114442,1.48617817676148e-34,387.17876904762,-1.68270759871352e-30,3.95632445700153e-37,-202555.171663439,113.608412800177,130.291249716503,13.4784963151951,34.9080040867737,136.060126904805,-3652676.5693899,0.829525317581947,-4730292.41979997,"MPA"
"2754","Squatina","MT_20",2065,2965.29566117977,2965.29566117977,59.8561890326619,6.75731625662549e-16,3735.0574894584,-7.87882296371491e-13,1.83862480018243e-19,-467200.886015842,312.39092232168,312.39092232168,11.7797185287105,3.12124591946349e-35,398.958487576331,-3.42833463289374e-31,8.06151103569319e-38,-202555.171663439,109.778613738423,126.164205770766,13.028389560891,34.1086647253185,131.36544377272,-3824732.7215663,0.86862631364176,-4902348.57197637,"MPA"
"2755","Squatina","MT_40",2015,552.962029528139,552.962029528139,37.5385415112346,9.75335952412373,713.128905587111,-64425.1246795068,0.0142313399660114,-613072.649877043,66.0259964057555,66.0259964057555,3.11250078433006,0.332604700231172,84.6128245940989,-17463.8875498294,0.00406443599523054,-257399.480177062,932.727467329509,932.727467329509,104.686172985602,266.237660029573,994.475294956028,-1289947.41861761,0.230304058846254,-2544509.51900836,"MPA"
"2756","Squatina","MT_40",2016,575.380197366163,575.020072309185,38.8503285006002,5.2694690424508,746.349639988282,-33334.3158727259,0.00739470168763489,-581981.841070262,68.268924921196,68.268905973049,3.213458301624,0.0820148028442869,87.7442491447316,-4163.585755082,0.00096929744388189,-244099.178382315,802.38143062857,802.128931383755,90.9133590113149,228.250444104975,856.885710617553,-1233568.19536688,0.238484355709253,-2488130.29575763,"MPA"
"2757","Squatina","MT_40",2017,602.183980758814,601.808515845825,40.3973273834319,2.87733280220442,783.494169656521,-17320.6803680991,0.00385782044590035,-565968.205565635,70.7954803053126,70.7946565136275,3.32680647577852,0.0202889647929785,91.049942864032,-992.941997260571,0.000231228984288892,-240928.534624493,691.36879101747,680.199544501748,78.924847381415,203.120552659848,721.520758823398,-1277391.59239034,0.260085478508174,-2531953.69278109,"MPA"
"2758","Squatina","MT_40",2018,632.153635114626,631.78046825372,42.0993419720866,1.58207396680659,823.638270800895,-9036.1755417433,0.0020202795884062,-557683.700739279,73.462642847374,73.4613533318157,3.4460306620262,0.00502381323193966,94.489660197268,-236.869229990286,5.51765380572631e-05,-240172.461857223,582.151071654855,556.810255962695,66.9366140983104,180.828011951454,582.288545278094,-1393101.36589978,0.29260726584447,-2647663.46629053,"MPA"
"2759","Squatina","MT_40",2019,664.543460654681,664.221640079359,43.9059004976202,0.874193996623558,866.348156726569,-4732.08299410052,0.00106175866828305,-553379.608191636,76.237940865131,76.2370217713692,3.56961753252296,0.00124444605217706,98.057114189977,-56.5223710208577,1.31701916276059e-05,-239992.114998253,469.813094773284,440.453372326645,54.4214889643706,155.641787035645,451.70852476018,-1567306.86001895,0.335268321106383,-2821868.96040969,"MPA"
"2760","Squatina","MT_40",2020,699.003461365449,698.751970173858,45.7904053016835,0.484917418464366,911.402153418197,-2486.93714012862,0.000559859896523238,-551134.462337664,79.1163017986703,79.1157760998807,3.69728639585768,0.000308341967957533,101.753566545077,-13.4914164229061,3.14451491687086e-06,-239949.084043655,364.456044471391,334.382798680197,42.5173593625807,129.041539479672,335.111098851895,-1795822.57791339,0.388416191682307,-3050384.67830414,"MPA"
"2761","Squatina","MT_40",2021,735.354782010937,735.171647459766,47.736420519665,0.269841271893347,958.685598114797,-1311.34319210663,0.000296118945671802,-549958.868389642,82.098743639085,82.0984699008874,3.82902661501142,7.64165000052869e-05,105.582243005391,-3.22120693480058,7.50995871903371e-07,-239938.813834167,270.38069651412,243.353651601929,31.7479659706017,101.566126963808,238.265892946498,-2080510.1969555,0.453218008476212,-3335072.29734624,"MPA"
"2762","Squatina","MT_40",2022,773.504908206262,773.378068553304,49.7324473726664,0.15056190731998,1008.14064392719,-693.587275170629,0.000157065945082296,-549341.112472706,85.1878690414173,85.1877300095027,3.96489432658593,1.89423125477854e-05,109.54697935775,-0.769311122347816,1.79408134753625e-07,-239936.361938355,192.24220955721,169.066038102923,22.7008227669727,75.9661107637015,161.824433495482,-2427621.03900258,0.531519064105346,-3682183.13939332,"MPA"
"2763","Squatina","MT_40",2023,813.407166826472,813.322483430656,51.7694293056256,0.0842015455672406,1059.74118829143,-367.887282656821,8.35267810204512e-05,-549015.412480192,88.3867728679939,88.3867015915412,4.10496306875507,4.69641138672888e-06,113.651866453641,-0.183783310416762,4.2871208999408e-08,-239935.776410543,130.566260536924,112.035783689229,15.4906778386092,53.4456861584734,105.338948327923,-2847039.15317351,0.625805938712128,-4101601.25356426,"MPA"
"2764","Squatina","MT_40",2024,855.040497305561,854.985499267208,53.8395028005038,0.0471828338694859,1113.47851021971,-195.63935164479,4.45246549813319e-05,-548843.164549181,91.698755777248,91.6987182652955,4.24931064449695,1.16461723963863e-06,117.901138421568,-0.0439166423956038,1.02472337744025e-08,-239935.636543875,84.9915694124961,70.5177294387682,10.1217908154314,35.7660954555281,65.2208037140982,-3352083.49974059,0.739239432709061,-4606645.60013133,"MPA"
"2765","Squatina","MT_40",2025,898.397863210632,898.362898910376,55.9352912087848,0.0264842062198394,1169.35235292202,-104.286637786624,2.37856457983598e-05,-548751.811835322,95.1272340290944,95.1272136765071,4.39801478429058,2.88855825727595e-07,122.299132564415,-0.0104971035671331,2.44998335015732e-09,-239935.603124336,52.6226866130216,42.2520531068762,6.28507315156462,22.0749887640578,39.0602545954596,-3959684.84088736,0.875739383578575,-5214246.94127811,"MPA"
"2766","Squatina","MT_40",2026,943.479057353496,943.457201734906,58.0494816081492,0.0148875331628902,1227.36509137841,-55.7109532564562,1.27316055844305e-05,-548703.236150792,98.6757071285594,98.6756957748163,4.55115138922026,7.16567009724092e-08,126.850272528236,-0.00250972069215773,5.85913403452753e-10,-239935.595136953,31.5153358982204,23.7961471451499,3.77222826644769,13.8230897632645,21.2965488093559,-4690839.32388438,1.04011361067509,-5945401.42427513,"MPA"
"2767","Squatina","MT_40",2027,990.285995960636,990.272519817875,60.1745666853345,0.0083790739647625,1287.51780284702,-29.8199055395092,6.82693356786926e-06,-548677.345103075,102.347744245703,102.347737768645,4.70879360233584,1.7778993035835e-08,131.559059635734,-0.000600198757062434,1.40157310532502e-10,-239935.593227431,17.1828856762678,13.0840041280417,2.05962908669359,5.5303596776295,13.7318392053107,-5571300.5499003,1.23822958322489,-6825862.65029105,"MPA"
"2768","Squatina","MT_40",2028,1038.8195482059,1038.81133192477,62.3026915761875,0.00472085222754565,1349.80755728985,-15.9899135263034,3.66664743068355e-06,-548663.515111062,106.146977223137,106.146973465171,4.87101116264403,4.41193442765639e-09,136.430067036,-0.000143574328345802,3.35357704746439e-11,-239935.592770807,11.0793831104732,6.13415064348643,1.32960419032187,10.2869965765495,5.66329552188707,-6632495.29051538,1.47723182763987,-7887057.39090613,"MPA"
"2769","Squatina","MT_40",2029,1089.07735002042,1089.07238772894,64.4255708110276,0.00266205634261471,1414.22550375305,-8.58789739839448,1.97217993280111e-06,-548656.113094934,110.077095855798,110.077093648222,5.03786984942046,1.09501305326942e-09,141.467934676749,-3.4353317611327e-05,8.02618570136074e-12,-239935.592661586,4.56936757099134,4.60688049559157,0.548610747455908,0.964115858838824,5.46929386896234,-7912696.80042985,1.7658112256606,-9167258.9008206,"MPA"
"2770","Squatina","MT_40",2030,1141.05226010965,1141.04928710809,66.5344538579201,0.00150215527296764,1480.75548245414,-4.61914285501345,1.0621768209424e-06,-548652.144340391,114.141843834359,114.141842525688,5.20943094579792,2.71815782175192e-10,146.677364313604,-8.22183838846802e-06,1.92139499878224e-12,-239935.592635454,4.41283947561524,1.90745661775215,0.530065425412045,9.2696273578804,1.74798152097966,-9458452.48311223,2.1145356157385,-10713014.583503,"MPA"
"2771","Squatina","MT_40",2031,1194.7312401312,1194.72947128874,68.6201256860814,0.000848101369513339,1549.3729911964,-2.48776153350081,5.72749594956537e-07,-548650.012959069,118.345014718522,118.345013937457,5.3857506942616,6.74826121329322e-11,152.063114226733,-1.96822934013445e-06,4.60075161895516e-13,-239935.592629201,1.41033962395012,1.45561371846999,0.169432200129252,0.341818129083659,1.73035534946271,-11326373.5188824,2.53625340956649,-12580935.6192732,"MPA"
"2772","Squatina","MT_40",2032,1250.0945207577,1250.09347473867,70.6729337587009,0.000479023105977712,1620.04439991296,-1.34144755233154,3.09172383876156e-07,-548648.866645088,122.690447674195,122.690447205613,5.56687973322467,1.6755894296303e-11,157.62999349136,-4.71288804696579e-07,1.10190392860978e-13,-239935.592627704,1.39611814173732,0.537511097183084,0.16774600989633,4.25520532774592,0.520043408080665,-13585277.0827232,3.04658579646424,-14839839.1831139,"MPA"
"2773","Squatina","MT_40",2033,1307.11496794039,1307.11435269949,72.6828360062135,0.000270636684606987,1692.72635004158,-0.724113241027967,1.67055149731283e-07,-548648.249310777,127.182022850715,127.182022568466,5.75286251036114,4.16100723211736e-12,163.382855719467,-1.12875927916279e-07,2.63973063752352e-14,-239935.592627345,0.41959129189144,0.460961663676557,0.0504171696955485,0.124716591671117,0.558248085674634,-16318840.2018808,3.66452590047758,-17573402.3022715,"MPA"
"2774","Squatina","MT_40",2034,1365.75759830122,1365.7572381829,74.6394662481991,0.000152928712274607,1767.36530324275,-0.391257307159974,9.03446302672357e-08,-548647.916454843,131.823656331416,131.823656160856,5.94373667111141,1.03342993164323e-12,169.326592220017,-2.70406082821231e-08,6.32520423940745e-15,-239935.59262726,0.450416314916178,0.166214221422054,0.0541231812997931,1.98110867145291,0.160666834639055,-19628796.2152032,4.41316819734753,-20883358.3155939,"MPA"
"2775","Squatina","MT_40",2035,1425.97921502104,1425.97900516006,76.5322146268623,8.64208922725734e-05,1843.89722158774,-0.211593173133093,4.88981535006451e-08,-548647.736790709,136.619294615021,136.619294511682,6.13953242207069,2.56691707980733e-13,175.466124538748,-6.4793376721174e-09,1.51595626307297e-15,-239935.592627239,0.12963226465867,0.158183607223531,0.0155771972644983,0.0520077888041678,0.187420270274193,-23638850.6580628,5.32059603526465,-24893412.7584535,"MPA"
"2776","Squatina","MT_40",2036,1487.72814980289,1487.72802799965,78.3503211629555,4.88354442972334e-05,1922.24737211201,-0.114521860720595,2.64849071526865e-08,-548647.639719396,141.572908596464,141.572908533718,6.34027186970136,6.37657352365253e-14,181.806396345703,-1.55289439714249e-09,3.63407668597847e-16,-239935.592627234,0.151217979324514,0.0550922858179546,0.0181712377421206,0.991992491540981,0.0527617694799526,-28499429.1746256,6.42096162324978,-29753991.2750163,"MPA"
"2777","Squatina","MT_40",2037,1550.94410517804,1550.94403474929,80.0829807366182,2.75931555268869e-05,2002.33025482672,-0.0620284516467372,1.43546333795055e-08,-548647.587225987,146.68848702143,146.688486983262,6.54596833531846,1.58417838049142e-14,188.352364642853,-3.7226182600409e-10,8.7135459056079e-17,-239935.592627233,0.0425702521646765,0.0551365874739929,0.00511551822029891,0.0234538012196102,0.0646178188364233,-34393466.5850847,7.75580003865858,-35648028.6854755,"MPA"
"2778","Squatina","MT_40",2038,1615.55809642287,1615.55805584371,81.7194577628086,1.55877726015821e-05,2084.0496564226,-0.033618711465378,7.7848161188766e-09,-548647.558816247,151.970029392323,151.97002936907,6.75662564772177,3.93602985723808e-15,195.108990267322,-8.92582723615149e-11,2.08971618949486e-17,-239935.592627233,0.0521361749105689,0.0186846380702901,0.00626504368226489,0.506016443989953,0.017865879692866,-41543442.3475894,9.37562803262099,-42798004.4479802,"MPA"
"2779","Squatina","MT_40",2039,1681.49249488926,1681.49247158719,83.2492086656074,8.8034532818935e-06,2167.29883298268,-0.0182319750843772,4.22420518193003e-09,-548647.543429511,157.421538305898,157.421538291714,6.97223741524571,9.78017565752327e-16,202.081227668384,-2.14062192783916e-11,5.01267299068244e-18,-239935.592627233,0.014414888112463,0.0193981695566765,0.00173219595856988,0.0110349572199995,0.0225931530311599,-50219946.5435214,11.3418892891109,-51474508.6439121,"MPA"
"2780","Squatina","MT_40",2040,1748.66117542434,1748.66116208657,84.6620100228523,4.97028347617594e-06,2251.96082469749,-0.00989297014657358,2.29330788376819e-09,-548647.535090506,163.047011204944,163.047011196282,7.19278627939702,2.43032994693246e-16,209.274013939119,-5.13477144471197e-12,1.2026500308681e-18,-239935.592627233,0.0182290365014587,0.00637009448622416,0.00219053383230198,0.261147089672767,0.0061213431909661,-60752098.043208,13.7293212627677,-62006660.1435988,"MPA"
"2781","Squatina","MT_40",2041,1816.96977029496,1816.96976268448,85.9480900000198,2.80507085102537e-06,2337.90890428195,-0.00537081667966733,1.24561263579904e-09,-548647.530568352,168.850431528597,168.850431523302,7.41824315266034,6.03963156380127e-17,216.692257086485,-1.2319414349479e-12,2.88599212588253e-19,-239935.592627233,0.00493893828418635,0.00686878606996297,0.000593499195438809,0.00533714103503339,0.00795783263791394,-73540223.3868388,16.6288349389293,-74794785.4872295,"MPA"
"2782","Squatina","MT_40",2042,1886.31603098795,1886.31602665871,87.0982604562224,1.58241020024383e-06,2425.00715882653,-0.00291713941219049,6.76848528920102e-10,-548647.528114675,174.835759248173,174.835759244935,7.64856644348011,1.50099263200908e-17,224.340823526727,-2.95627587882514e-13,6.92684017505072e-20,-239935.592627233,0.00642068955266953,0.00216364683709868,0.000771557644741475,0.135890530026788,0.00210223524657178,-89071281.2673827,20.15101871073,-90325843.3677735,"MPA"
"2783","Squatina","MT_40",2043,1956.59029767028,1956.59029521501,88.1040469139394,8.92251243097825e-07,2513.11120239294,-0.00158511885916462,3.67937571067842e-10,-548647.526782655,181.006920777983,181.006920776001,7.88370127187424,3.73048961594263e-18,232.224524796619,-7.09551589260001e-14,1.66286704189539e-20,-239935.592627233,0.00169616533785955,0.00249830157979432,0.000203823845967177,0.00262976545509114,0.00285553753843524,-107937631.373611,24.430401637473,-109192193.474002,"MPA"
"2784","Squatina","MT_40",2044,2027.67607413907,2027.67607275076,88.9578134598826,5.02840819534421e-07,2602.06901396168,-0.000861669261387946,2.00086975573695e-10,-548647.526059205,187.36779825344,187.367798252226,8.1235786796012,9.27189488524015e-19,240.348103475006,-1.70335549779566e-14,3.99264241938289e-21,-239935.592627233,0.00230395898915172,0.000688783919234663,0.000276860889971441,0.0727265644464715,0.000701487144067064,-130859869.860644,29.630640694949,-132114431.961035,"MPA"
"2785","Squatina","MT_40",2045,2099.45070391031,2099.45070312766,89.6528796042445,2.83226303307649e-07,2691.72189250004,-0.000468577429052151,1.08846576267119e-10,-548647.525666113,193.922218172012,193.922218171269,8.36811483928565,2.30453207137164e-19,248.716218313548,-4.08984752141681e-15,9.58830978090611e-22,-239935.592627233,0.000565987170399209,0.00102981472419393,6.80132440611454e-05,0.00128855322864041,0.00111216450336699,-158714614.810034,35.9508322930927,-159969176.910425,"MPA"
"2786","Squatina","MT_40",2046,2171.78614080496,2171.78614036508,90.1836261813339,1.59434615141753e-07,2781.90551808206,-0.000254902074503067,5.92314590926925e-11,-548647.525452438,200.673939396128,200.673939395672,8.61721026740525,5.72802346423742e-20,257.333428580498,-9.82172238022013e-16,2.30303576625481e-22,-239935.592627233,0.000897337671264499,0.00026115544390744,0.000107830798664454,0.0441320703624664,0.000265031080717654,-192568313.255631,43.6331917628006,-193822875.356022,"MPA"
"2787","Squatina","MT_40",2047,2244.54980510189,2244.54980485541,90.5455875328548,8.96944672402851e-08,2872.45110527874,-0.000138709771416193,3.22420968880472e-11,-548647.525336246,207.626640521125,207.626640520845,8.87074904654981,1.42374022969603e-20,266.204177626768,-2.35909344733424e-16,5.5326672385693e-23,-239935.592627233,0.000213837406304468,0.000417929512754034,2.56963011297738e-05,0.000698830053728233,0.000446090529296117,-233718376.017132,52.9723973314179,-234972938.117523,"MPA"
"2788","Squatina","MT_40",2048,2317.60551413807,2317.60551400039,90.7355274768055,5.04280722000215e-08,2963.18663256744,-7.55046877222818e-05,1.75557634765539e-11,-548647.52527304,214.783906615712,214.783906615541,9.12859806287765,3.53880640848043e-21,275.332775689474,-5.66732140392414e-17,1.32935795374407e-23,-239935.592627233,0.000359923226752758,0.000104576492703004,4.32510659527603e-05,0.0264371115935757,0.000105312387951812,-283743227.98044,64.3269593897331,-284997790.080831,"MPA"
"2789","Squatina","MT_40",2049,2390.81447424397,2390.81447416731,90.7514969254347,2.83330921753393e-08,3053.93812938787,-4.11117876756846e-05,9.5616968113417e-12,-548647.525238647,222.149215347199,222.149215347094,9.39060626520856,8.7958752297111e-22,284.723381954578,-1.36170812173252e-17,3.19463427762456e-24,-239935.592627233,8.49701394657798e-05,0.000161589315783289,1.02106473741819e-05,0.000391616234011855,0.000174145841264353,-344563206.937115,78.1330540592084,-345817769.037505,"MPA"
"2790","Squatina","MT_40",2050,2464.03631919054,2464.036319148,90.5928714645608,1.59082779405791e-08,3144.53100079398,-2.23912125336751e-05,5.2091028916761e-12,-548647.525219927,229.725922508935,229.725922508871,9.6566039527004,2.18621885246079e-22,294.379985907214,-3.27236695910156e-18,7.67839591343978e-25,-239935.592627233,0.000140507652588681,4.03907294120907e-05,1.68844503762615e-05,0.0151011173122184,4.09300012412457e-05,-418514662.121403,94.9213552362252,-419769224.221794,"MPA"
"2791","Squatina","MT_40",2051,2537.13017896993,2537.1301789464,90.2603677282874,8.92594142350199e-09,3234.79136848981,-1.21983640174891e-05,2.83856047891248e-12,-548647.525209734,237.517246973031,237.517246972991,9.9264020985502,5.43371217723204e-23,304.306388005725,-7.86520561289853e-19,1.84581576104318e-25,-239935.592627233,3.30239203710254e-05,6.15016803243541e-05,3.96840127263048e-06,0.000217315327863519,6.6508669304592e-05,-508440114.025263,115.337515080752,-509694676.125653,"MPA"
"2792","Squatina","MT_40",2052,2609.95576179554,2609.95576178257,89.7560379777755,5.00474504700142e-09,3324.54740644961,-6.64710944730694e-06,1.54716161783217e-12,-548647.525204183,245.52625509741,245.526255097386,10.1997917176325,1.35046749803145e-23,314.506179723333,-1.89071739906509e-19,4.43785458097595e-26,-239935.592627233,5.3661786769857e-05,1.53663967274498e-05,6.44840167580835e-06,0.00849323403561669,1.56404725127971e-05,-617797956.771605,140.167083813189,-619052518.871996,"MPA"
"2793","Squatina","MT_40",2053,2682.37443173235,2682.37443172523,89.0832428969275,2.8041651900567e-09,3413.6306493366,-3.62298392686243e-06,8.43472764028899e-13,-548647.525201159,253.755844622658,253.755844622644,10.4765432864282,3.35623403134674e-24,324.982723009746,-4.5457965389096e-20,1.06714406511795e-26,-239935.592627233,1.26193428576623e-05,2.3247671289446e-05,1.51643463021506e-06,0.000120105390230535,2.51863633032844e-05,-750795939.430199,170.365831117694,-752050501.53059,"MPA"
"2794","Squatina","MT_40",2054,2754.25026438022,2754.25026437632,88.2466032262596,1.5700618719922e-09,3501.8772525574,-1.97513990932957e-06,4.59939001397038e-13,-548647.525199511,262.208728100841,262.208728100832,10.7564062239957,8.34059452910434e-25,335.739129233733,-1.09309673984126e-20,2.56647321182493e-27,-239935.592627233,2.03213396271587e-05,5.80752294210007e-06,2.44196417528531e-06,0.0047460092361765,5.92486062376025e-06,-912553580.633766,207.096640050339,-913808142.734157,"MPA"
"2795","Squatina","MT_40",2055,2825.45106353486,2825.45106353273,87.2519314430338,8.78456833234434e-10,3589.12918399743,-1.07701847135123e-06,2.50853119592791e-13,-548647.525198613,270.887415905555,270.88741590555,11.0391084430835,2.07259538897618e-25,346.778237676811,-2.62888061191736e-21,6.17323156138079e-28,-239935.592627233,4.78040849046717e-06,8.76081109279315e-06,5.74449642547066e-07,6.63436325454705e-05,9.49984586453931e-06,-1109299788.43438,251.774398166845,-1110554350.53477,"MPA"
"2796","Squatina","MT_40",2056,2895.84932272646,2895.8493227253,86.1061452360845,4.91150477691566e-10,3675.23532923187,-5.87406268564694e-07,1.36843911855169e-13,-548647.525198123,279.794198879799,279.794198879796,11.3243559807675,5.14992456304865e-26,358.102593657575,-6.3233211713088e-22,1.48507720598322e-28,-239935.592627233,7.66484592850242e-06,2.18840036766317e-06,9.21065221577053e-07,0.00264481710689806,2.23511851434499e-06,-1348613316.71874,306.120619423246,-1349867878.81913,"MPA"
"2797","Squatina","MT_40",2057,2965.32311694693,2965.32311694631,84.8171649954317,2.74410166576948e-10,3760.0524942264,-3.20435599042149e-07,7.46646519188635e-14,-548647.525197856,288.931130685827,288.931130685825,11.6118327182022,1.27953480910941e-26,369.714426375775,-1.5211786195234e-22,3.57309562056097e-29,-239935.592627233,1.80338073782299e-06,3.29694965366705e-06,2.16707719214672e-07,3.66727357170382e-05,3.57656087179855e-06,-1639715343.9045,372.229906187972,-1640969906.0049,"MPA"
"2798","Squatina","MT_40",2058,3033.75691166798,3033.75691166764,83.3937979212907,1.5320721878424e-10,3843.4462921472,-1.74834278894123e-07,4.07460318757543e-14,-548647.525197711,298.300009928887,298.300009928885,11.9012001991989,3.17880818404367e-27,381.615626574973,-3.65994272055281e-23,8.59800959136162e-30,-239935.592627233,2.88570871855673e-06,8.23538056379779e-07,3.46768345525498e-07,0.00147223281028299,8.41557822821813e-07,-1993825472.4116,452.650817949803,-1995080034.51199,"MPA"
"2799","Squatina","MT_40",2059,3101.04227835394,3101.04227835376,81.8456116408672,8.54780200835379e-11,3925.29190378781,-9.5409844734874e-08,2.22399413407153e-14,-548647.525197631,307.902362134581,307.90236213458,12.1920975573613,7.89648126250481e-28,393.807724132333,-8.80695965045589e-24,2.06922377193415e-30,-239935.592627233,6.79001653693457e-07,1.23996817148815e-06,8.15939178369017e-08,2.02929598944065e-05,1.3453876975521e-06,-2424594896.68358,550.484269670018,-2425849458.78397,"MPA"
"2800","Squatina","MT_40",2060,3167.07850800383,3167.07850800373,80.1828003962681,4.76573034323637e-11,4005.47470418393,-5.20760338665966e-08,1.21410851983715e-14,-548647.525197588,317.739421667438,317.739421667437,12.4841415614204,1.961354363643e-28,406.291865693753,-2.11950250161624e-24,4.98048728720191e-31,-239935.592627233,1.08551123490671e-06,3.0972613847055e-07,1.30443149932098e-07,0.00081917180486201,3.16578939948727e-07,-2948633467.60697,669.503259695939,-2949888029.70736,"MPA"
"2801","Squatina","MT_40",2061,3231.77311672861,3231.77311672856,78.4160469305982,2.65526941407382e-11,4083.89075111445,-2.84287810103813e-08,6.6291004442003e-15,-548647.525197564,327.812113686061,327.812113686061,12.7769267881915,4.87110855166198e-29,419.068792481944,-5.10148559710643e-25,1.19891855165361e-31,-239935.592627233,2.55428228364554e-07,4.66215147717728e-07,3.06941666002422e-08,1.12409725527798e-05,5.05896501835646e-07,-3586151007.35731,814.298550870097,-3587405569.4577,"MPA"
"2802","Squatina","MT_40",2062,3295.04223989284,3295.04223989281,76.5563831550728,1.47841664226268e-11,4160.44713426948,-1.55221500267318e-08,3.62011800109799e-15,-548647.525197551,338.121036237826,338.121036237826,13.0700259322296,1.20960888147198e-29,432.138818414174,-1.22804088315536e-25,2.88642080530035e-32,-239935.592627233,4.08177016514848e-07,1.16453451278723e-07,4.9049603592264e-08,0.000455742964879921,1.19043000311239e-07,-4361737640.85717,990.455930746165,-4362992202.95756,"MPA"
"2803","Squatina","MT_40",2063,3356.81091383702,3356.810913837,74.6150525360462,8.22621075226708e-12,4235.06218680551,-8.47650128020608e-09,1.9772419854847e-15,-548647.525197544,348.666442603419,348.666442603419,13.3629902607562,3.00333444118661e-30,445.50180867493,-2.95652168349779e-26,6.94992977536245e-33,-239935.592627233,9.60485327091737e-08,1.75269578588974e-07,1.15419101626383e-08,6.23252934505342e-06,1.90195147695336e-07,-5305313278.68593,1204.77189636593,-5306567840.78632,"MPA"
"2804","Squatina","MT_40",2064,3417.0132465686,3417.01324656859,72.6033769097715,4.57429032676106e-12,4307.66556371527,-4.62967432961124e-09,1.08009991943269e-15,-548647.52519754,359.448224008432,359.448224008432,13.6553502217847,7.45590170650324e-31,459.157158896714,-7.1186899396109e-27,1.67359628206215e-33,-239935.592627233,1.53456858587064e-07,4.37796381516335e-08,1.84405240320469e-08,0.000253549860668266,4.47553745390976e-08,-6453282918.66809,1465.51609295898,-6454537480.76849,"MPA"
"2805","Squatina","MT_40",2065,3475.59248099382,3475.59248099382,70.5326301301993,2.54199782670731e-12,4378.19819384546,-2.52901469976122e-09,5.90110301997283e-16,-548647.525197538,370.465892825609,370.465892825609,13.9466162125523,1.8506769039592e-31,473.103775109267,-1.71422791697965e-27,4.03059577336461e-34,-239935.592627233,3.61103806531327e-08,6.58872378470648e-08,4.33929345599166e-09,3.45827982850799e-06,7.14993779282681e-08,-7849942381.83404,1782.75064150519,-7851196943.93443,"MPA"
"2806","Squatina","MT_60",2015,630.836397579878,630.836397579878,42.8171825515028,12.6666880676026,812.0120737839,-73422.761031995,0.0162006784870323,-698461.050960539,75.6932687965435,75.6932687965435,3.56547321194656,0.425796032612908,96.9542682693336,-19498.9837983251,0.00453869731419951,-286910.419638029,1062.55778542966,1062.55778542966,119.351983681878,347.246887531364,1089.04418115051,-1495390.81886588,0.263677258490178,-2956333.78409745,"MPA"
"2807","Squatina","MT_60",2016,655.162991735463,654.695183451501,44.2404275702355,7.76287344749958,848.021819622674,-43170.1886836279,0.00956820421196507,-668208.478612172,78.226482723167,78.2264580586296,3.67931252064724,0.116813167958167,100.516742957485,-5174.58273679062,0.00120483066997469,-272586.018576494,878.683294116328,878.328979346975,99.8364567752316,327.738456087098,860.787867069296,-1642358.34800462,0.31670969013095,-3103301.3132362,"MPA"
"2808","Squatina","MT_60",2017,684.217058266059,683.69024218414,45.9181871636128,4.80841285103997,888.604777853328,-25496.4542687383,0.00567505933965605,-650534.744197282,81.1008261597061,81.0997524988908,3.80805146141263,0.0321578929707845,104.291562865112,-1373.62982622499,0.00031992667094633,-268785.065665929,694.51720294099,678.805420910953,79.7297574499574,300.008514050619,624.797328438597,-1972696.52716336,0.402145369097409,-3433639.49239494,"MPA"
"2809","Squatina","MT_60",2018,716.960970809096,716.401873463339,47.7801109716893,3.00079922484991,932.82499225441,-15122.3117796729,0.00337944066166229,-640160.601708217,84.1464979961096,84.1447683190886,3.94396489244257,0.00886240044799756,108.224935680085,-364.74865847272,8.49773205067563e-05,-267776.184498177,504.110837934528,467.503470618525,58.4454908282957,247.454977979865,399.180473971025,-2504872.4335344,0.527071085348745,-3965815.39876597,"MPA"
"2810","Squatina","MT_60",2019,752.639563403406,752.11818416174,49.7740057239216,1.88316949640192,980.194449240264,-9005.14879382531,0.00201994822510936,-634043.438722369,87.3200964982359,87.3187979468807,4.08504067213786,0.00244348196321145,112.306234318905,-96.8826097642331,2.25778319152067e-05,-267508.318449468,322.074365656337,281.718927232222,37.6812407613947,167.589702167762,228.916574140542,-3283029.38198679,0.703220790031555,-4743972.34721837,"MPA"
"2811","Squatina","MT_60",2020,790.859087666287,790.415144648995,51.8695210029622,1.18702932612701,1030.43299789981,-5382.50536347942,0.00121154856758683,-630420.795292023,90.6130473208938,90.6122700692858,4.23083253060173,0.000673891752413173,116.535615706146,-25.7409490075693,6.00048660350958e-06,-267437.176788711,184.698814726816,142.75502214096,21.7777161378241,95.7072344317515,113.043922011182,-4380252.02035822,0.948122703214443,-5841194.98558979,"MPA"
"2812","Squatina","MT_60",2021,831.393506922957,831.039587790534,54.0463233351053,0.750946181499903,1083.37445592099,-3228.36861633499,0.000729005656114099,-628266.658544879,94.0254770769478,94.0250574051946,4.38128075810289,0.00018589713842142,120.916290895358,-6.84113710704034,1.59519620889793e-06,-267418.276976811,91.2082425046137,62.046760613839,10.8221195894902,37.0359207664027,57.6821102333967,-5905720.6071842,1.28697080759821,-7366663.57241577,"MPA"
"2813","Squatina","MT_60",2022,874.108738806598,873.839718577673,56.2894081561622,0.476511370554092,1138.91833247767,-1942.54521837093,0.000439943560431289,-626980.835146915,97.559976569561,97.559758271777,4.53643110685646,5.12918386073681e-05,125.452452412591,-1.81867635430983,4.24192983376194e-07,-267413.254516058,46.5401748695971,21.151206203296,5.55482628885795,32.4351599456352,20.8615000078598,-8016359.7218016,1.75542091532724,-9477302.68703317,"MPA"
"2814","Squatina","MT_60",2023,918.92370340175,918.726385059495,58.5866831850258,0.303144635988795,1197.00455268445,-1172.28998592587,0.000266213124939067,-626210.57991447,101.219928492169,101.219815280407,4.69635938355458,1.41550700313356e-05,130.148684429314,-0.483620009603335,1.12832153658544e-07,-267411.919459713,16.8318713458886,11.9881398772517,2.0149018854193,2.45378825004217,16.4797579532441,-10934275.0342346,2.40362851988916,-12395217.9994662,"MPA"
"2815","Squatina","MT_60",2024,965.789929949273,965.649139795813,60.9276901734849,0.193272408046927,1257.59818029643,-709.357730960867,0.000161481967752707,-625747.647659505,105.009031532992,105.008971862493,4.86114979496977,3.90715226890705e-06,135.009770646633,-0.128639134414305,3.0020682269974e-08,-267411.564478838,13.2965110646828,3.99044157002505,1.59579796046224,36.7405633084392,4.30850923058571,-14971866.5141057,3.30199979647782,-16432809.4793373,"MPA"
"2816","Squatina","MT_60",2025,1014.67923052503,1014.58095937939,63.3028349262741,0.12344976018195,1320.67929431688,-430.286313374544,9.81708247670205e-05,-625468.576241918,108.931145368543,108.931113148596,5.03088767537734,1.07867334312463e-06,140.040625023389,-0.0342263211301137,7.98959468742729e-09,-267411.470066025,3.47627318430934,2.91811902326328,0.417429895438816,0.892507168663404,3.96196088770863,-20567702.3512171,4.54933344550601,-22028645.3164487,"MPA"
"2817","Squatina","MT_60",2026,1065.57553209239,1065.50816595326,65.7028888209314,0.078974624542193,1386.23584237413,-261.585399235722,5.98016490074482e-05,-625299.87532778,112.990234772353,112.990216932585,5.20565663721915,2.97850056129532e-07,145.246263522991,-0.00910885570274639,2.12688322669948e-09,-267411.44494856,3.19666447351481,1.30467610774114,0.384028741290393,17.7354567679009,1.26696849132391,-28337169.8332689,6.28432243523105,-29798112.7985005,"MPA"
"2818","Squatina","MT_60",2027,1118.46911032811,1118.42362705974,68.1186545220272,0.0505886980277476,1454.25842492976,-159.346190320696,3.64948580431323e-05,-625197.636118865,117.190346819209,117.19033672028,5.38553718691373,8.22584260305384e-08,150.631790528718,-0.00242483455044846,5.66337639682297e-10,-267411.438264538,1.02223956269798,1.0492476568296,0.122819459508545,1.11484251722831,1.30613128179201,-39144179.7548836,8.70178665126495,-40605122.7201151,"MPA"
"2819","Squatina","MT_60",2028,1173.35238131822,1173.32207340717,70.5407430009265,0.0324408362925154,1524.73641918335,-97.2428265204008,2.23079960946702e-05,-625135.532755064,121.535599924501,121.535594104396,5.57060585532139,2.27213891232255e-08,156.202390541213,-0.000645673945076148,1.50840596435379e-10,-267411.436485378,1.0538376285349,0.468402127276499,0.126626295734826,12.3086483087288,0.421118681576664,-54202230.3231558,12.0755807283375,-55663173.2883873,"MPA"
"2820","Squatina","MT_60",2029,1230.21677417327,1230.19681156566,72.959431226341,0.020821761830748,1597.65506604025,-59.4406746803889,1.3656183012835e-05,-625097.730603224,126.030177145429,126.030173744798,5.76093450562329,6.27708341147069e-09,161.963321639928,-0.000171971082280545,4.01855784019502e-11,-267411.436011675,0.339774966660023,0.380692128566579,0.0408277239932021,0.669743211504355,0.463065555997525,-75217131.0225246,16.7909240236555,-76678073.9877562,"MPA"
"2821","Squatina","MT_60",2030,1289.05038068044,1289.03736930804,75.3645806784821,0.0133737414187719,1672.99326160491,-36.3872873010788,8.37093983532839e-06,-625074.677215845,130.678320905445,130.678318897812,5.95658969311347,1.73438763188735e-09,167.919909323674,-4.58148989648814e-05,1.07085210055149e-11,-267411.435885519,0.373619339948045,0.169988518354511,0.0448955689681326,8.67742103296497,0.149731896211817,-104588354.674312,23.3900386634586,-106049297.639544,"MPA"
"2822","Squatina","MT_60",2031,1349.83617339419,1349.82777439273,77.7456029508067,0.00859467040250636,1750.72187088385,-22.3044572444705,5.13733439830125e-06,-625060.594385788,135.484328024566,135.484326830066,6.15763202831194,4.79287768571809e-10,174.077540157007,-1.22085842791436e-05,2.85426409830536e-12,-267411.435851912,0.120809530113544,0.138896750303799,0.0145171041222691,0.411751353066998,0.167876915368115,-145693333.005691,32.6365880060597,-147154275.970923,"MPA"
"2823","Squatina","MT_60",2032,1412.55064506617,1412.54527253205,80.0914626633741,0.00552565892378602,1830.80243535418,-13.6883868366156,3.15623059457128e-06,-625051.978315381,140.452544593033,140.452543878122,6.36411552411274,1.32466190579452e-10,180.441654966076,-3.2540876542306e-06,7.60960836533548e-13,-267411.435842958,0.135449638825402,0.0620253920665018,0.0162764682418819,6.18917927258236,0.0543296283890146,-203288816.05933,45.6066818777945,-204749759.024561,"MPA"
"2824","Squatina","MT_60",2033,1477.16276586107,1477.15935912762,82.3907106391285,0.00355354046478972,1913.18618571938,-8.40969148930103,1.94097949331626e-06,-625046.699620033,145.587360481457,145.587360051624,6.5760869192375,3.66158261827737e-11,187.017741455444,-8.67554274293333e-07,2.02923355971597e-13,-267411.435840571,0.0438352618445123,0.0508381116907236,0.00526753714246344,0.258207483677203,0.0613193276242059,-284077747.262742,63.8174285012043,-285538690.227973,"MPA"
"2825","Squatina","MT_60",2034,1543.63318680954,1543.6310449628,84.6315421817286,0.00228565192631168,1997.81330040244,-5.17164970674607,1.19468553037702e-06,-625043.461578251,150.893203383779,150.893203124416,6.79358497506769,1.01224173342506e-11,193.811326171139,-2.31347928198772e-07,5.41254388780185e-14,-267411.435839935,0.0494748236319614,0.0227024307339963,0.00594524176385558,4.45041589257905,0.0198503197703183,-397509982.179676,89.4085596196972,-398970925.144908,"MPA"
"2826","Squatina","MT_60",2035,1611.91364153151,1611.91230634276,86.8018765542771,0.0014702283987635,2084.61237153957,-3.18316012784226,7.35919624883023e-07,-625041.473088672,156.374532332746,156.374532175794,7.01663974510442,2.79864445114913e-12,200.827965759288,-6.17069689793311e-08,1.44400459273365e-14,-267411.435839766,0.0160160117164568,0.0186401859711708,0.00192459899336825,0.164921022601882,0.0224651157227507,-556913617.899414,125.399084357625,-558374560.864645,"MPA"
"2827","Squatina","MT_60",2036,1681.94651537914,1681.94569020913,88.8894545410524,0.000945679828678965,2173.50005523078,-1.96079373944106,4.53648124264183e-07,-625040.250722283,162.035830647043,162.03583055184,7.24527181743965,7.73848137422586e-13,208.073237481524,-1.64626800333631e-08,3.85328873146149e-15,-267411.43583972,0.0181257310103959,0.00832399114943884,0.00217812032084083,3.21855193629629,0.00727321320544011,-781093644.873424,176.050022044959,-782554587.838655,"MPA"
"2828","Squatina","MT_60",2037,1753.66456324535,1753.66405781816,90.8819513970399,0.000608206164072506,2264.38089299447,-1.20869634955451,2.79828120785842e-07,-625039.498624893,167.881598278745,167.881598220885,7.47949153134052,2.13995518221227e-13,215.552728955005,-4.39301481272484e-09,1.02846248182316e-15,-267411.435839708,0.0058683119094534,0.00684112447571223,0.000705179614323776,0.107189383275515,0.00824184601688719,-1096591368.0756,247.377127681992,-1098052311.04083,"MPA"
"2829","Squatina","MT_60",2038,1826.99076550639,1826.99045883624,92.7671026502447,0.000391085143988274,2357.14729788942,-0.745565723586918,1.72711780266524e-07,-625039.035494268,173.916343535167,173.916343499946,7.71929816960004,5.91821716386761e-14,223.272027089383,-1.17251577260104e-09,2.74560066697324e-16,-267411.435839705,0.00664984261709863,0.00305496487648928,0.000799094414102174,2.33732761134125,0.00266847178459478,-1540878096.31865,347.875720659348,-1542339039.28389,"MPA"
"2830","Squatina","MT_60",2039,1901.83831682456,1901.83813263572,94.5328402005652,0.000251405860538218,2451.67970249528,-0.460164331525763,1.06656850084424e-07,-625038.750092875,180.144574152786,180.144574131317,7.9646791287984,1.63685694438145e-14,231.236706196712,-3.13016123588196e-10,7.3312226601775e-17,-267411.435839704,0.00215302704750429,0.00251206345027692,0.000258723748987551,0.0708320841556501,0.00302583782633917,-2166870006.66277,489.54546812838,-2168330949.62801,"MPA"
"2831","Squatina","MT_60",2040,1978.11074554464,1978.11063615288,96.1674360237255,0.000161560746316231,2547.8468675665,-0.284168601930427,6.58979901355897e-08,-625038.574097146,186.570787703841,186.570787690739,8.21560907009588,4.52752080646238e-15,239.452315253705,-8.35804712014938e-11,1.95795939188428e-17,-267411.435839704,0.00244136389939724,0.00112177873224933,0.000293372492017497,1.70256478973924,0.00097970050537481,-3049311373.90746,689.339389142159,-3050772316.87269,"MPA"
"2832","Squatina","MT_60",2041,2055.70216272786,2055.70209857592,97.659650595199,0.00010378348333276,2645.50635022628,-0.175572215123733,4.07338024132888e-08,-625038.465500759,193.199461319034,193.19946131103,8.47204905366118,1.25238064659393e-15,247.924364299363,-2.23218982677817e-11,5.23018808678884e-18,-267411.435839704,0.000790460554502695,0.000922690505894395,9.49876414787924e-05,0.0475422383568243,0.00111129048859935,-4293800222.43775,971.212860507537,-4295261165.40298,"MPA"
"2833","Squatina","MT_60",2042,2134.49763990908,2134.49760283556,98.9988829434991,6.66393375883652e-05,2744.50512945692,-0.108526249961836,2.51896354942977e-08,-625038.398454794,200.035040712598,200.035040707705,8.73394566033715,3.46445270388032e-16,256.658309954807,-5.96271099586275e-12,1.39738291299885e-18,-267411.435839704,0.000896632482082619,0.000412032256943489,0.000107746058541716,1.24302373067949,0.000359815602695038,-6049551298.04228,1369.02128456023,-6051012241.00751,"MPA"
"2834","Squatina","MT_60",2043,2214.37371376678,2214.37369271447,100.175319062859,4.2768454962145e-05,2844.68038469902,-0.0671116474616894,1.55833034346852e-08,-625038.357040191,207.081928499144,207.081928496151,9.00123010466354,9.58410422445243e-17,265.659540056478,-1.59309201103416e-12,3.73418816096e-19,-267411.435839704,0.000290313253146919,0.000338959476652738,3.4886210560669e-05,0.0323720063900205,0.000408221450523435,-8527445245.05952,1930.61818425589,-8528906188.02476,"MPA"
"2835","Squatina","MT_60",2044,2295.1990143272,2295.19900262998,101.180075293278,2.74340223264788e-05,2945.86042086105,-0.0415175456128054,9.64397370640033e-09,-625038.33144609,214.344471795118,214.344471793286,9.27381734391201,2.65144853522852e-17,274.933357398557,-4.2571659113491e-13,9.98062608504417e-20,-267411.435839704,0.000329368977938006,0.00015136381309225,3.95794391457988e-05,0.909089013359078,0.000132175393019063,-12025555074.1811,2723.65136132687,-12027016017.1463,"MPA"
"2836","Squatina","MT_60",2045,2376.83501129818,2376.83500498009,102.005333235562,1.7587860737898e-05,3047.86573019067,-0.0256935580883536,5.9703646577384e-09,-625038.315622102,221.826949101561,221.826949100439,9.55160518834263,7.33543404215543e-18,284.484962585778,-1.13783969007136e-13,2.66807713387852e-20,-267411.435839704,0.000106644259020249,0.000124530419931031,1.28151716838754e-05,0.0223296050372023,0.000149972181230862,-16965249636.5791,3843.76112911424,-16966710579.5443,"MPA"
"2837","Squatina","MT_60",2046,2459.13687082826,2459.13686754615,102.644462828054,1.12688753794487e-05,3150.51017846774,-0.0159061526815563,3.69730049163192e-09,-625038.305834697,229.533556469077,229.53355646839,9.83447341845793,2.02943669266901e-18,294.319436003549,-3.04172926822213e-14,7.13372219825886e-21,-267411.435839704,0.000121003401432739,5.56095278776044e-05,1.45406737205278e-05,0.665744022143924,4.85586650781564e-05,-23942259286.3758,5426.1766146847,-23943720229.3411,"MPA"
"2838","Squatina","MT_60",2047,2541.95441257351,2541.95441096534,103.092130381302,7.21573076786892e-06,3253.60230002514,-0.00985020047206604,2.29033724469639e-09,-625038.299778744,237.46839295064,237.468392950219,10.1222829156076,5.61472377035188e-19,304.441718918735,-8.13274617929183e-15,1.90769724439271e-21,-267411.435839704,3.9179023704704e-05,4.57533225333756e-05,4.70804453090513e-06,0.015579102614427,5.50999141429929e-05,-33798907652.9447,7662.11923032244,-33800368595.9099,"MPA"
"2839","Squatina","MT_60",2048,2625.13315457074,2625.13315385752,103.344388650804,4.61744828030857e-06,3356.94668334529,-0.00610176912056326,1.41918030174847e-09,-625038.296030313,245.635445352956,245.635445352698,10.4148748128766,1.55339025793163e-19,314.856593731354,-2.17484992254027e-15,5.10242243884543e-22,-267411.435839704,4.44567584150202e-05,2.04313042522103e-05,5.34225662270182e-06,0.488032891031471,1.78405240181454e-05,-47726286606.7326,10822.0068939827,-47727747549.6978,"MPA"
"2840","Squatina","MT_60",2049,2708.5154311908,2708.51543093574,103.398746423487,2.95282056412366e-06,3460.34542656089,-0.00378085406275957,8.79614974008892e-10,-625038.293709398,254.038572302767,254.038572302608,10.7120696737679,4.29762126962871e-20,325.568663404964,-5.81694603000493e-16,1.36494561498546e-22,-267411.435839704,1.43944301657849e-05,1.68104920670391e-05,1.72974239962296e-06,0.0109766897971798,2.02443999225341e-05,-67408792157.5183,15288.2795325525,-67410253100.4835,"MPA"
"2841","Squatina","MT_60",2050,2791.94156749336,2791.94156745762,103.254215590574,1.88702713353125e-06,3563.5996402287,-0.0023433704880366,5.45329122712498e-10,-625038.292271914,262.681487650487,262.68148765039,11.0136667067553,1.18895976313772e-20,336.582330111622,-1.55608285276605e-16,3.65194779713432e-23,-267411.435839704,1.63339709437207e-05,7.50678036349262e-06,1.96281212920072e-06,0.358039583724401,6.5548376461792e-06,-95228589997.3328,21601.8364328421,-95230050940.298,"MPA"
"2842","Squatina","MT_60",2051,2875.25109172329,2875.25109178062,102.911334262261,1.20508990894369e-06,3666.5109733432,-0.00145279066846625,3.38166469721628e-10,-625038.291381335,271.56774324012,271.56774324006,11.3194430243299,3.28922581749436e-21,347.901773135892,-4.16332813831357e-17,9.77242571350535e-24,-267411.435839704,5.28869850739915e-06,6.17652186560196e-06,6.35529573218322e-07,0.00779850034006209,7.43817497236538e-06,-134554867372.32,30527.731456504,-134556328315.285,"MPA"
"2843","Squatina","MT_60",2052,2958.28396655801,2958.28396664484,102.372165126252,7.69053260318862e-07,3768.88313778723,-0.000900888234775998,2.09750704762651e-10,-625038.290829432,280.700711081351,280.700711081315,11.6291529556814,9.09921219672669e-22,359.530926091537,-1.11408194064307e-17,2.6154543895275e-24,-267411.435839704,6.00140949288846e-06,2.75814548958989e-06,7.2117425671279e-07,0.262830667266821,2.40837220859907e-06,-190153039537.971,43148.1144119674,-190154500480.936,"MPA"
"2844","Squatina","MT_60",2053,3040.88181909368,3040.88181918042,101.640268937242,4.90439823809423e-07,3870.52340632077,-0.000558778699163109,1.30128689594269e-10,-625038.290487323,290.083564967089,290.083564967067,11.9425274226297,2.51705968025629e-22,371.473453514145,-2.98167666770944e-18,7.00095457049902e-25,-267411.435839704,1.94316857142968e-06,2.26939807032074e-06,2.33505670970767e-07,0.00557900527118308,2.73295169757408e-06,-268763668779.624,60993.7209527435,-268765129722.589,"MPA"
"2845","Squatina","MT_60",2054,3122.88914948093,3122.88914955571,100.72065371934,3.12539726595246e-07,3971.24405980235,-0.000346661442868157,8.07486982621097e-11,-625038.290275205,299.719261587483,299.719261587469,12.2592733888499,6.9623987739954e-23,383.732726902981,-7.98121956214238e-19,1.87426549814825e-25,-267411.435839704,2.20505195459404e-06,1.01340680485143e-06,2.64975537284402e-07,0.193029993378603,8.84889969900664e-07,-379921496899.348,86229.9024654954,-379922957842.313,"MPA"
"2846","Squatina","MT_60",2055,3204.1544985995,3204.15449865919,99.6197009387904,1.9902785922387e-07,4070.8637606018,-0.000215111743138125,5.0117257023266e-11,-625038.290143656,309.610521199554,309.610521199546,12.5790733927926,1.92573258548871e-23,396.311800295765,-2.13669077637248e-19,5.01842154832834e-26,-267411.435839704,7.13963718957102e-07,8.33833023068781e-07,8.57952211284303e-08,0.00401394153845656,1.00415267059828e-06,-537114199797.058,121919.822050079,-537115660740.023,"MPA"
"2847","Squatina","MT_60",2056,3284.5315561812,3284.53155622663,98.3450705317829,1.26651884656788e-07,4169.20883105237,-0.000133509457610186,3.11117964427868e-11,-625038.290062053,319.759807919975,319.75980791997,12.9015851749859,5.32599571487967e-24,409.213385470746,-5.72105643989157e-20,1.34389026794178e-26,-267411.435839704,8.10189514501488e-07,3.7235071884866e-07,9.73584325228633e-08,0.141818068653208,3.25130055321268e-07,-759421799021.862,172396.830136805,-759423259964.827,"MPA"
"2848","Squatina","MT_60",2057,3363.88019231487,3363.88019234834,96.905587225474,8.05377631899639e-08,4266.11441823078,-8.28792904472037e-05,1.93172773198294e-11,-625038.290011423,330.169309717137,330.169309717133,13.2264414105964,1.47288704724133e-24,422.439826881339,-1.53204454351925e-20,3.5993129734673e-27,-267411.435839704,2.62327601552496e-07,3.06371550191244e-07,3.15232468923465e-08,0.00290128132785828,3.68951052301789e-07,-1073836138264.58,243791.315755537,-1073837599207.55,"MPA"
"2849","Squatina","MT_60",2058,3442.06739723639,3442.06739726047,95.3111110478668,5.11775503783679e-08,4361.42552925155,-5.14592086754023e-05,1.19962910889522e-11,-625038.289980003,340.840918187437,340.840918187435,13.5532495582157,4.07284540305195e-25,435.993076439553,-4.10322798299082e-21,9.64124389766873e-28,-267411.435839704,2.976840899712e-07,1.36811159513164e-07,3.57719470185823e-08,0.104222372107877,1.19461001909767e-07,-1518542567433.65,344776.123143052,-1518544028376.61,"MPA"
"2850","Squatina","MT_60",2059,3518.96811664443,3518.96811666144,93.5723952672769,3.24978187294929e-08,4454.99792450334,-3.19565950252241e-05,7.45119193532846e-12,-625038.289960501,351.776208209565,351.776208209563,13.8815918358047,1.12611391697146e-25,449.874668275356,-1.09910078961455e-21,2.58287110008176e-28,-267411.435839704,9.63857926917321e-08,1.12568864844668e-07,1.15824378450169e-08,0.00210485126080854,1.35562141761912e-07,-2147563040155.51,487621.215044547,-2147564501098.48,"MPA"
"2851","Squatina","MT_60",2060,3594.46597239839,3594.46597241023,91.7009352243847,2.06218335350766e-08,4546.69885971894,-1.98488630961425e-05,4.62892101966944e-12,-625038.289948393,362.976417579377,362.976417579377,14.2110253345682,3.11328387434879e-26,464.085693609924,-2.94445932453555e-22,6.9203360266625e-29,-267411.435839704,1.09376819914673e-07,5.02679723428179e-08,1.31435368530617e-08,0.0766100115538565,4.38930578060169e-08,-3037325466389.37,689685.889418282,-3037326927332.33,"MPA"
"2852","Squatina","MT_60",2061,3668.45386124939,3668.45386125754,89.7088116154589,1.30768453142045e-08,4636.40767132947,-1.23306539803291e-05,2.87611863414877e-12,-625038.289940875,374.442426736652,374.442426736651,14.5410822812183,8.60603701630606e-27,478.626775891142,-7.889116082022e-23,1.854406876748e-29,-267411.435839704,3.54146299015016e-08,4.13607511624867e-08,4.25568684125666e-09,0.00153158438371408,4.98090721664452e-08,-4295958524996.05,975530.093605702,-4295959985939.02,"MPA"
"2853","Squatina","MT_60",2062,3740.83442712683,3740.83442713237,87.6085317567876,8.28678959946409e-09,4724.01620308351,-7.66142699049947e-06,1.78732980077359e-12,-625038.289936205,386.174738703444,386.174738703443,14.8712704586213,2.37865744455577e-27,493.498046349763,-2.11399760778407e-23,4.96975423100183e-30,-267411.435839704,4.01879008819029e-08,1.84697702622925e-08,4.82927878780368e-09,0.0563227711487407,1.61274563739467e-08,-6076442749249.78,1379901.70745381,-6076444210192.75,"MPA"
"2854","Squatina","MT_60",2063,3811.52040535134,3811.52040535509,85.412872216115,5.24786720753515e-09,4809.42907529813,-4.76106576637944e-06,1.1108910261834e-12,-625038.289933305,398.173459361839,398.173459361839,15.201073794183,6.57356466126465e-28,508.699120143945,-5.66542682590104e-24,1.33203458653729e-30,-267411.435839704,1.30122604184948e-08,1.51970292852342e-08,1.56365054759015e-09,0.00111707641279893,1.83011626048173e-08,-8595217902446.58,1951963.25049817,-8595219363389.55,"MPA"
"2855","Squatina","MT_60",2064,3880.43483987703,3880.43483987954,83.1347259504485,3.32122802006419e-09,4892.56380124777,-2.95915449546073e-06,6.90565962835082e-13,-625038.289931503,410.43827820644,410.43827820644,15.5299531245145,1.81637904653537e-28,524.22907326846,-1.51848828428855e-24,3.57063532176229e-31,-267411.435839704,1.47660913322826e-08,6.78627998688835e-09,1.77440398938623e-09,0.0414133059767861,5.92565153000375e-09,-12158510555478.3,2761272.27772432,-12158512016421.2,"MPA"
"2856","Squatina","MT_60",2065,3947.51117719855,3947.51117720022,80.7869567583241,2.10058616721581e-09,4973.35075800567,-1.83949298347973e-06,4.29342621282223e-13,-625038.289930383,422.968449713811,422.968449713811,15.8573471439195,5.01816260818894e-29,540.086420412379,-4.07042375195283e-25,9.57246147548004e-32,-267411.435839704,4.78104662445237e-09,5.58378986880435e-09,5.74526326091873e-10,0.000816267770671932,6.72432995573291e-09,-17199585149306.7,3906243.1149279,-17199586610249.6,"MPA"
"2857","Atrina","MT",2015,253.755321829,253.755321829,1720.2581321805,378.790267401337,14092.9915747792,-2600889.77755578,0.0297054905763366,-46112362.6471062,196.6589639403,196.6589639403,0,91.4461649713106,9790.91383202869,-713930.633990322,0.0092534743724243,-16337251.0849912,331.737680082,331.737680082,6643.23489558384,1084.1118152124,22229.3582603714,-9322591.57882162,0.0650327846911873,-130167825.306832,"No MPA"
"2858","Atrina","MT",2016,280.450532338105,280.447211221619,1682.78071388505,419.456915783487,15356.3120517642,-2584174.61019343,0.0297771559502796,-46095647.4797438,194.839185257371,194.839030185132,0,36.6716965648489,9754.2419803916,-288882.60173267,0.00374550556652637,-15912203.0527336,442.364229381392,442.293326943003,8196.84731973116,3547.18577842003,26878.9488992442,-15715591.4679133,0.163686069315762,-136560825.195924,"No MPA"
"2859","Atrina","MT",2017,305.590609830108,305.577289602549,1609.35808139507,461.241918489945,16504.4148944418,-2590330.51806077,0.0300912999601218,-46101803.3876112,194.109415409793,194.108977777169,0,14.7926037982391,9739.44893896074,-116930.6757381,0.00151655509784168,-15740251.126739,534.891083094959,534.575318324405,9181.71950141844,10096.8805626202,25963.4720732719,-39555138.3094254,0.418152916154776,-160400372.037436,"No MPA"
"2860","Atrina","MT",2018,328.437856399392,328.405414738602,1510.35093211474,503.362560839273,17511.3708240565,-2617587.37122396,0.0306314582515585,-46129060.2407743,193.815033885319,193.814241087745,0,5.98230935364996,9733.46583680951,-47345.2914280826,0.000614251513802459,-15670665.742429,516.673094258111,515.773202763588,8315.28489094534,17618.6300505767,19992.4873181038,-101052579.215333,1.07690553277655,-221897812.943344,"No MPA"
"2861","Atrina","MT",2019,348.476279398724,348.414687651245,1397.90143721154,545.225709402032,18363.9849601185,-2664513.47933027,0.0313846081942863,-46175986.3488807,193.695970152509,193.694788406189,0,2.42227911751129,9731.04237594568,-19176.3115262367,0.000248870071894792,-15642496.7625271,397.850497630266,394.39902004945,4752.24314721814,5933.70225118454,21036.0600675338,-260273718.108203,2.79448630107232,-381118951.836214,"No MPA"
"2862","Atrina","MT",2020,365.443300706358,365.343357692189,1283.55793924461,586.482565938455,19060.9603904105,-2729976.15546528,0.0323407846956196,-46241449.0250157,193.647743281319,193.646161139151,0,0.98146588753678,9730.05932791598,-7769.47391895186,0.000100863851300791,-15631089.9249198,418.617595343923,411.757473907162,3263.81869959357,2191.9354285803,23959.7450172985,-675399449.524009,7.30262245420611,-796244683.252019,"No MPA"
"2863","Atrina","MT",2021,379.313111769169,379.167891788966,1176.53888598667,627.02483211303,19610.3292243039,-2813108.30686715,0.0334927550266417,-46324581.1764175,193.628180625528,193.626198295051,0,0.397855526105691,9729.6594900594,-3148.86852968923,4.08914813501263e-05,-15626469.3195306,476.79892584424,466.815203050942,2599.99248865709,1684.84513564305,26193.9056751982,-1764973078.57486,19.206757976643,-1885818312.30287,"No MPA"
"2864","Atrina","MT",2022,390.245551563648,390.05124160949,1082.96173339237,666.935947855241,20026.1606998869,-2913280.24828121,0.0348357450794408,-46424753.1178316,193.620223852182,193.617847253023,0,0.161337132771105,9729.49577632747,-1276.59119252297,1.65829772100684e-05,-15624597.0421934,521.258722936443,509.140376862428,1922.79652787566,19585.2095338983,27702.5932922293,-4642079134.05403,50.8113041731878,-4762924367.78204,"No MPA"
"2865","Atrina","MT",2023,398.52059792775,398.276657294876,1005.9344601412,706.421491228299,20325.4297281669,-3030076.02769087,0.0363672105915482,-46541548.8972413,193.616965948917,193.614203659381,0,0.0654461875560813,9729.42756785037,-517.703990772951,6.72701544234718e-06,-15623838.1549917,551.281606515363,537.91961163221,1375.64528110683,10816.1440642201,28638.041934251,-12280600438.2461,135.123060951818,-12401445671.9741,"No MPA"
"2866","Atrina","MT",2024,404.476051590522,404.184844034115,946.171056547979,745.740724558062,20525.5688526005,-3163273.65754237,0.0380866478176911,-46674746.5270928,193.615608600222,193.612470363384,0,0.0265562638514815,9729.39787334968,-210.010707701018,2.72967200215011e-06,-15623530.4617086,569.897034491595,555.834914592102,1004.18551197997,170069.072170883,29175.4800764088,-32657858670.9551,360.994543710871,-32778703904.6832,"No MPA"
"2867","Atrina","MT",2025,408.458820166749,408.124963651148,902.776913955425,785.152254215325,20642.859655825,-3312828.74625725,0.0399954389241204,-46824301.6158076,193.615017679659,193.611513695873,0,0.0107789745782338,9729.38359039132,-85.2176359786809,1.10796094343163e-06,-15623405.6686369,580.592053520536,566.312228087941,775.881621986517,61306.5892878844,29478.1161553387,-87248898001.0037,968.337605606419,-87369743234.7317,"No MPA"
"2868","Atrina","MT",2026,410.792907150917,410.422566554827,873.962145052993,824.877500551501,20691.5739597304,-3478861.11319351,0.0420967280576811,-46990333.9827439,193.614733448787,193.610874047921,0,0.00437635469780987,9729.37535463575,-34.5894352191543,4.49844255894813e-07,-15623355.0404361,586.61451149124,572.198774700609,646.614176808299,1349241.05191366,29638.1656103664,-234037198204.132,2606.62775299631,-234158043437.86,"No MPA"
"2869","Atrina","MT",2027,411.762321798634,411.362591572061,857.574520917253,865.079734716687,20683.6690157043,-3661644.0408871,0.04439532462772,-47173116.9104375,193.614569557252,193.610365048858,0,0.00177733589624406,9729.36937279147,-14.0436889174937,1.82692795009832e-07,-15623334.4946898,589.799495646291,575.428558612279,574.103805367886,327667.819262301,29727.9517824726,-629996855868.454,7037.99298798589,-630117701102.182,"No MPA"
"2870","Atrina","MT",2028,411.605013412516,411.183454142913,851.44000748112,905.854136718554,20628.8333271973,-3861595.87351131,0.0468976308531331,-47373068.7430617,193.61445051855,193.609911123696,0,0.00072201465768364,9729.36411138195,-5.70348683560492,7.42164067821187e-08,-15623326.1544877,591.586240471206,577.176407631344,536.296190478279,10331213.6403424,29771.5341328391,-1701009916418.07,19052.3889342257,-1701130761651.8,"No MPA"
"2871","Atrina","MT",2029,410.513783211226,410.078116636285,853.546725391394,947.224396891888,20534.7199891219,-4079273.71457599,0.0496115910812986,-47590746.5841264,193.614345816501,193.6094816365,0,0.000293386196672425,9729.35895381576,-2.31696220265761,3.0157506087222e-08,-15623322.7679631,592.453529243497,578.115648838808,514.816163382527,1716012.81796044,29798.7542557281,-4604779616004.82,51691.0486560439,-4604900461238.55,"No MPA"
"2872","Atrina","MT",2030,408.640927783525,408.198863695632,862.120653223462,989.142458699734,20407.2561195577,-4315369.01388685,0.0525466607877846,-47826841.8834372,193.614243180934,193.609064182621,0,0.000119247199151165,9729.35365557024,-0.941487266986529,1.22576055272981e-08,-15623321.3924882,592.99520968899,578.617916926856,504.728472590128,78217017.5244391,29808.9959683799,-12493189052706.2,140508.218493597,-12493309897939.9,"No MPA"
"2873","Atrina","MT",2031,406.104396779198,405.663555380916,875.635721315495,1031.48922133548,20250.9617781394,-4570704.86610781,0.0557137935211463,-48082177.7356582,193.614137745848,193.608653754258,0,4.84807398581317e-05,9729.34812309791,-0.382670222594291,4.98342911240744e-09,-15623320.8336711,593.199019770761,578.88632957292,498.085441034453,8931589.7909071,29818.5540767248,-33959490931307.2,382545.152410281,-33959611776540.9,"No MPA"
"2874","Atrina","MT",2032,402.994139384975,402.56203462064,892.789405986147,1074.07501658897,20069.2440627723,-4846234.87210676,0.059125444370909,-48357707.7416571,193.614027649649,193.608248344051,0,1.97151700858013e-05,9729.34232407715,-0.155577688448675,2.0265674452462e-09,-15623320.6065786,593.389226126823,579.029195854629,495.883173602618,590209918.573882,29819.4506684098,-92457179707955.8,1042917.55065037,-92457300553189.5,"No MPA"
"2875","Atrina","MT",2033,399.377956849168,398.962012902454,912.46386593297,1116.63937426727,19864.6526104913,-5143043.4401512,0.0627955888139441,-48654516.3097016,193.613912249135,193.607847160641,0,8.01936077099609e-06,9729.33625096929,-0.0632674153585438,8.24331080764725e-10,-15623320.5142683,593.407068301354,579.105596235911,493.413557617033,46404729.031502,29824.0754228609,-252063198912173,2846496.2169716,-252063319757407,"No MPA"
"2876","Atrina","MT",2034,395.306586948776,394.914167312225,933.684293076264,1158.85004871593,19639.094435215,-5462347.42723896,0.0667397560397619,-48973820.2967893,193.613791394289,193.607449904248,0,3.26275609085112e-06,9729.3299062165,-0.0257347946394016,3.35388238532827e-10,-15623320.4767357,593.499100914933,579.14603313416,493.416930006415,4449361373.85372,29822.3656775928,-687968460753703,7776526.3620781,-687968581598937,"No MPA"
"2877","Atrina","MT",2035,390.817979260779,390.456413692608,955.580630877144,1200.30157957776,19394.0119209463,-5805499.04163057,0.0709750760733451,-49316971.911181,193.613665133708,193.60705647256,0,1.32780042910739e-06,9729.32329622755,-0.0104704865158878,1.36488868086785e-10,-15623320.4614714,593.465076984097,579.167836140381,492.111579417976,240976525.813557,29825.6152356516,-1879512129630059,21262185.1395026,-1879512250475293,"No MPA"
"2878","Atrina","MT",2036,385.940837226831,385.617435993477,977.355539671139,1240.5138762371,19130.5301831469,-6173989.94623343,0.0755203402092424,-49685462.8157838,193.613533594928,193.606666841342,0,5.40483015448122e-07,9729.31642893348,-0.00426104642972203,5.55581277721114e-11,-15623320.4552619,593.529743189466,579.179183767585,492.729604541085,33532896609.1478,29823.1789356092,-5138848318481505,58172910.7852659,-5138848439326738,"No MPA"
"2879","Atrina","MT",2037,380.697550644624,380.419597815328,998.259749149794,1278.93150028013,18849.5804791873,-6569456.5191283,0.0803960744464765,-50080929.3886787,193.613396935776,193.606281016023,0,2.20054407176057e-07,9729.30931279367,-0.00173446938086376,2.26202117494992e-11,-15623320.4527354,593.481260818622,579.185491649078,491.748616052648,1251193465.51629,29826.0450283429,-14059837168636186,159248906.515877,-14059837289481418,"No MPA"
"2880","Atrina","MT",2038,375.106651535827,374.8813700801,1017.57515137887,1314.92450745349,18552.005841657,-6993686.24248362,0.0856246257737228,-50505159.112034,193.613255324594,193.605899012107,0,8.96137396474885e-08,9729.30195639157,-0.000706180469440685,9.21175044865773e-12,-15623320.4517071,593.538296064023,579.188586419703,492.537910135556,252703366066.529,29823.4060443955,-38488798365552144,436149001.040199,-38488798486397384,"No MPA"
"2881","Atrina","MT",2039,369.184916248973,369.019397653681,1034.60574305797,1347.79191803598,18238.6541480836,-7448625.20462683,0.0912302613010923,-50960098.0741772,193.613108932192,193.605520847295,0,3.65017254416187e-08,9729.29436827017,-0.000287581669926312,3.75216435041993e-12,-15623320.4512885,593.485780283471,579.190499030327,491.647335684988,6496155126.14062,29826.1651123133,-105413051686952400,1194984484.57394,-105413051807797632,"No MPA"
"2882","Atrina","MT",2040,362.949217546865,362.850307956993,1048.67655106848,1376.76911634524,17910.462673217,-7936386.71237942,0.0972392803712562,-51447859.5819298,193.612957928576,193.60514653837,0,1.48711385790169e-08,9729.28655686509,-0.000117138832376534,1.52866916965501e-12,-15623320.451118,593.540685735034,579.191253068482,492.484392693473,1904326891188.39,29823.469530127,-288815271317432832,3275145264.11561,-288815271438278080,"No MPA"
"2883","Atrina","MT",2041,356.418207197019,356.392341022336,1059.1407894448,1401.04072522061,17568.5368712665,-8459261.02215966,0.103680139910829,-51970733.89171,193.612802481615,193.60477610001,0,6.05989183584115e-09,9729.27853047743,-4.77235283964607e-05,6.22923795411434e-13,-15623320.4510486,593.487043649527,579.191919127736,491.619045404316,33727430460.0526,29826.198696968,-791571368280498688,8978754240.46984,-791571368401344000,"No MPA"
"2884","Atrina","MT",2042,349.613883738204,349.666854627374,1065.39556588239,1419.76072884052,17214.2246791976,-9019726.20907001,0.110583593404856,-52531199.0786204,193.612642756501,193.604409544388,0,2.4698647031968e-09,9729.27029726285,-1.94470602767154e-05,2.53889016659697e-13,-15623320.4510203,593.541354069662,579.192009324857,492.469436241814,14350574372474.8,29823.4872939866,-2170071115426542848,24620637097.6164,-2170071115547387648,"No MPA"
"2885","Atrina","MT",2043,342.563071116031,342.699729666107,1066.90636596917,1432.08176819698,16849.1859355198,-9620460.20350445,0.117982843994677,-53131933.0730548,193.612478915531,193.604046881079,0,1.00685500559021e-09,9729.26186522739,-7.92616216305815e-06,1.03499517855858e-13,-15623320.4510088,593.487397150334,579.192321862486,491.611135200093,175109090080.984,29826.2080985907,-5950573180872323072,67524849110.8569,-5950573180993168384,"No MPA"
"2886","Atrina","MT",2044,335.298800116845,335.522668349302,1063.24017535559,1437.19550976812,16475.4544693398,-10264354.0350779,0.125913712313899,-53775826.9046283,193.612311118025,193.603688117105,0,4.1052919490864e-10,9729.25324222606,-3.23115184027373e-06,4.22003477115582e-14,-15623320.4510041,593.541541161955,579.192223795974,492.465252275159,108142474938958,29823.4922689627,-16320050597475768320,185223274556.299,-16320050597596612608,"No MPA"
"2887","Atrina","MT",2045,327.861543939861,328.174339418583,1054.10632797047,1434.38563969708,16095.4879530919,-10954526.3343262,0.134414819790087,-54465999.2038766,193.612139520299,193.603333257015,0,1.6741809641733e-10,9729.24443596261,-1.31745281676678e-06,1.72097641483157e-14,-15623320.4510022,593.487496152357,579.192436076192,491.608921336055,909146185349.141,29826.2107327574,-44766699277348126720,508140205075.029,-4.4766699277469e+19,"No MPA"
"2888","Atrina","MT",2046,320.300210266528,320.701279099315,1039.40287143685,1423.0941534825,15712.197739879,-11694339.1541795,0.143527788252212,-55205812.0237299,193.611964275656,193.602982302991,0,6.82872955388943e-11,9729.23545398987,-5.37271693425972e-07,7.01960897917731e-15,-15623320.4510014,593.541593581871,579.19228461894,492.464080763622,814935260223834,29823.4936634334,-1.22812178371873e+20,1394178199697.25,-1.22812178371994e+20,"No MPA"
"2889","Atrina","MT",2047,312.672735023592,313.158404547461,1019.26434490532,1402.99993114881,15328.9478231594,-12487415.1862928,0.153297456796981,-55998888.0558432,193.611785534398,193.602635254959,0,2.78582956394296e-11,9729.22630371041,-2.19145200057973e-07,2.86370312644268e-15,-15623320.4510011,593.487523902324,579.192468466631,491.60830118333,4720180812274.5,29826.2114714008,-3.36959578244377e+20,3825530874050.24,-3.36959578244498e+20,"No MPA"
"2890","Atrina","MT",2048,305.046061680872,305.60894215397,994.104421275004,1374.1058310937,14949.5092938138,-13337656.4625685,0.163772116981673,-56849129.3321188,193.611603443837,193.60229211069,0,1.13669585323683e-11,9729.21699237725,-8.94019591387322e-08,1.16847150714068e-15,-15623320.451001,593.541608280875,579.192301868026,492.463752460217,6141152076607824,29823.4940546037,-9.24590838632988e+20,10497778736970.4,-9.24590838633109e+20,"No MPA"
"2891","Atrina","MT",2049,297.495234946894,298.123526327179,964.644173733254,1336.82650759543,14577.9552513319,-14249264.6500744,0.175003767527889,-57760737.5196248,193.611418148307,193.601952865911,0,4.63881584196086e-12,9729.20752709485,-3.64785165956572e-08,4.76849512441379e-16,-15623320.4510009,593.487531686613,579.192477652394,491.608127321973,24506625648687.7,29826.211678678,-2.53721303852667e+21,28809107088791.4,-2.5372130385268e+21,"No MPA"
"2892","Atrina","MT",2050,290.101309501505,290.778203982795,931.914474622402,1292.06394006556,14218.48268037,-15226763.0679601,0.187048389840281,-58738235.9375105,193.611229789187,193.601617514401,0,1.89339473653876e-12,9729.19791482006,-1.48867668231345e-08,1.94632651656144e-16,-15623320.4510009,593.541612405693,579.192306759779,492.463660383972,46278212709562432,29823.494164412,-6.96286013451846e+21,79065036085899,-6.96286013451858e+21,"No MPA"
"2893","Atrina","MT",2051,282.947805339364,283.651114812581,897.220400720816,1241.2519210872,13875.1544694769,-16275020.5766508,0.1999662457677,-59786493.4462011,193.611038504919,193.601286048092,0,7.72937658045418e-13,9729.18816236323,-6.07623752931098e-09,7.94546444495572e-17,-15623320.4510009,593.487533871798,579.19248025743,491.60807854241,127235525874120,29826.2117368843,-1.91092654826631e+22,216998897761870,-1.91092654826633e+22,"No MPA"
"2894","Atrina","MT",2052,276.11557394259,276.817744225751,862.058085144185,1186.34610347145,13551.5686214328,-17399277.5094576,0.213822199162389,-60910750.379008,193.610844431028,193.600958457161,0,3.1558413453118e-13,9729.17827638936,-2.48049486387016e-09,3.24407016048189e-17,-15623320.4510009,593.541613563997,579.192308147056,492.463634541279,348741233003719360,29823.4941952576,-5.24463659069481e+22,595588053798191,-5.24463659069482e+22,"No MPA"
"2895","Atrina","MT",2053,269.676215566512,270.344898927588,827.98174530993,1129.7354868961,13250.4835632077,-18605173.8293066,0.228686062927615,-62116646.698857,193.610647700148,193.600634730121,0,1.28869876343075e-13,9729.16826341934,-1.01276639411024e-09,1.32472799110041e-17,-15623320.4510009,593.487534485627,579.192480996205,491.608064846889,660591922306282,29826.2117532398,-1.43947954974391e+23,1634733933117713,-1.43947954974392e+23,"No MPA"
"2896","Atrina","MT",2054,263.684622907832,264.283943723407,796.431111209486,1074.05824166711,12973.4557535656,-19898779.6912502,0.24463297338803,-63410252.5608006,193.610448442045,193.600314853912,0,5.26321870100336e-14,9729.1581298312,-4.13566885115015e-10,5.41036934677763e-18,-15623320.4510009,593.541613889472,579.19230854048,492.463627283194,2628028181822313984,29823.4942039277,-3.95098107862249e+23,4487028355779723,-3.95098107862249e+23,"No MPA"
"2897","Atrina","MT",2055,258.171769495956,258.664312629439,768.545283599014,1021.92301404399,12720.5705662541,-21286628.5681474,0.261743793973809,-64798101.4376978,193.610246783641,193.599998813978,0,2.14987600406736e-14,9729.14788186154,-1.68906342588292e-10,2.20998374672623e-18,-15623320.4510009,593.487534658161,579.192481205718,491.608060999179,3429715750137702,29826.2117578383,-1.08447198066138e+24,12316271303470812,-1.08447198066138e+24,"No MPA"
"2898","Atrina","MT",2056,253.139354268457,253.488726374391,745.002961424202,975.566780699873,12490.3561190844,-22775753.051822,0.280105550382913,-66287225.9213724,193.610042849045,193.599686594351,0,8.78285420429612e-15,9729.13752560685,-6.89934915809313e-11,9.028414437296e-19,-15623320.4510009,593.541613980983,579.192308652053,492.463625243435,19804174168495800320,29823.494206366,-2.97671406050319e+24,33807031218998660,-2.97671406050319e+24,"No MPA"
"2899","Atrina","MT",2057,248.558086769779,248.731678707077,725.933263960443,936.515720829211,12279.9472541529,-24373723.3876284,0.299811899578666,-67885196.2571788,193.609836759576,193.599378177731,0,3.58852942892139e-15,9729.127067025,-2.81858107142439e-11,3.68886233883364e-19,-15623320.4510009,593.487534706684,579.192481265135,491.608059917527,17806681740752186,29826.211759132,-8.17083718312944e+24,92798465125923776,-8.17083718312944e+24,"No MPA"
"2900","Atrina","MT",2058,244.370950357643,244.342344491682,710.929318998791,905.341557916833,12085.5064093689,-26088688.766147,0.320963635191745,-69600161.6356974,193.609628633798,193.599073545555,0,1.46640616715159e-15,9729.11651193676,-1.15162608433538e-11,1.5074062701205e-19,-15623320.4510009,593.541614006726,579.192308683695,492.463624669866,1.49239386817583e+20,29823.4942070521,-2.24284192000573e+25,254729734670187264,-2.24284192000573e+25,"No MPA"
"2901","Atrina","MT",2059,240.501577546441,240.252008143465,699.168059323421,881.602298663929,11902.8226006254,-27929421.4210803,0.343669232121976,-71440894.2906307,193.609418587542,193.598772678075,0,5.99304254177196e-16,9729.10586602729,-4.70597225190716e-12,6.16060669057305e-20,-15623320.4510009,593.487534720338,579.192481281985,491.608059613288,92450202195324224,29826.2117594961,-6.15657487100782e+25,699234076524695168,-6.15657487100782e+25,"No MPA"
"2902","Atrina","MT",2060,236.866169752446,236.384640547824,689.603821532629,864.009607973852,11727.9352849796,-29905363.6937206,0.368045433367792,-73416836.563271,193.609206733943,193.598475554419,0,2.44959442398258e-16,9729.09513484777,-1.92328005535453e-12,2.51808492841283e-20,-15623320.4510009,593.541614013972,579.192308692668,492.463624508493,1.1246313219908e+21,29823.4942072453,-1.68997568653882e+26,1919415769920954112,-1.68997568653882e+26,"No MPA"
"2903","Atrina","MT",2061,233.385912171094,232.667978544857,681.177073960005,850.783545278731,11557.6108800346,-32026678.4045225,0.394217882342717,-75538151.2740729,193.608993183471,193.598182152664,0,1.00136686189293e-16,9729.08432381696,-7.86121037184269e-13,1.02936513511091e-20,-15623320.4510009,593.487534724181,579.192481286763,491.608059527671,479990601845950656,29826.2117595986,-4.63904495296153e+26,5268880257687984128,-4.63904495296153e+26,"No MPA"
"2904","Atrina","MT",2062,229.996456512689,229.042127468089,672.97737581164,840.075741631913,11389.5581851697,-34304303.0487434,0.42232180416925,-77815775.9182938,193.608778043958,193.597892449898,0,4.09395395615574e-17,9729.0734382229,-3.21357543833074e-13,4.20842148480234e-21,-15623320.4510009,593.541614016012,579.192308695213,492.46362446307,8.47494510227664e+21,29823.4942072997,-1.27343329327114e+27,14463388618264834048,-1.27343329327114e+27,"No MPA"
"2905","Atrina","MT",2063,226.652207884878,225.46368476003,664.323671334217,830.313055140274,11222.3802782388,-36750008.4102104,0.452502739682118,-80261481.2797608,193.608561420636,193.597606422277,0,1.67394791323417e-17,9729.06248322454,-1.31382727641881e-13,1.72075182281813e-21,-15623320.4510009,593.487534725264,579.192481288119,491.608059503564,2492054883462047232,29826.2117596275,-3.49566316160391e+27,39703033128711348224,-3.49566316160391e+27,"No MPA"
"2906","Atrina","MT",2064,223.325367536953,221.905267690962,654.762481829629,820.360589354492,11055.362070868,-39376462.1163888,0.48491733614262,-82887934.9859392,193.608343416168,193.597324045087,0,6.84524112898573e-18,9729.05146385346,-5.37201582372906e-14,7.03663558178471e-22,-15623320.4510009,593.541614016587,579.192308695935,492.463624450277,6.38651023510854e+22,29823.494207315,-9.59580816943414e+27,1.08988087679037e+20,-9.59580816943414e+27,"No MPA"
"2907","Atrina","MT",2065,220.001705210273,218.352077970287,644.015233605278,809.50041135853,10888.2272658747,-42197297.4902018,0.519734198977197,-85708770.3597521,193.608124130684,193.597045292801,0,2.79950985060692e-18,9729.04038501558,-2.19676755193317e-14,2.87778476630594e-22,-15623320.4510009,593.487534725569,579.192481288503,491.608059496774,12938456541200111616,29826.2117596356,-2.6341381903428e+28,2.99182142324618e+20,-2.6341381903428e+28,"No MPA"
"2908","Atrina","MT_20",2015,325.492687952,325.492687952,2165.33853968622,572.592337950877,17949.1626817353,-3068536.88389834,0.0350071996913884,-57941740.7892114,248.856784196,248.856784196,0,134.732455924612,12370.6335840754,-831177.441561159,0.0107739713890543,-20229145.1173593,424.538164191,424.538164191,8488.87577355576,1671.03242648706,28151.4194370687,-11324317.3865288,0.07744906535836,-166120306.408442,"No MPA"
"2909","Atrina","MT_20",2016,357.188337366533,357.183190868129,2114.24354760373,793.26032192738,19270.1407609133,-3840586.63424043,0.0442197899867576,-58713790.5395535,246.1756083231,246.175378006024,0,66.9857696801642,12303.6475840781,-417610.536304189,0.00541494112099875,-19815578.2121023,560.213246797667,560.102100203984,10391.0113115754,6924.09339233253,31618.2262097179,-23974272.3028719,0.253890886228318,-178770261.324786,"No MPA"
"2910","Atrina","MT_20",2017,383.475801142175,383.452604566191,2036.30379707699,1082.50633370226,20223.915027712,-4851165.30955269,0.0563265557773704,-59724369.2148657,244.842586923155,244.841893604917,0,33.4949284240132,12270.1519623359,-209889.874711664,0.00272241532366418,-19607857.5505098,629.202701573385,628.653059381677,11036.0892544974,22015.9200520994,22324.411458323,-78591856.4701431,0.829742110032757,-233387845.492057,"No MPA"
"2911","Atrina","MT_20",2018,402.45590905147,402.392301523747,1958.83317404417,1450.91344532819,20731.7711489003,-6179243.66701063,0.072290700463364,-61052447.5723237,244.176024050484,244.174700887401,0,16.7992267514907,12253.3514124213,-105524.473483312,0.00136916534774052,-19503492.1492814,444.255788020627,442.022654023017,6650.35374957346,11925.2535618802,22388.6679255225,-256875018.861534,2.7350968211188,-411671007.883447,"No MPA"
"2912","Atrina","MT_20",2019,412.562245863116,412.425836207397,1906.55900448982,1903.81919046095,20734.3745532735,-7930521.6141939,0.0934020048678638,-62803725.5195069,243.841693107184,243.839637491718,0,8.43970633352853,12244.9096504723,-53070.7529220783,0.000688805138696628,-19451038.4287202,445.534491717897,439.41189302667,4688.50941100942,2923.26995512939,26705.1276445156,-846762722.905235,9.08676244094853,-1001558711.92715,"No MPA"
"2913","Atrina","MT_20",2020,412.614053610142,412.362783141687,1893.26063928994,2435.09445272882,20192.2894693661,-10246557.776928,0.121388439634514,-65119761.6822411,243.673702044399,243.670858950014,0,4.24422745695153,12240.662579921,-26699.0618213281,0.000346636141770625,-19424666.7376195,531.43204012586,521.016397570813,4140.27135801086,3225.72835578205,30447.5757159007,-2813187010.18317,30.4093132868134,-2967982999.20509,"No MPA"
"2914","Atrina","MT_20",2021,401.826560440386,401.409376885144,1914.75614434903,3017.08921323651,19089.5392169234,-13317034.3592124,0.158566116714415,-68190238.2645254,243.589185340428,243.585531211546,0,2.13576901306131,12238.523156779,-13436.1116547166,0.000174496314794662,-19411403.7874529,605.906756746424,592.195182800854,3308.47785848888,42729.4285342413,33285.5031297848,-9414460267.08073,102.444778995811,-9569256256.10264,"No MPA"
"2915","Atrina","MT_20",2022,379.881830416776,379.238864519427,1944.32296525949,3586.39281489898,17446.8264013866,-17396236.1816532,0.208040805161942,-72269440.0869662,243.546610819903,243.542141603784,0,1.07527173075481,12237.4434158322,-6763.72737123668,8.78681639035872e-05,-19404731.4031694,662.381512282717,646.349564868505,2445.89353665978,36732.4893828974,35211.973760847,-31716061864.6697,347.194624272,-31870857853.6916,"No MPA"
"2916","Atrina","MT_20",2023,347.191845387592,346.25330532718,1932.92051424712,4028.79175100863,15350.0166245646,-22825190.0249858,0.273978817869014,-77698393.9302988,243.52512397506,243.519847171758,0,0.541565671156331,12236.8965733577,-3405.89632864064,4.42596113405132e-05,-19401373.5721268,700.718277840856,683.240191210898,1751.8514498776,655432.506954234,36397.1669049481,-107488376147.643,1182.96151972597,-107643172136.665,"No MPA"
"2917","Atrina","MT_20",2024,305.465330828836,304.148605644846,1820.49543348499,4176.77344868541,12992.4218841802,-30061397.5847278,0.361971252731132,-84934601.4900408,243.514241809819,243.508171515157,0,0.272855072652236,12236.6176479904,-1715.56623521594,2.23003783936557e-05,-19399683.2420334,724.303621408467,706.238990521492,1276.96193189031,358101.945710172,37088.5070463628,-366235202907.502,4049.54985774999,-366389998896.524,"No MPA"
"2918","Atrina","MT_20",2025,258.549195495187,256.755087885121,1567.6716551175,3851.67030215775,10706.6291295299,-39718743.8407836,0.479523903337423,-94591947.7460966,243.508691195009,243.501845133858,0,0.137514742572547,12236.4732871867,-864.394786581643,1.12394035799795e-05,-19398832.0705847,738.06129022262,719.701689809315,988.327920686222,8855186.34997035,37467.5756469092,-1253704173482.3,13919.432203888,-1253858969471.32,"No MPA"
"2919","Atrina","MT_20",2026,213.061919677645,210.67655556092,1205.94058893796,2996.95779758927,8913.22655676188,-52621054.2411701,0.636716393056388,-107494258.146483,243.505818415015,243.498216215632,0,0.0693259435824154,12236.3963590437,-435.655479170208,5.66628576369486e-06,-19398403.3312773,745.604755373493,727.270743595561,821.484145285792,3187371.30769445,37678.4603494628,-4309342825245.06,48014.8371881674,-4309497621234.08,"No MPA"
"2920","Atrina","MT_20",2027,177.373208479561,174.296693536627,860.890920490648,1886.90195669154,7890.11657817559,-69874104.3981311,0.847089230893256,-124747308.303444,243.50428754497,243.495949755691,0,0.0349596390734518,12236.3530616154,-219.633404300084,2.85743003177743e-06,-19398187.3092024,749.801360954311,731.424426055004,731.224735073483,112753108.609289,37786.1268812466,-14864957777024.5,166131.492579423,-14865112573013.5,"No MPA"
"2921","Atrina","MT_20",2028,157.013319905694,153.130256865332,667.974193705279,1128.55049640685,7425.65721243365,-92962963.788571,1.12883784659395,-147836167.693884,243.503425926146,243.494373463403,0,0.0176343399498515,12236.3263748127,-110.758108154003,1.44135975275533e-06,-19398078.4339063,751.943924936807,733.673371585338,680.851557057356,27371322.5855099,37848.618804304,-51432962627881.9,576312.305477156,-51433117423870.9,"No MPA"
"2922","Atrina","MT_20",2029,147.77057852743,143.632811268115,614.563173744703,871.751223608837,7172.62661321499,-123884266.557116,1.50642000675026,-178757470.462429,243.502894858772,243.493148700477,0,0.00889753446371114,12236.3077311199,-55.8691827503743,7.27254713750009e-07,-19398023.5449809,753.187514205649,734.881335277123,655.630332746587,1406442597.9102,37876.4521830829,-178421034899957,2003657.04544361,-178421189695946,"No MPA"
"2923","Atrina","MT_20",2030,142.735269602978,138.366500566731,621.440793596783,794.192726276521,6995.505911499,-165322659.2184,2.01272023021907,-220195863.123713,243.502523849286,243.492104865587,0,0.00449051062408513,12236.2928216256,-28.1894417462706,3.67042003259744e-07,-19397995.8652399,753.741398443349,735.528019810182,640.585191852368,232375027.652876,37896.4389937099,-620316022960177,6979115.57624074,-620316177756166,"No MPA"
"2924","Atrina","MT_20",2031,139.21056763883,134.591664432173,652.406907623946,1038.37330111178,6722.62189424393,-220886895.393464,2.69196514768853,-275760099.298777,243.502227150349,243.491156010401,0,0.00226691314337975,12236.2794835725,-14.2270775794316,1.85292460078783e-07,-19397981.9028757,754.139135974826,735.872941764763,634.286378469336,17434338865.618,37901.723400257,-2160670365258638,24347886.3814325,-2160670520054628,"No MPA"
"2925","Atrina","MT_20",2032,133.780175695454,129.203916445243,658.95597577658,847.945998710776,6529.06552682596,-295431867.171273,3.60365156828685,-350305071.076586,243.501961723093,243.490258843539,0,0.00114468168134713,12236.2666360113,-7.18220311494477,9.35643000847062e-08,-19397974.8580013,754.244295665113,736.057210714762,629.296824506785,1966169243.3714,37909.7904982504,-7537909252553589,85054336.1548587,-7537909407349578,"No MPA"
"2926","Atrina","MT_20",2033,129.928403983837,125.121881728452,690.086582078983,1311.33997426853,6225.38003467959,-395485440.811337,4.82784014967271,-450358644.71665,243.501706056624,243.489391572851,0,0.000578153182107444,12236.2537433743,-3.62668729579359,4.72574983650583e-08,-19397971.3024854,754.404830915184,736.155075177736,628.323484260597,215727190211.043,37908.7734841864,-26332043272325180,297449241.273276,-26332043427121168,"No MPA"
"2927","Atrina","MT_20",2034,123.885062690124,119.240299698642,692.156410071082,895.878367332123,6025.51289351523,-529836374.616114,6.47228970658295,-584709578.521427,243.501449493149,243.488543242983,0,0.00029208355139111,12236.2405450406,-1.83176884361137,2.38746546110922e-08,-19397969.507567,754.384592335309,736.207547913257,626.147979922134,16620082525.3225,37913.5147423357,-92087890126709920,1041193336.35894,-92087890281505904,"No MPA"
"2928","Atrina","MT_20",2035,119.907706580953,115.146543109464,724.862589464768,1862.0438733029,5683.30730451044,-710307277.701524,8.68207686629491,-765180481.606838,243.501186846308,243.487708360535,0,0.000147596121683283,12236.2269189587,-0.925416075237937,1.20644345617276e-08,-19397968.6012142,754.47894337248,736.235161010197,626.661008609687,2667968201056.88,37910.7404066896,-322343906140456448,3647417516.49468,-322343906295252352,"No MPA"
"2929","Atrina","MT_20",2036,113.097815359758,108.415465116187,718.369137124375,1042.75153347772,5440.56418183432,-952824751.582284,11.6525651536652,-1007697955.4876,243.500915687278,243.486884183978,0,7.4600912974759e-05,12236.2128128545,-0.467634900273538,6.09786844098983e-09,-19397968.143433,754.423734093124,736.250203845369,625.270052700925,140451445718.317,37914.5541663726,-1129211129642475008,12785537737.7851,-1129211129797271040,"No MPA"
"2930","Atrina","MT_20",2037,108.267227218503,103.666713724041,740.054252449269,2537.98908244702,5073.31358215003,-1278822818.30819,15.6469006312252,-1333696022.2135,243.500634975804,243.486069356864,0,3.77148504449043e-05,12236.1982095207,-0.236362184785581,3.08281910429764e-09,-19397967.9121603,754.499627910814,736.257878921134,626.197362359205,32990802755332.3,37911.2896136696,-3958285099840597504,44842011694.8912,-3958285099995393024,"No MPA"
"2931","Atrina","MT_20",2038,100.958940284786,96.4920478744785,726.037568386092,1147.91622766676,4794.88087860891,-1717188956.05911,21.0196084313176,-1772062159.96442,243.500344369462,243.485263218412,0,1.90711728825478e-05,12236.1831092985,-0.119494519836637,1.55888712031038e-09,-19397967.7952927,754.434663312026,736.262302545377,625.025105069443,1186821503655.06,37914.8445369842,-13882726483344128000,157341874958.668,-13882726483498924032,"No MPA"
"2932","Atrina","MT_20",2039,95.4181294843172,91.0851971237271,735.468738844296,3542.42791030319,4405.52573043764,-2306820582.24296,28.248437267794,-2361693786.14827,243.500043875039,243.484465455734,0,9.64577026654845e-06,12236.1675212334,-0.0604247158958171,7.88452748338186e-10,-19397967.7362229,754.505406285985,736.264322085461,626.067939997588,407931359621701,37911.4431137169,-48711599063166885898,552286006653.368,-48711599063321673738,"No MPA"
"2933","Atrina","MT_20",2040,87.669962035709,83.5169077531205,711.073003031183,1254.18608450254,4094.87927915783,-3100162157.13011,37.9773266104326,-3155035361.03542,243.499733672544,243.483675928434,0,4.87965001712477e-06,12236.1514586096,-0.0305615671848891,3.98867643213865e-10,-19397967.7063597,754.437717962966,736.265733811224,624.956695784296,10028477361654.9,37914.9257336489,-1.70983312144497e+20,1939173985876,-1.70983312144652e+20,"No MPA"
"2934","Atrina","MT_20",2041,81.4880976552408,77.51659862824,705.175916342199,5003.628211406,3689.96223736131,-4167866946.29063,51.0744134780939,-4222740150.19594,243.499414026332,243.482894580186,0,2.46905324851381e-06,12236.1349366944,-0.0154606859269869,2.01823556539751e-10,-19397967.6912588,754.507022099613,736.266149372592,626.031776527896,5044012918266243,37911.4860575025,-6.00350444387167e+20,6810514639889.62,-6.00350444387322e+20,"No MPA"
"2935","Atrina","MT_20",2042,73.43024852349,69.6819732733591,667.927739932669,1357.56495650311,3355.04361443475,-5605230890.25694,68.7103314407561,-5660104094.16226,243.499085240219,243.482121394218,0,1.24956846377419e-06,12236.1179715989,-0.00782297256126385,1.02141590792565e-10,-19397967.6836211,754.4385725443,736.266706911636,624.937571148993,84738713727996.6,37914.9484601437,-2.10848065711716e+21,23924036668926.6,-2.10848065711731e+21,"No MPA"
"2936","Atrina","MT_20",2043,66.7653679272515,63.2444957293237,644.513069575513,7036.86592476821,2946.09199599081,-7540700657.71199,92.4639524865202,-7595573861.6173,243.498747634817,243.481356370957,0,6.32521504683117e-07,12236.1005797025,-0.00395915559979161,5.17033783775532e-11,-19397967.6797573,754.507474356859,736.266667584985,626.021661694541,62368290109130288,37911.4980825941,-7.4066618204838e+21,84055243048693.9,-7.40666182048396e+21,"No MPA"
"2937","Atrina","MT_20",2044,58.627230720217,55.3709860124497,593.336927720497,1449.92033866064,2600.78124377161,-10147583989.8958,124.465175321945,-10202457193.8011,243.498401536079,243.480599516868,0,3.20238853845425e-07,12236.082777363,-0.00200409763439459,2.61769245568813e-11,-19397967.6778022,754.438811843622,736.266982878817,624.932219503283,716024634387978,37914.9548267727,-2.60228286245214e+22,295364169336340,-2.60228286245215e+22,"No MPA"
"2938","Atrina","MT_20",2045,51.755546751055,48.7697439856049,552.35905354134,9660.613737858,2205.37890115874,-13659590417.7163,167.587822103736,-13714463621.6216,243.498047269524,243.47985083893,0,1.62163875736751e-07,12236.0645807703,-0.00101465541192344,1.32556063907375e-11,-19397967.6768128,754.507601052777,736.266814547619,626.018829974969,771171682416036864,37911.501452717,-9.14420310322621e+22,1038013037681710,-9.14420310322622e+22,"No MPA"
"2939","Atrina","MT_20",2046,43.887040133059,41.202220873685,488.93541929553,1515.18990401261,1870.31587908861,-18392158754.6652,225.710212866734,-18447031958.5705,243.497685157328,243.47911034197,0,8.21322047934936e-08,12236.0460058728,-0.000513806454158318,6.71366658610549e-12,-19397967.6763119,754.438878909068,736.267061141769,624.930720610548,6050257266879289,37914.9566117897,-3.21360506941269e+23,3648301386546074,-3.2136050694127e+23,"No MPA"
"2940","Atrina","MT_20",2047,37.2192859938634,34.8394911759785,433.946546898856,12644.7039944431,1511.86358225416,-24770864980.9143,304.067292060009,-24825738184.8196,243.497315516868,243.478378027432,0,4.16054342929054e-08,12236.0270683417,-0.00026023141658558,3.40092515915146e-12,-19397967.6760584,754.507636574615,736.266856225491,626.018036529855,9535384135717332992,37911.5023979647,-1.12948055964281e+24,12823726290405774,-1.12948055964281e+24,"No MPA"
"2941","Atrina","MT_20",2048,30.0860852868578,28.0304876823045,363.930820103273,1525.27564934026,1213.17175024644,-33370290360.6318,409.726467203594,-33425163564.5371,243.496938660001,243.477653892862,0,2.10795736477079e-08,12236.0077835535,-0.000131824772924908,1.72309607407522e-12,-19397967.67593,754.438897719497,736.267083336748,624.930300450145,51123391574179104,37914.9571126364,-3.97012276849178e+24,45078257187745992,-3.97012276849178e+24,"No MPA"
"2942","Atrina","MT_20",2049,24.1421178299041,22.406775078531,302.902147248272,15324.6186496587,917.597989243247,-44965983752.2354,552.230822422757,-45020856956.1407,243.496554892715,243.476937931759,0,1.06818574111882e-08,12235.9881665819,-6.67896935021627e-05,8.73162416667399e-13,-19397967.6758649,754.507646541463,736.266868045123,626.017814029084,1.17903115175704e+20,37911.5026632802,-1.39558138496055e+25,158469031080791680,-1.39558138496055e+25,"No MPA"
"2943","Atrina","MT_20",2050,18.2601999859406,16.8463069309026,235.839791036384,1440.56076695999,681.566693984824,-60605346568.6502,744.468604480355,-60660219772.5555,243.496164514979,243.476230133601,0,5.41380940262247e-09,12235.9682321951,-3.38450369286376e-05,4.42539197710345e-13,-19397967.675832,754.438902999277,736.26708963113,624.930182582505,431981805857648000,37914.9572532645,-4.9060740656806e+25,557111011663828160,-4.9060740656806e+25,"No MPA"
"2944","Atrina","MT_20",2051,13.563177210298,12.4514129533714,179.905456453161,16551.989433465,469.459626824673,-81702729022.422,1003.8488808298,-81757602226.3273,243.495767820682,243.475530483956,0,2.744280226123e-09,12235.9479948556,-1.71534587603815e-05,2.2432501416325e-13,-19397967.6758153,754.507649339964,736.266871397111,626.017751588287,1.45784837507189e+21,37911.5027378003,-1.72476445252074e+26,1958645335577193984,-1.72476445252074e+26,"No MPA"
"2945","Atrina","MT_20",2052,9.34224657381099,8.51070203153863,126.435570947786,1224.87451322872,312.57459968133,-110168806592.352,1353.8912826782,-110223679796.257,243.495365097627,243.474838964641,0,1.39130188187493e-09,12235.9274687212,-8.69516170109293e-06,1.13728950237957e-13,-19397967.6758068,754.438904482226,736.267091416185,624.930149493472,3650154512441183232,37914.9572927759,-6.0638088298743e+26,6886262206903317504,-6.0638088298743e+26,"No MPA"
"2946","Atrina","MT_20",2053,6.22023453365846,5.6310297124252,85.6033386516826,15119.036802301,188.333238581922,-148584681109.561,1826.37612908093,-148639554313.467,243.494956627553,243.474155553887,0,7.05472129386935e-10,12235.9066676469,-4.4082984546685e-06,5.76673345322758e-14,-19397967.6758025,754.50765012624,736.266872347717,626.017734053374,1.80260026931148e+22,37911.5027587441,-2.13192344101021e+27,24211559555681374208,-2.13192344101021e+27,"No MPA"
"2947","Atrina","MT_20",2054,3.74783144778024,3.35926121221285,52.1774656571952,881.729739460288,107.099037926566,-200438218017.047,2464.25272936522,-200493091220.952,243.494542686173,243.473480226516,0,3.57768507850132e-10,12235.8856051869,-2.23526922008525e-06,2.92450547284231e-14,-19397967.6758004,754.438904899008,736.267091922417,624.930140198235,30843030286392700928,37914.9573038838,-7.49570461298139e+27,85127781111229317120,-7.49570461298139e+27,"No MPA"
"2948","Atrina","MT_20",2055,2.13127085473866,1.89514325827129,29.9209357649665,10835.0024019196,53.0200636347625,-270442868008.733,3325.57388873252,-270497741212.639,243.494123543218,243.472812954112,0,1.81462271997945e-10,12235.8642945976,-1.13358058333173e-06,1.48332713171274e-14,-19397967.6757993,754.507650347288,736.266872617304,626.017729126009,2.22887906646544e+23,37911.5027646337,-2.63547780234903e+28,2.99314473972991e+20,-2.63547780234903e+28,"No MPA"
"2949","Atrina","MT_20",2056,1.05509926633177,0.925970389700328,14.8866877283454,490.945429134154,23.8148045129447,-364969787394.846,4488.81929309682,-365024660598.751,243.493699462492,243.472153705196,0,9.20514912524019e-11,12235.8427488402,-5.74959032164114e-07,7.52456939418326e-15,-19397967.6757987,754.438905016211,736.267092065982,624.930137585459,2.60617054189109e+20,37914.9573070083,-9.2665360102896e+28,1.05242337315791e+21,-9.2665360102896e+28,"No MPA"
"2950","Atrina","MT_20",2057,0.473914609807599,0.41167388257424,6.70638406528951,5438.41556423201,8.68499573863452,-492631784217.442,6060.09909282128,-492686657421.347,243.49327070192,243.471502445385,0,4.67018264108461e-11,12235.8209805836,-2.9166318379915e-07,3.81755126388903e-15,-19397967.6757984,754.507650409466,736.266872693758,626.01772774059,2.75596424512826e+24,37911.5027662909,-3.25820595906108e+29,3.70048497217736e+21,-3.25820595906108e+29,"No MPA"
"2951","Atrina","MT_20",2058,0.172831415198827,0.14736387479474,2.44915655233625,184.202665839144,2.65415680763109,-665074106115.681,8182.90289733355,-665128979319.587,243.492837513614,243.470859137557,0,2.36970232784062e-11,12235.7990022075,-1.47973803960003e-07,1.93706842583777e-15,-19397967.6757983,754.438905049188,736.267092106697,624.930136850622,2.20215874658614e+21,37914.9573078877,-1.14564046341132e+30,1.30116127606097e+22,-1.14564046341132e+30,"No MPA"
"2952","Atrina","MT_20",2059,0.0528177204718586,0.0443891135533746,0.748922267201547,1579.24325942811,0.557385484540577,-898044195976.073,11051.2952999396,-898099069179.979,243.49240014393,243.470223742001,0,1.20256621283433e-11,12235.7768258056,-7.50835715857451e-08,9.83015323145086e-16,-19397967.6757982,754.507650426965,736.26687271544,626.017727350843,3.40769449255459e+25,37911.5027667573,-4.02827562534785e+30,4.57517093863204e+22,-4.02827562534785e+30,"No MPA"
"2953","Atrina","MT_20",2060,0.0110919711423575,0.00901997113971178,0.157307439360228,36.755399846464,0.0756465265954628,-1212839960763.9,14927.7784529116,-1212894833967.8,243.491958833531,243.469596216563,0,6.10348513377508e-12,12235.7544631886,-3.8103094564122e-08,4.98918117075537e-16,-19397967.6757982,754.438905058471,736.267092118243,624.930136643845,1.86077736159461e+22,37914.9573081353,-1.41643622267443e+31,1.60874219407529e+23,-1.41643622267443e+31,"No MPA"
"2954","Atrina","MT_20",2061,0.00150536587924971,0.00118815074980878,0.0213502805123745,176.639281876494,0.00233610088254431,-1638270061523.86,20167.4751941114,-1638324934727.77,243.491513817453,243.468976516795,0,3.09812496590676e-12,12235.7319258879,-1.93387872513609e-08,2.53250541223618e-16,-19397967.6757982,754.507650431892,736.266872721589,626.017727241144,4.21354586680664e+26,37911.5027668887,-4.98051785377383e+31,5.6567650328382e+23,-4.98051785377383e+31,"No MPA"
"2955","Atrina","MT_20",2062,4.64884075626317e-05,2.9116500522678e-05,0.000659339318969997,2.30281999437797,1.71687134591813e-05,-2213307957159.99,27250.8728874833,-2213362830363.89,243.49106532517,243.468364596083,0,1.5727895447144e-12,12235.7092251589,-9.81635697578015e-09,1.28564808479273e-16,-19397967.6757981,754.438905061085,736.267092121518,624.930136585633,1.57231734302448e+23,37914.957308205,-1.75128907858414e+32,1.98907797067709e+24,-1.75128907858414e+32,"No MPA"
"2956","Atrina","MT_20",2063,3.41657397837709e-07,2.98615903845148e-07,4.84568559256845e-06,1.04327877437736,1.8666045740229e-07,-2990685409103.65,36828.163306503,-2990740282307.56,243.490613580661,243.467760405785,0,7.985304281827e-13,12235.686371984,-4.98335777930828e-09,6.52744144393396e-17,-19397967.6757981,754.50765043328,736.266872723333,626.017727210253,5.20996492211212e+27,37911.5027669257,-6.15800243202803e+32,6.99418713428054e+24,-6.15800243202803e+32,"No MPA"
"2957","Atrina","MT_20",2064,3.71454310230556e-09,1.52867540815933e-09,5.26829160876014e-08,0.00709819464569427,9.18706855992846e-10,-4041758629151.8,49779.2916381803,-4041813502355.71,243.490158802481,243.467163895353,0,4.05471254082639e-13,12235.6633770769,-2.53013063887301e-09,3.31445087592159e-17,-19397967.6757981,754.438905061822,736.267092122446,624.930136569237,1.32857475493068e+24,37914.9573082247,-2.1653442334313e+33,2.45937083627063e+25,-2.1653442334313e+33,"No MPA"
"2958","Atrina","MT_20",2065,1.82822664342576e-11,4.52025063791313e-11,2.59295176265773e-10,0.000100384785138404,2.82729025950407e-11,-5463098440647.83,67295.288611627,-5463153313851.73,243.489701203829,243.466575012455,0,2.05908854649579e-13,12235.6402508855,-1.28472906032605e-09,1.68316434595761e-17,-19397967.6757981,754.507650433671,736.266872723827,626.01772720155,6.44201709144423e+28,37911.5027669362,-7.61398588306084e+33,8.64792718814844e+25,-7.61398588306084e+33,"No MPA"
"2959","Atrina","MT_40",2015,386.952821261,386.952821261,2554.78572655005,788.60491442429,21211.0462021258,-3556256.04713288,0.0405559461897766,-68358924.0254607,292.9748645,292.9748645,0,182.66852055842,14539.6864794416,-957183.29761577,0.0124075611923786,-23746650.0399432,505.28949481,505.28949481,10091.7950985098,2338.25330695064,33144.9736915592,-13321861.1953632,0.0904926550324335,-197080137.299961,"No MPA"
"2960","Atrina","MT_40",2016,422.099819422303,422.092672798884,2496.158229079,1282.04725399352,22425.1500305878,-5254449.34857809,0.0604827012719287,-70057117.326906,289.339760940887,289.339447854385,0,106.522984652465,14433.1631817026,-565016.087371669,0.007326421495355,-23354482.8296991,659.584976462028,659.42989450739,12253.4703197934,11306.8826898582,34091.4062395397,-33252977.683054,0.354285063229012,-217011253.787651,"No MPA"
"2961","Atrina","MT_40",2017,446.260485608698,446.225201733202,2427.13985185072,2032.58342907022,22819.6711694928,-7836021.11097287,0.0909678134249835,-72638689.0893008,287.219947315882,287.218952302923,0,62.4583100832063,14370.7038766064,-333633.114937167,0.00432753196479947,-23123099.8572646,678.41898416684,677.581416124334,12116.3516320318,35775.2869174195,21076.9113848689,-130190821.879742,1.37346505516878,-313949097.98434,"No MPA"
"2962","Atrina","MT_40",2018,454.111456272908,454.005394215437,2395.78760032449,3108.78451693586,22106.568190824,-11785567.0567496,0.137864353569455,-76588235.0350775,285.977007144468,285.975017960563,0,36.7439143342966,14333.9579730882,-197069.410494533,0.002556994124882,-22986536.152822,419.430536558892,414.676577333987,5552.42642290132,0.229955583755346,26624.3538929616,-504771145.465515,5.37310627975147,-688529421.570112,"No MPA"
"2963","Atrina","MT_40",2019,439.920706997397,439.671797823467,2425.62234339429,4506.45791250775,20025.4837125366,-17861681.3277969,0.210352733672391,-82664349.3061248,285.245763664456,285.242549440592,0,21.6615805987353,14312.2931782656,-116442.000519689,0.00151132657536061,-22905908.7428471,529.824642469936,519.974052458174,5600.03620615694,8855.22093494918,31459.9960719632,-1974701942.26494,21.1874500111482,-2158460218.36954,"No MPA"
"2964","Atrina","MT_40",2020,398.507125879478,398.007922210222,2464.14686943802,6000.3215384558,16488.8098398496,-27254495.2553845,0.322858498951306,-92057163.2337124,284.814634247486,284.810039431775,0,12.7875404148834,14299.5010430351,-68823.8301375805,0.000893560723044202,-22858290.572465,626.053921832068,613.604455405954,4816.6673194148,131.848805719009,36263.1794793639,-7786738544.11275,84.1645232791849,-7970496820.21735,"No MPA"
"2965","Atrina","MT_40",2021,328.127315813006,327.233825158608,2338.16840449045,6912.25947813987,11913.8252755457,-41834543.5625871,0.498084202685881,-106637211.540915,284.560070756398,284.554000062951,0,7.55593524159071,14291.9390371,-40691.6164662964,0.000528475611787016,-22830158.3587938,721.637271639342,703.64075255524,4013.69132244935,208367.081398656,39186.8559673475,-30931772966.396,336.584952269829,-31115531242.5006,"No MPA"
"2966","Atrina","MT_40",2022,237.08512298336,235.627721698337,1837.47427611646,6077.6449469416,7672.19720343558,-64545759.1835923,0.771805825508141,-129348427.16192,284.40958683829,284.401989708557,0,4.46767969586241,14287.4637602744,-24066.1175440428,0.000312650316573035,-22813532.8598715,779.818433750215,761.427221615322,2781.43576000803,3389.7458164079,41948.3783094512,-123700540149.24,1354.20074380484,-123884298425.345,"No MPA"
"2967","Atrina","MT_40",2023,152.676724348368,150.51141409179,1102.68054334785,3106.16170789236,5786.40760161327,-100025440.428444,1.20046557883092,-164828108.406771,284.320528829461,284.311386352701,0,2.64302625988745,14284.8115915378,-14237.7080856257,0.000185022144613883,-22803704.4504131,834.772728358078,812.496653447232,2195.29707708506,4211384.8366912,42832.1541318261,-497689540474.892,5477.76004182166,-497873298750.997,"No MPA"
"2968","Atrina","MT_40",2024,115.149511272104,112.602092863877,853.87523239309,1853.74782160455,4783.98759399359,-155583680.388333,1.87319850103731,-220386348.366661,284.267750671602,284.25706557042,0,1.56424954351668,14283.2366568931,-8425.68077363765,0.000109526017621252,-22797892.4231011,852.359867223339,832.069607153432,1381.27988135051,73149.8988162196,44191.2549722044,-2013167460741.08,22262.462117476,-2013351219017.19,"No MPA"
"2969","Atrina","MT_40",2025,95.2013531204724,92.2661875563348,833.538092599924,2234.95914260563,3533.48624328232,-242772923.295463,2.93088695796567,-307575591.27379,284.236409472172,284.224198849959,0,0.926127466984319,14282.2983188039,-4987.68062035877,6.48540991141537e-05,-22794454.4229478,879.405973946868,856.200400986086,1303.50217229325,76374629.2737997,44084.1227981119,-8181793694786.73,90850.9820084734,-8181977453062.83,"No MPA"
"2970","Atrina","MT_40",2026,70.3163762413182,67.9764305894646,706.528439300596,1848.76899072576,2390.17455785932,-379855532.314951,4.59636453373516,-444658200.293279,284.217736544197,284.204026823212,0,0.548504174804198,14281.7361049081,-2953.37640898254,3.84133233583506e-05,-22792420.1187364,877.274043682426,856.872944135784,835.628664623255,1390989.37531531,44897.2863335159,-33389239212804.9,372073.831611938,-33389422971081,"No MPA"
"2971","Atrina","MT_40",2027,47.5644737014004,45.4911344934481,546.488995816483,2045.73825681231,1279.85594495521,-595710139.213071,7.22231885443463,-660512807.191399,284.206548487671,284.19137196785,0,0.324955044598937,14281.3959733437,-1749.295880103,2.27587494547176e-05,-22791216.0382076,893.455998036966,870.269497857203,1003.36754560303,1323811574.84431,44456.4282489536,-136742781576278,1528454.53395085,-136742965334554,"No MPA"
"2972","Atrina","MT_40",2028,25.4691333046087,24.2537469747461,323.050442608281,1095.5958862222,508.293526541997,-936049250.627228,11.367283686326,-1000851918.60556,284.199779869539,284.183172434493,0,0.192572273155812,14281.1867936355,-1036.40571750055,1.3487600458452e-05,-22790503.148045,884.682922154177,864.422614259341,667.048827981333,24936970.4009192,45101.0912023733,-561732332209841,6295126.87136889,-561732515968117,"No MPA"
"2973","Atrina","MT_40",2029,10.1150411781857,9.44405451095079,137.80634202439,965.793706331445,81.334272255371,-1473259160.78168,17.9162405068288,-1538061828.76001,284.195617193346,284.177616803847,0,0.114152709264922,14281.0546405367,-614.208904006324,7.99536843810237e-06,-22790080.9512315,897.511714927228,874.420238994366,915.146379936135,22711192058.4,44561.9656554276,-2313554612179860,25984467.9644824,-2313554795938136,"No MPA"
"2974","Atrina","MT_40",2030,1.61855201788188,1.46904231150131,22.8009294881777,115.622283924735,0.983981009039366,-2322040179.49416,28.2720723279305,-2386842847.47249,284.19298734668,284.173633062722,0,0.0676856618506103,14280.9676005909,-364.099350964151,4.74086354810908e-06,-22789830.8416784,886.783116543009,866.609397132702,618.752253661391,438068819.866264,45158.3998914996,-9549721930573328,107456183.460913,-9549722114331604,"No MPA"
"2975","Atrina","MT_40",2031,0.0195812220798834,0.014640872678399,0.277701185770163,65.1705700390914,0.00739051189542893,-3664211345.33385,44.6595956494795,-3729014013.31218,284.191255251759,284.170586603391,0,0.0401441064579568,14280.9067878361,-215.89316098605,2.81183154942584e-06,-22789682.6354884,898.652157840842,875.611038828455,890.240821337717,390080192230.212,44591.4894427295,-39491776941602504,445070787.424004,-39491777125360784,"No MPA"
"2976","Atrina","MT_40",2032,0.000147071186719036,7.49210925954618e-05,0.00208589176075293,0.346781141686403,5.08605285882255e-05,-5788121897.37842,70.6085058315523,-5852924565.35675,284.190045077938,284.168101663226,0,0.0238154416330602,14280.8610289797,-128.047391019421,1.66813691260833e-06,-22789594.7897185,887.370639910318,867.23334525551,605.205667374332,7649180527.44127,45174.4080915468,-163570878714883872,1845852243.39683,-163570878898642144,"No MPA"
"2977","Atrina","MT_40",2033,1.01212451890569e-06,2.19610095705224e-06,1.43548397377673e-05,0.00835525097925739,1.1102673709252e-06,-9151239119.68468,111.72074805608,-9216041787.66301,284.189134476696,284.165955706058,0,0.0141320289943077,14280.8237181801,-75.9649281721805,9.89879459202546e-07,-22789542.7072556,898.970721021781,875.949861051439,883.283547195241,6722802575457.68,44599.7253445303,-678378688534246784,7663758491.28714,-678378688718004992,"No MPA"
"2978","Atrina","MT_40",2034,2.20943206814114e-08,1.13379553325927e-08,3.13361081116469e-07,0.000132540523617291,7.70770351242088e-09,-14479605085.137,176.890151445123,-14544407753.1153,284.188391991784,284.164016925908,0,0.00838797042882983,14280.7909551438,-45.0779082459502,5.87541893231963e-07,-22789511.8202357,887.534534356153,867.410600968857,601.425116204802,133340440961.372,45178.8752553325,-2816558052844348928,31848181095.5027,-2816558053028106752,"No MPA"
"2979","Atrina","MT_40",2035,1.53383299897176e-10,4.00016569690378e-10,2.17541681312134e-09,3.18159082215874e-06,2.02301612814242e-10,-22925907505.4689,280.241387633211,-22990710173.4472,284.187740007361,284.162207254619,0,0.00497981601110554,14280.760442575,-26.7559443925243,3.48818053886643e-07,-22789493.4982719,899.059617581116,876.046039596613,881.34397992562,116226695736881,44602.0229815018,-11704689458855899136,132452175094.413,-11704689459039655936,"No MPA"
"2980","Atrina","MT_40",2036,4.02580209500342e-12,2.06917864486829e-12,5.70974647803555e-11,6.16623446032155e-08,1.40718922635903e-12,-36320779193.1617,444.213291236115,-36385581861.14,284.187132807243,284.160480458753,0,0.00295713630829944,14280.7308330902,-15.884750735563,2.07138274415524e-07,-22789482.6270782,887.580257331885,867.460894551884,600.370600119483,2323407713124.73,45180.1225070261,-48678365941249728512,551200032565.816,-48678365941433483264,"No MPA"
"2981","Atrina","MT_40",2037,2.80030656045448e-14,7.56788382401962e-14,3.97164096586358e-13,1.46270482679196e-09,3.82765703017509e-14,-57572412847.0685,704.463154264874,-57637215515.0468,284.186543578496,284.158809167005,0,0.00175642122384044,14280.7013422575,-9.43282562949667,1.23032752290529e-07,-22789476.1751531,899.084437889819,876.07332261267,880.803093542768,2014163403113773,44602.6645000555,-2.02574369563485e+20,2295030765090.97,-2.02574369563669e+20,"No MPA"
"2982","Atrina","MT_40",2038,7.61703749004843e-16,3.91658455865351e-16,1.08031522552607e-14,2.98686253933969e-11,2.66382337456129e-16,-91302183777.5844,1117.66932157514,-91366986445.5627,284.185956710925,284.157177184752,0,0.00104347722281053,14280.6715192541,-5.60276225831068,7.309334351722e-08,-22789472.3450897,887.593023551105,867.475159548699,600.076261918813,40481159351832.3,45180.4710613703,-8.43461780365189e+20,9559997440885.03,-8.43461780365373e+20,"No MPA"
"2983","Atrina","MT_40",2039,5.30100851537698e-18,1.44533197454513e-17,7.51835633904524e-17,6.98201680115983e-13,7.31031065794705e-18,-144855907911.194,1773.94781489883,-144920710579.172,284.185363233157,284.155574939728,0,0.000620057467129456,14280.6411109032,-3.32858219509301,4.34339527145557e-08,-22789470.0709097,899.091374121268,876.081060521845,880.652120567499,34964037098025592,44602.8437921496,-3.51344401233315e+21,39836822181998.6,-3.51344401233333e+21,"No MPA"
"2984","Atrina","MT_40",2040,1.45475182093146e-19,7.48093685284094e-20,2.06325693364027e-18,1.46305211914952e-14,5.08821244380385e-20,-229913102519.538,2816.61598692132,-229977905187.517,284.184758106974,284.153996782507,0,0.000368530395269172,14280.6099810484,-1.97792952760211,2.58150558868927e-08,-22789468.720257,887.596591463777,867.479205189354,599.994027031382,705311893126823,45180.5685609111,-1.46406913016242e+22,166051214724617,-1.46406913016244e+22,"No MPA"
"2985","Atrina","MT_40",2041,1.01255427631697e-21,2.76706081342842e-21,1.43609349803764e-20,3.36659627544738e-16,1.39955325826048e-21,-365048461245.825,4473.65752369665,-365113263913.803,284.184138622862,284.152439386071,0,0.000219081065302992,14280.5780627305,-1.17558634078665,1.53464082796264e-08,-22789467.9179138,899.093314362131,876.083255000461,880.609938186143,607662815620530432,44602.8939492624,-6.10263391400352e+22,692321112236840,-6.10263391400354e+22,"No MPA"
"2986","Atrina","MT_40",2042,2.78511098393836e-23,1.43225851997203e-23,3.95008926325944e-22,7.19231144911814e-18,9.74167412636671e-24,-579809886313.725,7107.82764166976,-579874688981.703,284.183503448337,284.15090079681,0,0.000130263972577298,14280.545329815,-0.698856826470929,9.1249015328001e-09,-22789467.4411843,887.597589590323,867.480352525298,599.971028953724,12289017553880338,45180.5958591178,-2.54439464048511e+23,2887104144957958,-2.54439464048511e+23,"No MPA"
"2987","Atrina","MT_40",2043,1.93859315114698e-25,5.30082477991764e-25,2.74948324728715e-24,1.62872987516244e-19,2.68111116766657e-25,-921212389420.614,11296.4580738116,-921277192088.592,284.182852063319,284.149379871751,0,7.74692847604524e-05,14280.5117801542,-0.415536954078251,5.42669242775001e-09,-22789467.1578644,899.093857596444,876.083877347185,880.598140650619,10569589640742936576,44602.9079935676,-1.06105454846299e+24,12041799012994852,-1.06105454846299e+24,"No MPA"
"2988","Atrina","MT_40",2044,5.33541122365648e-27,2.74378365694415e-27,7.56714928459951e-26,3.54067612162729e-21,1.86621986315671e-27,-1464081243776.63,17958.5927285653,-1464146046444.61,284.182184425068,284.147875944808,0,4.60806255687239e-05,14280.4774255933,-0.247124995517782,3.22794153279656e-09,-22789466.9894525,887.597869071995,867.480677904955,599.964591215933,214121561463993952,45180.6035087364,-4.42556038346025e+24,50232106585945776,-4.42556038346025e+24,"No MPA"
"2989","Atrina","MT_40",2045,3.71377752768186e-29,1.01563795989909e-28,5.26720580358568e-28,7.891978283782e-23,5.13701063195117e-29,-2327529443894.46,28557.5659100055,-2327594246562.44,284.181500769306,284.146388628902,0,2.7415024995771e-05,14280.4422860378,-0.146996545337234,1.92042531266179e-09,-22789466.889324,899.094009823854,876.084053841844,880.594838059298,1.83948632686815e+20,44602.911929407,-1.84610608040022e+25,209566590360311680,-1.84610608040022e+25,"No MPA"
"2990","Atrina","MT_40",2046,1.02226511575828e-30,5.2571007268232e-31,1.44986626430641e-29,1.74420405451103e-24,3.57568651838841e-31,-3701212923870.61,45423.8547959321,-3701277726538.58,284.180801492153,284.144917698671,0,1.63131671137523e-05,14280.4063859312,-0.0874538415671664,1.14274255700341e-09,-22789466.8297813,887.597947395199,867.480770181049,599.96278755538,3730861938097844224,45180.6056540608,-7.70191894894078e+25,874388461710670208,-7.70191894894078e+25,"No MPA"
"2991","Atrina","MT_40",2047,7.11561617159294e-33,1.94604409092402e-32,1.00919924566664e-31,3.82817362347108e-26,9.84292688407132e-33,-5887173961273.13,72269.714683533,-5887238763941.11,284.180087080031,284.143463021014,0,9.70879238751673e-06,14280.3697521634,-0.052039111413954,6.8010589395318e-10,-22789466.7943666,899.094052515811,876.084103894854,880.593912734886,3.20258869318658e+21,44602.9130332751,-3.21351017390607e+26,3648559158877500416,-3.21351017390607e+26,"No MPA"
"2992","Atrina","MT_40",2048,1.95874244993019e-34,1.00730339322384e-34,2.77806075433976e-33,8.5955986226779e-28,6.85130791791885e-35,-9366540651050.96,115009.67604773,-9366605453718.94,284.179358068051,284.142024514021,0,5.7791956553338e-06,14280.3324128302,-0.0309711984208917,4.04836634837288e-10,-22789466.7732987,887.597969362175,867.480796350085,599.962281813415,65007264804041932800,45180.6062561601,-1.34090586067928e+27,15225333695657795584,-1.34090586067928e+27,"No MPA"
"2993","Atrina","MT_40",2049,1.36341027566585e-36,3.72881767520131e-36,1.93370832343264e-35,1.85866525489891e-29,1.886004580042e-36,-14905867702432.2,183068.927077734,-14905932505100.2,284.17861501532,284.140602122748,0,3.44066852459512e-06,14280.2943964969,-0.0184357699076301,2.41021736315278e-10,-22789466.7607632,899.094064497587,876.084118089634,880.593653268127,5.57723891004208e+22,44602.9133430987,-5.59554098352858e+27,63538343150255751178,-5.59554098352858e+27,"No MPA"
"2994","Atrina","MT_40",2050,3.75314911428358e-38,1.93009565777834e-38,5.32304604923829e-37,4.23703325888333e-31,1.31278025570067e-38,-23726709797134.3,291470.065489426,-23726774599802.3,284.177858490289,284.139195805001,0,2.04875279171901e-06,14280.2557317629,-0.0109758379060181,1.43517147499041e-10,-22789466.7533033,887.597975527664,867.48080377149,599.9621398979,1.13270636147095e+21,45180.6064252592,-2.33513924256543e+28,2.65169971230679e+20,-2.33513924256543e+28,"No MPA"
"2995","Atrina","MT_40",2051,2.61243270884434e-40,7.14481258255939e-40,3.70518175171657e-39,9.0320613405431e-33,3.6137860623622e-40,-37776075759065.5,464161.865409002,-37776140561733.5,284.177089062081,284.137805523038,0,1.22012869034436e-06,14280.2164470037,-0.00653559705690883,8.54713636121935e-11,-22789466.7488631,899.094067862657,876.084122115201,880.593580457915,9.71437291562307e+23,44602.913430116,-9.74539849991694e+28,1.10669754184428e+21,-9.74539849991694e+28,"No MPA"
"2996","Atrina","MT_40",2052,7.19143426410078e-42,3.69826938905441e-42,1.01995243413572e-40,2.08891336019265e-34,2.51542717712981e-42,-60157854504601.8,739330.208725355,-60157919307269.8,284.176307295374,284.136431238807,0,7.26756934193062e-07,14280.1765702204,-0.00389226237490433,5.09102044440426e-11,-22789466.7462197,887.597977259308,867.480805876163,599.962100047462,1.97367054674691e+22,45180.6064727806,-4.06729658260373e+29,4.61898711001132e+21,-4.06729658260373e+29,"No MPA"
"2997","Atrina","MT_40",2053,5.00570008248833e-44,1.36902332930561e-43,7.09952395612385e-43,4.39269222064869e-36,6.92440477313205e-44,-95821140084754,1177872.91408547,-95821204887422,284.175513747386,284.13507291126,0,4.32950591250464e-07,14280.1361289513,-0.00231838905055623,3.0328754072288e-11,-22789466.7446458,899.094068808334,876.084123256831,880.593560012227,1.6922445129608e+25,44602.913454571,-1.6975477971101e+30,1.92786043533444e+22,-1.6975477971101e+30,"No MPA"
"2998","Atrina","MT_40",2054,1.37795654985328e-45,7.08628401781068e-46,1.95433912838783e-44,1.02998518782309e-37,4.81983045688683e-46,-152658614744293,1876925.51950968,-152658679546960,284.174708966131,284.133730494905,0,2.57959353545693e-07,14280.0951502221,-0.00138113472951999,1.80704100002902e-11,-22789466.7437086,887.597977745963,867.480806473038,599.962088850091,3.43900859978042e+23,45180.6064861433,-7.08520608735476e+30,8.04661845522996e+22,-7.08520608735476e+30,"No MPA"
"2999","Atrina","MT_40",2055,9.5914626092048e-48,2.62319718797092e-47,1.3603455549911e-46,2.13804825021419e-39,1.32679105961736e-47,-243259562521673,2991451.81444129,-243259627324341,284.17389348942,284.132403939084,0,1.53718533609662e-07,14280.0536605181,-0.000822904587349084,1.07682065608354e-11,-22789466.7431504,899.094069074251,876.084123580592,880.593554267258,2.94813574103787e+26,44602.9134614477,-2.95725428700308e+31,3.35860379620312e+23,-2.95725428700308e+31,"No MPA"
"3000","Atrina","MT_40",2056,2.64031420863854e-49,1.35780888155378e-49,3.74472574605497e-48,5.07902355614109e-41,9.23531795917069e-50,-387708117408810,4768713.10860894,-387708182211478,284.17306784431,284.13109318768,0,9.16139175482511e-08,14280.0116857698,-0.000490371086455463,6.41769314735322e-12,-22789466.7428178,887.59797788281,867.480806642308,599.962085701926,5.99228882151505e+24,45180.6064899028,-1.23434246720595e+32,1.40187805566105e+24,-1.23434246720595e+32,"No MPA"
"3001","Atrina","MT_40",2057,1.83782827387497e-51,5.0263305766354e-51,2.60656963913249e-50,1.04143568036588e-42,2.54227570199679e-51,-618050664522170,7603306.77293454,-618050729324838,284.172232546819,284.129798179073,0,5.46078706788098e-08,14279.9692513475,-0.000292253974314445,3.82536623351279e-12,-22789466.7426197,899.094069149065,876.084123672409,880.593552652045,5.13637108691352e+27,44602.9134633825,-5.15211441053123e+32,5.85149541172928e+24,-5.15211441053123e+32,"No MPA"
"3002","Atrina","MT_40",2058,5.05912864697362e-53,2.60170921742033e-53,7.17530104369481e-52,2.50472137644828e-44,1.76958717753517e-53,-985429128687697,12125061.6541607,-985429193490365,284.171388101815,284.128518846238,0,3.25541179336365e-08,14279.9263820593,-0.000174202545993496,2.28046774981907e-12,-22789466.7425017,887.597977921312,867.480806690312,599.962084816325,1.04412575774673e+26,45180.606490961,-2.15052138376895e+33,2.44246097408361e+25,-2.15052138376895e+33,"No MPA"
"3003","Atrina","MT_40",2059,3.52147848329498e-55,9.63099514498833e-55,4.99447039198152e-54,5.07646442215063e-46,4.87127628606296e-55,-1571472689182660,19339425.5523803,-1571472753985328,284.170535002981,284.127255116924,0,1.94093905817124e-08,14279.8831021539,-0.000103849739876773,1.35965922111656e-12,-22789466.7424313,899.094069170124,876.084123698448,880.593552197676,8.94915537158678e+28,44602.9134639271,-8.97641441125689e+33,1.01951106545455e+26,-8.97641441125689e+33,"No MPA"
"3004","Atrina","MT_40",2060,9.69383980926529e-57,4.98515735561973e-57,1.3748655895999e-55,1.23527220509014e-47,3.39072117504079e-57,-2506492745924987,30851725.1962407,-2506492810727655,284.169673732862,284.12600691388,0,1.1573682318852e-08,14279.8394353233,-6.19172345253024e-05,8.1075540176756e-13,-22789466.7423894,887.597977932149,867.480806703926,599.962084567073,1.81933756927132e+27,45180.606491259,-3.74687185578407e+34,4.25558283341184e+26,-3.74687185578407e+34,"No MPA"
"3005","Atrina","MT_40",2061,6.74753513833116e-59,1.84540324931584e-58,9.56994757375804e-58,2.476225247858e-49,9.33389431865959e-59,-3998548208901199,49225456.3730559,-3998548273703867,284.168804762934,284.124774155093,0,6.90213355086157e-09,14279.7954047086,-3.69208192686738e-05,4.8350584336048e-13,-22789466.7423644,899.094069176055,876.084123705832,880.593552069797,1.55926206522042e+30,44602.9134640805,-1.56399121538901e+35,1.7763502161995e+27,-1.56399121538901e+35,"No MPA"
"3006","Atrina","MT_40",2062,1.85744496941326e-60,9.55210281421554e-61,2.63439176143688e-59,6.09236470475814e-51,6.49698995802135e-61,-6379881810849606,78554784.6651682,-6379881875652274,284.167928553701,284.123556754044,0,4.11666751999124e-09,14279.7510329048,-2.20182706438703e-05,2.8837937468552e-13,-22789466.7423495,887.597977935202,867.480806707787,599.962084496888,3.17010788872239e+28,45180.606491343,-6.52838096280945e+35,7.41480986341877e+27,-6.52838096280945e+35,"No MPA"
"3007","Atrina","MT_40",2063,1.29290100164625e-62,3.53599301438869e-62,1.83370587187101e-61,1.2086625677259e-52,1.78847550637639e-62,-10181119257531878,125379445.948823,-10181119322334548,284.167045554805,284.122354619956,0,2.45559867373206e-09,14279.7063419675,-1.31324475350999e-05,1.72018750947594e-13,-22789466.7423406,899.094069177726,876.084123707926,880.593552033789,2.71683932405062e+31,44602.9134641237,-2.72505504982345e+36,3.09508892576127e+28,-2.72505504982345e+36,"No MPA"
"3008","Atrina","MT_40",2064,3.55906625768901e-64,1.83028662362509e-64,5.04778067832916e-63,3.00487349623184e-54,1.24489382550654e-64,-16249845214256544,200147013.785557,-16249845279059212,284.166156205153,284.121167658047,0,1.46492947347952e-09,14279.6613534189,-7.83352562744928e-06,1.02620725303103e-13,-22789466.7423353,887.597977936061,867.480806708882,599.962084477118,5.52376236434013e+29,45180.6064913667,-1.13749639214494e+37,1.29195534310043e+29,-1.13749639214494e+37,"No MPA"
"3009","Atrina","MT_40",2065,2.47733871275801e-66,6.77534658353841e-66,3.51357956905712e-65,5.90326967319262e-56,3.42691327798635e-66,-25940120962398504,319550301.226908,-25940121027201168,284.165260933037,284.119995769771,0,8.74022025926564e-10,14279.6160882548,-4.67322357092705e-06,6.12266747763214e-14,-22789466.7423321,899.094069178196,876.08412370852,880.593552023645,4.73384568062709e+32,44602.9134641359,-4.74813177506201e+37,5.39290843044026e+29,-4.74813177506201e+37,"No MPA"
"3010","Atrina","MT_60",2015,430.597185249,430.597185249,2861.80413692119,1009.22060098639,23490.6330459348,-4087925.16995822,0.046641015426089,-76618852.4788011,328.238636018,328.238636018,0,236.426392872011,16257.977427128,-1105810.22703761,0.0143337337591636,-26777305.1494173,563.072910686,563.072910686,11248.6979543433,2958.18752591048,36585.6315684328,-15112672.0485873,0.10352282789566,-219470180.167768,"No MPA"
"3011","Atrina","MT_60",2016,467.463597614103,467.454544301909,2805.11637702053,1828.02753435904,24467.7128352841,-6763517.23966056,0.0778784378170363,-79294444.5485035,323.533750799847,323.533346894745,0,155.000177008085,16102.9768462148,-735279.346320273,0.00953388383552038,-26406774.2687,728.054068211813,727.857176069038,13567.5692656,15671.8082098554,34481.1957320346,-42305608.067117,0.44739932037272,-246663116.186297,"No MPA"
"3012","Atrina","MT_60",2017,486.907485422154,486.859761775671,2754.92659316229,3193.80283997186,24028.788864828,-11293175.6281666,0.131127366668971,-83824102.9370095,320.449239239675,320.447898746271,0,102.144478788328,16000.8310269331,-489065.016394354,0.00634341357390086,-26160559.938774,686.175795067489,685.040681508642,12393.68987842,45440.3179958236,23473.5173568971,-182841889.157297,1.93056683026341,-387199397.276477,"No MPA"
"3013","Atrina","MT_60",2018,478.172898410078,478.019988845826,2770.00696527915,5256.24383199532,21542.3990885476,-19015006.1303467,0.222450502300526,-91545933.4391896,318.416537435968,318.41375215179,0,67.5507613773526,15933.2774802715,-325403.500019427,0.00422198814008413,-25996898.4223991,467.122995402252,461.631279250048,6192.67780535557,0.0407352092265538,29660.6627108912,-789051655.780738,8.40173205537715,-993409163.899918,"No MPA"
"3014","Atrina","MT_60",2019,428.693741862098,428.314342387488,2813.46913711826,7776.13355218355,16579.3552740077,-32259377.6778004,0.379901172289446,-104790304.986643,317.072221857404,317.067564864305,0,44.7824269325606,15888.4903963459,-216579.740525184,0.00281092911342402,-25888074.6629049,590.247187946736,579.075027947406,6249.96836411032,17145.4677832981,35059.3259670858,-3433907890.09564,36.8513576797083,-3638265398.21482,"No MPA"
"3015","Atrina","MT_60",2020,329.929169952754,329.139815357131,2597.52930069734,9319.91058366921,9856.18463644024,-55097475.4413474,0.652603131924732,-127628402.75019,316.180958887283,316.174098123716,0,29.7396224178366,15858.7439131645,-144195.530430421,0.00187205977296495,-25815690.4528101,697.680586745008,683.626748089314,5380.15475917522,283.255150275427,40424.2814458551,-15061703186.8248,162.813526040017,-15266060694.9439,"No MPA"
"3016","Atrina","MT_60",2021,196.138074265161,194.729713083721,1707.32839912182,6802.92193240149,5323.37871838175,-94658991.037304,1.12676859865371,-167189918.346147,315.589003871973,315.579696713609,0,19.7745521738654,15838.9600538322,-96033.4084111717,0.0012471664995387,-25767528.3307909,804.443200772516,784.238459280934,4485.59773545629,499412.298948592,43695.1178440408,-66544155809.1259,724.113142028635,-66748513317.245,"No MPA"
"3017","Atrina","MT_60",2022,105.935236495797,103.990685937274,913.073116461445,2672.12444717658,3562.38283710809,-163447201.731945,1.95398981021134,-235978129.040787,315.195305071262,315.183385558369,0,13.1608246873878,15825.787309632,-63977.5429268196,0.000831116674175303,-25735472.4653065,869.532845096411,848.922595539708,3110.39309614696,9013.97051973652,46783.2049116379,-295955912139.092,3239.78907042327,-296160269647.211,"No MPA"
"3018","Atrina","MT_60",2023,70.8914184584511,68.6995488399378,751.59040044284,2843.34646706615,1665.41812585249,-283445284.9802,3.40125408317225,-355976212.289043,314.933167461676,314.9185318136,0,8.76540971504932,15817.0072642688,-42634.9193054168,0.000554026156230992,-25714129.8416851,930.985777741595,906.0760106519,2454.37638130652,12490705.2970065,47775.133718576,-1324146061020.02,14572.6173487495,-1324350418528.13,"No MPA"
"3019","Atrina","MT_60",2024,33.1418207044645,31.9133292092124,412.333490287001,1718.60633819269,359.411099861785,-493389691.091603,5.9394250140288,-565920618.400446,314.75844455895,314.741037583976,0,5.84132851159738,15811.1485287823,-28420.6458250435,0.00036942569504764,-25699915.5682047,950.725160999662,928.052857838422,1544.4829246093,240743.146884812,49294.8385225008,-5956047466569.94,65855.7827397885,-5956251824078.06,"No MPA"
"3020","Atrina","MT_60",2025,7.15228088724953,6.62571560463226,99.0500663906514,817.563903886016,0.0539604055178611,-861582891.511126,10.3999098962296,-934113818.819969,314.641855722767,314.621659163161,0,3.89456538311605,15807.2337668395,-18950.9473804581,0.000246405441457004,-25690445.8697602,980.967286597767,955.058782079514,1456.21249461055,280187314.664474,49177.6052109967,-26916149872473.7,298832.051241174,-26916354229981.8,"No MPA"
"3021","Atrina","MT_60",2026,0.00107381206980544,4.51574333187991e-05,0.0152295669979225,1.69717507525747,4.49444265578614e-05,-1508630215.40516,18.2522167448173,-1581161142.714,314.563951960107,314.54097501421,0,2.59767794970974,15804.6131119439,-12640.2081677652,0.000164398417425331,-25684135.1305475,978.634343698834,955.863106761854,933.407842400064,5663945.96370012,50085.9396911017,-122137144997984,1360813.1885999,-122137349355492,"No MPA"
"3022","Atrina","MT_60",2027,8.94394088501441e-07,4.76275449213374e-05,1.26850827454382e-05,0.00144561295437938,4.67342105414716e-05,-2647700411.88544,32.0959568736808,-2720231339.19428,314.511800927684,314.48607281112,0,1.73328669587483,15802.8540971315,-8433.37938207016,0.000109715217049245,-25679928.3017618,996.710199852924,970.83708683596,1119.98451382208,6005308386.3922,49594.8264040544,-556182709558185,6215729.84596975,-556182913915693,"No MPA"
"3023","Atrina","MT_60",2028,9.30010789775285e-07,6.70604818821661e-09,1.3190230666734e-05,0.00264198422281448,6.674415885442e-09,-4655899029.82223,56.5334396719269,-4728429957.13107,314.476796532917,314.448360787184,0,1.15691123226602,15801.6687501535,-5628.21816705792,7.32412467250711e-05,-25677123.1405468,986.937045440683,964.331130892375,744.510493021767,125599334.850103,50314.3598600116,-2540462087391440,28465265.340559,-2540462291748948,"No MPA"
"3024","Atrina","MT_60",2029,1.32820876120296e-10,7.07286902411206e-09,1.8837824407059e-09,6.67032339341904e-07,6.94020551869807e-09,-8200845606.72677,99.7179784982214,-8273376534.03561,314.453208128055,314.422118348942,0,0.772438478182242,15800.8652218962,-3757.16114587168,4.89059762303241e-05,-25675252.0835256,1001.25576121423,975.493072046933,1021.11959260727,127384492445.314,49713.1169172135,-11634137581243102,130646701.310943,-11634137785600610,"No MPA"
"3025","Atrina","MT_60",2030,1.38110089822092e-10,9.95873303630873e-13,1.95879871969231e-09,1.2221580151634e-06,9.91175788047708e-13,-14465274899.6785,176.102304865687,-14537805826.9874,314.437217915735,314.403534594988,0,0.515886672513306,15800.3156519029,-2508.8000735402,3.26650389792176e-05,-25674003.7224532,989.291026652548,966.784200496538,690.380689912967,2728912769.98144,50378.5986484124,-53397267828643056,600750085.387915,-53397268033000576,"No MPA"
"3026","Atrina","MT_60",2031,1.97243981821494e-14,1.05034757333948e-12,2.7974875663083e-13,3.09271756964871e-10,1.03064654529736e-12,-25545726946.2657,311.319205290965,-25618257873.5745,314.426281472869,314.390069690649,0,0.344639729808938,15799.9348003909,-1675.66547767116,2.18231363445272e-05,-25673170.5878574,1002.53411310341,976.828905582978,993.204699636435,2705194648594.14,49746.2118221412,-245534653807690944,2766776076.15743,-245534654012048448,"No MPA"
"3027","Atrina","MT_60",2032,2.05098662514174e-14,1.47890920114073e-16,2.90888955369558e-13,5.677205680732e-10,1.4719332143429e-16,-45160541297.6114,550.851687551862,-45233072224.9202,314.418702527779,314.380030282893,0,0.230299106128804,15799.6658290399,-1119.49284737624,1.45834936031319e-05,-25672614.4152271,989.94961526061,967.48415103035,675.196103374044,58932105584.1797,50396.5442423083,-1130822911160779904,12759375276.7598,-1130822911365137408,"No MPA"
"3028","Atrina","MT_60",2033,2.92914709654237e-18,1.55980553444313e-16,4.15437394175157e-17,1.43909214998722e-13,1.53054876901203e-16,-79907567415.5551,975.440226361339,-79980098342.864,314.413349997894,314.372287009,0,0.153932770939557,15799.4708332801,-748.110490663842,9.74796799487632e-06,-25672243.0328704,1002.89123042193,977.209001706211,985.405991288424,57647226657496.6,49755.4446568678,-5214928564559377408,58907015554.8257,-5214928564763734016,"No MPA"
"3029","Atrina","MT_60",2034,3.04579205033393e-18,2.19623562278903e-20,4.31981007059621e-17,2.64545078678495e-13,2.18587602079474e-20,-141499168304.671,1728.47079577223,-141571699231.98,314.409469582273,314.366086432757,0,0.102914939709637,15799.3245351908,-500.055575437602,6.5173704990909e-06,-25671994.9779551,990.13334867167,967.682999981328,670.958056464546,1270530434694.21,50401.5524089784,-24076181436121079808,272212256134.072,-24076181436325437440,"No MPA"
"3030","Atrina","MT_60",2035,4.34989328138154e-22,2.31636971135559e-20,6.16940109252389e-21,6.71461320732841e-17,2.2729223175617e-20,-250735179287.227,3064.67473419801,-250807710214.536,314.406558250298,314.360925781535,0,0.0688226201287626,15799.210080102,-334.33096193757,4.35847154350517e-06,-25671829.2533416,1002.99089293867,977.316896882621,983.231673243313,1232355966293436,49758.0205958019,-1.11256816065962e+20,1258881511116.66,-1.11256816066166e+20,"No MPA"
"3031","Atrina","MT_60",2036,4.52311541194778e-22,3.26149225867756e-24,6.41507994771301e-21,1.23570461002473e-16,3.24610786123097e-24,-444567400742.727,5436.74903963897,-444639931670.036,314.404280594029,314.356469476775,0,0.0460348370525017,15799.1162341476,-223.58280953173,2.91539367677969e-06,-25671718.5051892,990.184609856458,967.739420468459,669.775844317193,27380044685058.1,50402.9508016913,-5.1452376899773e+20,5825622096623.31,-5.14523768997935e+20,"No MPA"
"3032","Atrina","MT_60",2037,6.45975464384963e-26,3.43989588522723e-24,9.16179197493895e-25,3.13967936196779e-20,3.37537487616603e-24,-788664898780.951,9649.46652048279,-788737429708.26,314.402413059538,314.352493492274,0,0.0307993823007995,15799.0355151981,-149.555162078266,1.95055903523891e-06,-25671644.4775418,1003.01872095366,977.347503606829,982.625279388848,26408573508131000,49758.7398640688,-2.38101022671523e+21,26973242113779.9,-2.38101022671544e+21,"No MPA"
"3033","Atrina","MT_60",2038,6.71699600357039e-26,4.84343831009588e-28,9.52663428785187e-25,5.78322656258849e-20,4.82059190297279e-28,-1399769509532.5,17133.9329021526,-1399842040459.81,314.400806752442,314.34884824976,0,0.0206108011402899,15798.9629458943,-100.060646522581,1.30532186838622e-06,-25671594.9830262,990.19892329497,967.75542327932,669.445841795742,589993722169601,50403.3416168208,-1.10243689104124e+22,124944707420070,-1.10243689104126e+22,"No MPA"
"3034","Atrina","MT_60",2039,9.59297788691585e-30,5.10837438565813e-28,1.36056046499834e-28,1.4706512128788e-23,5.01255826766441e-28,-2485480083681.25,30435.7842795971,-2485552614608.56,314.399362623296,314.345433867908,0,0.0137956694798192,15798.8952214694,-66.9609835446535,8.73716409512157e-07,-25671561.8833632,1003.02649817473,977.356184177607,982.456010997374,566900715844252288,49758.9408974735,-5.10665850123004e+22,578980237108448,-5.10665850123006e+22,"No MPA"
"3035","Atrina","MT_60",2040,9.97499095265217e-30,7.19268751942902e-32,1.41474091662458e-28,2.71096035397045e-23,7.15875974811096e-32,-4415071314342.16,54084.4286205928,-4415143845269.47,314.398014907241,314.342183646848,0,0.00923598819330923,15798.8301542208,-44.8202945904232,5.84945620472543e-07,-25671539.7426743,990.202923859722,967.759961775707,669.353637134147,12713399946484936,50403.4509437899,-2.36637913171423e+23,2683757231091612,-2.36637913171423e+23,"No MPA"
"3036","Atrina","MT_60",2041,1.42459318987408e-33,7.58612752674179e-32,2.02048331153997e-32,6.89883985409399e-27,7.44383699841669e-32,-7845587521641.04,96141.1116186384,-7845660052568.34,314.396720068994,314.339053044741,0,0.00618463866597255,15798.7663025579,-30.0068019411501,3.91697137787902e-07,-25671524.9291816,1003.02867378142,977.358645996272,982.408714001267,12184163487395592192,49758.9971397848,-1.09688773216003e+24,12443245633965526,-1.09688773216003e+24,"No MPA"
"3037","Atrina","MT_60",2042,1.48132356268492e-33,1.06814106921341e-35,2.10094331397188e-32,1.2725489334222e-26,1.06310266794353e-35,-13946407956405.6,170956.568502876,-13946480487332.9,314.395449420902,314.336012318092,0,0.00414222234419686,15798.7027232327,-20.0934550387782,2.62345131236502e-07,-25671515.0158347,990.204043081717,967.761248884674,669.327849439566,273958027795964576,50403.4815550329,-5.08574125856943e+24,57705334958179328,-5.08574125856943e+24,"No MPA"
"3038","Atrina","MT_60",2043,2.11557430920763e-37,1.12656838569938e-35,3.00049348576104e-36,3.24042482843772e-30,1.10543770865362e-35,-24799276886102.7,304084.486831391,-24799349417030,314.394184192331,314.333041606864,0,0.00277484274747768,15798.6388058045,-13.4578980220045,1.75744261834595e-07,-25671508.3802777,1003.02928294515,977.359344159753,982.395485285196,2.62088908478933e+20,49759.0128887749,-2.3584947719764e+25,267654470455029664,-2.3584947719764e+25,"No MPA"
"3039","Atrina","MT_60",2044,2.19982104022071e-37,1.586229543072e-39,3.11997960662251e-36,5.98073096106637e-30,1.57874732824619e-39,-44111059620228.9,541038.02692309,-44111132151156.2,314.39291223551,314.330127651468,0,0.00185920405039544,15798.5741620164,-9.01540789979601,1.17753192088539e-07,-25671503.9377876,990.20435648662,967.76161390338,669.320630445256,5903558698102069248,50403.4901334489,-1.09394399454185e+26,1241641029495939072,-1.09394399454185e+26,"No MPA"
"3040","Atrina","MT_60",2045,3.14170718320993e-41,1.67299629907804e-39,4.45584534486087e-40,1.52380131467288e-33,1.6416164512647e-39,-78483979604156.8,962898.591517608,-78484052135084.1,314.391625824127,314.327261599326,0,0.00124594049720356,15798.5085518511,-6.04055605085014,7.89124446114941e-08,-25671500.9629357,1003.02945365563,977.359542155698,982.391781861194,5.64094878238551e+21,49759.0173025484,-5.07475414294354e+26,5760629320315965440,-5.07475414294354e+26,"No MPA"
"3041","Atrina","MT_60",2046,3.26681673801676e-41,2.35561035506979e-43,4.63328671506968e-40,2.81391998010592e-33,2.34449898547041e-43,-139679855494302,1714144.76654295,-139679928025229,314.390320181837,314.324437539124,0,0.00083511637755114,15798.441834092,-4.0480859905479,5.28929139230936e-08,-25671498.9704657,990.204444320713,967.761717420917,669.31860780331,1.27218267298895e+20,50403.4925393583,-2.35445566774379e+27,26729263160887762944,-2.35445566774379e+27,"No MPA"
"3042","Atrina","MT_60",2047,4.66555298108611e-45,2.48446224149211e-43,6.61709743131882e-44,7.17317869632209e-37,2.43786199074501e-43,-248657018917921,3052278.78916726,-248657091448848,314.388992498432,314.321651521177,0,0.000559853086392765,15798.3739332617,-2.71332444327162,3.54590112803027e-08,-25671497.6357041,1003.02950153323,977.359598306365,982.390744181777,1.21458423932567e+23,49759.0185405141,-1.09246099100632e+28,1.24033763275256e+20,-1.09246099100632e+28,"No MPA"
"3043","Atrina","MT_60",2048,4.85134536158256e-45,3.49816971266696e-47,6.88060452013029e-44,1.32528333787887e-36,3.48166891213551e-47,-442769221966828,5436341.49545364,-442769294497755,314.387641271908,314.318900902624,0,0.000375384632248439,15798.3048175078,-1.81899228658358,2.3775565783759e-08,-25671496.741372,990.20446895623,967.761746777969,669.318040634363,2.74150571119486e+21,50403.4932146197,-5.06944607424337e+28,5.75602155214193e+20,-5.06944607424337e+28,"No MPA"
"3044","Atrina","MT_60",2049,6.92852113514967e-49,3.68951959594984e-47,9.82663782666212e-48,3.38001300254449e-40,3.62031647608099e-47,-788605779665588,9684820.40600717,-788605852196516,314.386265868405,314.316183909726,0,0.000251740002960585,15798.2344838091,-1.21964965657769,1.59444014766686e-08,-25671496.1420294,1003.02951497093,977.35961423041,982.390453197197,2.6158990439579e+24,49759.0188879888,-2.35256354468453e+29,2.67134201351691e+21,-2.35256354468453e+29,"No MPA"
"3045","Atrina","MT_60",2050,7.20442978740117e-49,5.19491320467466e-51,1.0217955735063e-47,6.24762986996871e-40,5.17040889710544e-51,-1404898009734609,17257406.6681708,-1404898082265537,314.384866227801,314.313499345294,0,0.000168849329000878,15798.1629480773,-0.817923073906457,1.06944080342876e-08,-25671495.7403028,990.204475870976,967.76175510348,669.317881475381,5.90788014918578e+22,50403.4934042733,-1.09181757657286e+30,1.23981472600216e+22,-1.09181757657286e+30,"No MPA"
"3046","Atrina","MT_60",2051,1.02891137052398e-52,5.47907495697036e-51,1.45929256715118e-51,1.59412222953848e-43,5.37630572884812e-51,-2503391417176475,30757829.9896269,-2503391489707402,314.383442666738,314.310846393175,0,0.000113270254269902,15798.0902385334,-0.548606552051759,7.17421733424115e-09,-25671495.4709862,1003.02951874504,977.359618746388,982.3903715393,5.6350142468122e+25,49759.0189855843,-5.06728979392217e+30,5.75441186653612e+22,-5.06728979392217e+30,"No MPA"
"3047","Atrina","MT_60",2052,1.06988484004078e-52,7.71464091818704e-55,1.51740474399086e-51,2.94785991579529e-43,7.67825110253522e-55,-4461787862310748,54831400.9211313,-4461787934841676,314.381995746816,314.308224487628,0,7.59976121454629e-05,15798.0163912766,-0.368026227625864,4.81348558695943e-09,-25671495.2904059,990.204477813129,967.761757464553,669.317836781211,1.27313997611019e+24,50403.493457573,-2.35191450098382e+31,2.67090785526084e+23,-2.35191450098382e+31,"No MPA"
"3048","Atrina","MT_60",2053,1.52797196940451e-56,8.13663177641188e-55,2.16710418569076e-55,7.52486726208887e-47,7.98401561880429e-55,-7953944708905196,97767374.894419,-7953944781436124,314.380526186405,314.305633226128,0,5.09975950712171e-05,15797.9414473188,-0.246924349200996,3.23005818289162e-09,-25671495.169304,1003.0295198057,977.359620027096,982.390348608247,1.21401566993248e+27,49759.0190130132,-1.09163601878305e+32,1.23973375358714e+24,-1.09163601878305e+32,"No MPA"
"3049","Atrina","MT_60",2054,1.58881910814205e-56,1.14565310625422e-58,2.25340294750433e-55,1.3920741623269e-46,1.14024908216811e-58,-14182316723287002,174360114.12115,-14182316795817928,314.379034801644,314.303072311201,0,3.42265641290458e-05,15797.8654506018,-0.165696978173844,2.16782754326813e-09,-25671495.0880767,990.204478358963,967.761758134141,669.317824222388,2.74360746539045e+25,50403.4934725609,-5.06697792933839e+32,5.75449704911436e+24,-5.06697792933839e+32,"No MPA"
"3050","Atrina","MT_60",2055,2.26909567351455e-60,1.20832033116633e-58,3.21823098215775e-59,3.5549244487784e-50,1.18565625945101e-58,-25293001525765424,311018804.676925,-25293001598296348,314.377522466975,314.300541511696,0,2.29741255372736e-05,15797.7884466724,-0.111206193009468,1.45512753679459e-09,-25671495.0335859,1003.02952010396,977.359620390298,982.390342164701,2.61572064150452e+28,49759.0190207264,-2.35194045962282e+33,2.6711252205957e+25,-2.35194045962282e+33,"No MPA"
"3051","Atrina","MT_60",2056,2.35945595630751e-60,1.701337824779e-62,3.34638787965446e-59,6.57905084293961e-50,1.69331264636023e-62,-45116964627410520,554894343.878649,-45116964699941448,314.37599008878,314.298040637058,0,1.54232184876705e-05,15797.7104817974,-0.0746457874101951,9.76871865071002e-10,-25671494.9970255,990.204478512456,967.761758324033,669.317820691333,5.91246680826916e+26,50403.4934767778,-1.09172897003485e+34,1.23990253805026e+26,-1.09172897003485e+34,"No MPA"
"3052","Atrina","MT_60",2057,3.36969216625686e-64,1.79440100379441e-62,4.77919369216609e-63,1.68073203035839e-53,1.76074400739448e-62,-80494002639900672,990184242.917124,-80494002712431600,314.374438587769,314.295569520295,0,1.03554664001245e-05,15797.6316023745,-0.0501120127327177,6.55892497009932e-10,-25671494.9724917,1003.02952018788,977.359620493301,982.390340353022,5.63617255150798e+29,49759.0190228966,-5.06764869338459e+34,5.75554293137902e+26,-5.06764869338459e+34,"No MPA"
"3053","Atrina","MT_60",2058,3.50388057471501e-64,2.52655046996524e-66,4.96951149083236e-63,3.11166203808235e-53,2.51463277906918e-66,-143637962690767216,1767265391.68819,-143637962763298128,314.372868887252,314.293128006764,0,6.9537854033547e-06,15797.5518545402,-0.0336462686330186,4.40437802916259e-10,-25671494.956026,990.204478555642,967.761758377885,669.317819697992,1.27413687282039e+28,50403.4934779649,-2.35237678413662e+35,2.67171062673812e+27,-2.35237678413662e+35,"No MPA"
"3054","Atrina","MT_60",2059,5.00411923034767e-68,2.66475278067234e-66,7.09728185263009e-67,7.95219002509679e-57,2.61477087888108e-66,-256362795319940288,3154754937.33494,-256362795392471232,314.37128190535,314.290715946846,0,4.67012221096558e-06,15797.4712839116,-0.0225937767415345,2.95795633325109e-10,-25671494.9449735,1003.0295202115,977.359620522512,982.390339843372,1.21449263565457e+31,49759.0190235075,-1.09196412226846e+36,1.24021302238096e+28,-1.09196412226846e+36,"No MPA"
"3055","Atrina","MT_60",2060,5.20339404897334e-68,3.75202219354101e-70,7.37991092056696e-67,1.47276690557682e-56,3.73432397564695e-70,-457634602074106944,5632558044.98003,-457634602146637888,314.369678549841,314.288333191217,0,3.13681540107724e-06,15797.3899354161,-0.0151738576022469,1.98679288839507e-10,-25671494.9375536,990.204478567799,967.761758393157,669.317819418407,2.74576827344473e+29,50403.4934782991,-5.06893677279758e+36,5.75713115170882e+28,-5.06893677279758e+36,"No MPA"
"3056","Atrina","MT_60",2061,7.43130471153743e-72,3.95725780752771e-70,1.05397296992252e-70,3.76512813358975e-60,3.88303280904635e-70,-817069316246569344,10058195136.0972,-817069316319100160,314.368059714781,314.285979587859,0,2.1071812031098e-06,15797.307853182,-0.0101919396327662,1.33464437974353e-10,-25671494.9325716,1003.02952021815,977.359620530796,982.39033969993,2.61708353862043e+32,49759.0190236795,-2.35301705278873e+37,2.67250512259105e+29,-2.35301705278873e+37,"No MPA"
"3057","Atrina","MT_60",2062,7.72723529000225e-72,5.57189365824066e-74,1.09594444637015e-70,6.97546197342451e-60,5.54561114098481e-74,-1459060440548840704,17964161681.0052,-1459060440621371904,314.366426278323,314.28365498022,0,1.41568132026139e-06,15797.2250804683,-0.00684651884548574,8.96662797732085e-11,-25671494.9292262,990.204478571223,967.761758397489,669.317819339681,5.91714177418017e+30,50403.4934783933,-1.09229295668657e+38,1.2406034234512e+30,-1.09229295668657e+38,"No MPA"
"3058","Atrina","MT_60",2063,1.10357661705598e-75,5.87667624134643e-74,1.56518938432131e-74,1.78386840183087e-63,5.76644933516418e-74,-2605914610098577920,32089621216.4555,-2605914610171108864,314.364779101318,314.281359206145,0,9.51214242103922e-07,15797.1416596219,-0.0045997412017282,6.02478981355076e-11,-25671494.9269794,1003.02952022003,977.359620533145,982.390339659536,5.63960332020291e+33,49759.019023728,-5.07051330635872e+38,5.75902808897687e+30,-5.07051330635872e+38,"No MPA"
"3059","Atrina","MT_60",2064,1.14752341769767e-75,8.27447102849957e-78,1.62751860077641e-74,3.30593953724494e-63,8.23544050478023e-78,-4654979967638074368,57331224594.3561,-4654979967710605312,314.363119026475,314.279092097317,0,6.39203254231311e-07,15797.0576320535,-0.00309062381150008,4.04857679438646e-11,-25671494.9254703,990.204478572187,967.761758398717,669.317819317501,1.27514704448698e+32,50403.4934784199,-2.35380122034941e+39,2.67341737795783e+31,-2.35380122034941e+39,"No MPA"
"3060","Atrina","MT_60",2065,1.63885266045127e-79,8.72708459375849e-78,2.32436493031906e-78,8.45710663186949e-67,8.56339350456887e-78,-8316573767160383488,102443669154.54,-8316573767232914432,314.361446877865,314.276853479029,0,4.2958193012017e-07,15796.9730382251,-0.00207685715659553,2.72087885061088e-11,-25671494.9244566,1003.02952022056,977.359620533811,982.390339648159,1.21530472432212e+35,49759.0190237417,-1.09266169447149e+40,1.24103944644849e+32,-1.09266169447149e+40,"No MPA"
"3061","Callinectes","MT",2015,833.194438381475,833.194438381475,1548.3509168076,216.451985965345,3146.54330184226,-736831.781360706,0.119280664258234,-1576261.81434187,76.6992818856503,76.6992818856503,154.079585812606,14.3519926746957,306.77373953791,-448154.659764752,0.0859163350008037,-1156759.69477801,1156.56543368216,1156.56543368216,2684.51638593102,3244.48334330998,1958.95882662104,-9288584.91995722,1.288042452032,-10262699.2453107,"No MPA"
"3062","Callinectes","MT",2016,1444.73618143522,1444.73386787005,1904.20895815005,102.006372227241,4948.7435741999,-200197.088736506,0.032419476138627,-1039627.12171767,140.855242883551,140.855140351555,273.965842879643,7.16148981841522,573.577990067141,-121756.637441369,0.0233447361470482,-830361.672454624,899.456458490263,899.405312261956,2268.29519608403,680.847195118696,3546.35568135807,-2509076.12938411,0.348075700298726,-3483190.45473755,"No MPA"
"3063","Callinectes","MT",2017,2272.2169086647,2272.15729130578,1333.68310562049,43.6126938810098,6238.75436858046,-54402.7768031376,0.00881323329573818,-893832.809784304,263.358484416761,263.355751490342,480.122231028025,3.63854978385482,1050.05893838489,-33081.927318119,0.00634370408387187,-741686.962331374,1628.31014024074,1626.99178441377,3175.43903363822,333.137076569187,6387.33928260012,-677972.08866124,0.094105615369323,-1652086.41401468,"No MPA"
"3064","Callinectes","MT",2018,2864.52570288736,2864.40207611847,182.324213226328,14.9502710217935,6406.0046840161,-14787.6218615655,0.002396384169808,-854217.654842732,482.134836674865,482.123381785884,773.971347800116,1.81027026475411,1822.20856103127,-8989.13361726574,0.00172400227187463,-717594.16863052,2932.74850508874,2928.97736710376,2720.69409461712,162.377528792401,8941.88471043986,-183261.831254451,0.0254540330662946,-1157376.15660789,"No MPA"
"3065","Callinectes","MT",2019,2941.31872903922,2941.31415217494,0,4.17497473017299,6401.82513242165,-4020.80274294036,0.000651728844533572,-843450.835724107,836.667538216152,836.638985539812,1047.83566333558,0.853817930488158,2869.16185376002,-2442.69439298771,0.000468569608026584,-711047.729406242,4105.66870757226,4102.59964550277,35.5195575634752,61.5903562485612,8912.74484968529,-49560.9313754184,0.00688802338155463,-1023675.25672886,"No MPA"
"3066","Callinectes","MT",2020,2939.39968682959,2939.41943486031,0,1.13492675512148,6400.70995369726,-1093.51170830423,0.000177282545437441,-840523.544689471,1317.37641687432,1317.3304239773,1019.4979318942,0.365428947016207,3888.24836381018,-663.813788033657,0.000127365589198271,-709268.848801288,4092.28913287215,4094.13262459826,77.7919378480449,16.6189244272309,8975.76135483221,-13411.5297195643,0.00186475942076634,-987525.855073006,"No MPA"
"3067","Callinectes","MT",2021,2938.8876522261,2938.89962678633,0,0.308730355965986,6400.41319790152,-297.455852696278,4.82339761692933e-05,-839727.488833863,1785.29025496452,1785.25091613949,550.074045646249,0.134624591227989,4438.14844604018,-180.412522264741,3.46235515920217e-05,-708785.447535519,4121.22317772069,4120.29037381277,4.34505170711986,4.53346085180392,8974.64014177961,-3630.81964041838,0.000505056040589995,-977745.14499386,"No MPA"
"3068","Callinectes","MT",2022,2938.75139672474,2938.75060593786,0,0.0840106426613715,6400.32839647198,-80.9300140769694,1.31258575104893e-05,-839510.962995244,2037.77702179424,2037.76988545815,115.714002833463,0.0417766469220308,4553.81353589063,-49.0405247328896,9.41307803349002e-06,-708654.075537988,4120.70837245383,4118.33421495861,0.00149309600258354,1.22811015104555,8971.03936722935,-983.380267950346,0.000136849389866456,-975097.705621392,"No MPA"
"3069","Callinectes","MT",2023,2938.71246012615,2938.70405169235,0,0.0228660230262255,6400.29712201515,-22.0233935753764,3.57264037640582e-06,-839452.056374742,2090.88467810333,2090.8877564021,8.19635252789137,0.011654845287812,4562.001311872,-13.3324086416256,2.55935973960544e-06,-708618.367421896,4119.05507587567,4117.39821633663,1.46863216826488e-05,0.332780574463447,8969.04974180216,-266.455620436754,3.70963075416088e-05,-974380.780973878,"No MPA"
"3070","Callinectes","MT",2024,2938.6981004511,2938.68741713389,0,0.00622496491182635,6400.28021373303,-5.99440190830516,9.72606912616368e-07,-839436.027383075,2094.64409759037,2094.64259805542,0.372514927336836,0.00317486841748077,4562.36915239597,-3.62499847861526,6.95937604765236e-07,-708608.660011733,4118.1415388395,4117.04656398568,0,0.0902272040071034,8967.86453974435,-72.2291921609056,1.0060068215632e-05,-974186.554545603,"No MPA"
"3071","Callinectes","MT",2025,2938.69033700894,2938.68044346655,0,0.00169500071468739,6400.26862518992,-1.63190137441804,2.6483248135971e-07,-839431.664882541,2094.81299166333,2094.81361970637,0.0203641150111212,0.00086345322105317,4562.3892811008,-0.985704588064032,1.89255454169766e-07,-708606.020717843,4117.59735300413,4116.89160320802,0,0.0244756601482952,8967.13431428809,-19.5876814187708,2.72930081096475e-06,-974133.91303486,"No MPA"
"3072","Callinectes","MT",2026,2938.68501612633,2938.6770705349,0,0.000461624001245502,6400.26021797449,-0.44435268257338,7.21257577576792e-08,-839430.477333849,2094.82223376343,2094.8220052149,0.00130252741143293,0.000234832294114748,4562.3901202474,-0.268055595388544,5.14713403579061e-08,-708605.30306885,4117.26206979456,4116.80861534467,0,0.00664247492221273,8966.67421736327,-5.31414659025597,7.40763965688792e-07,-974119.639500032,"No MPA"
"3073","Callinectes","MT",2027,2938.68115595117,2938.67526262285,0,0.000125745267922883,6400.25419890091,-0.121017156956248,1.96469048727492e-08,-839430.153998324,2094.8226190578,2094.82257067647,0.000448370392316547,6.38724801027036e-05,4562.39045636398,-0.0729024209327133,1.39997849184433e-08,-708605.107915676,4117.05081617099,4116.75865757822,0,0.00180348769744437,8966.38025528281,-1.44232119789812,2.01133267447256e-07,-974115.767674639,"No MPA"
"3074","Callinectes","MT",2028,2938.67839229195,2938.67422577229,0,3.42593417525979e-05,6400.24999812191,-0.0329648193070294,5.35281042892074e-09,-839430.065945986,2094.82277338582,2094.82281511363,0.000102353296713121,1.73743411635932e-05,4562.39058307075,-0.0198288641008613,3.80816621830017e-09,-708605.054842119,4116.91584340473,4116.72641480819,0,0.000489865766432368,8966.1903368205,-0.391621075001481,5.46337697633824e-08,-974114.716974517,"No MPA"
"3075","Callinectes","MT",2029,2938.67646350317,2938.67360263167,0,9.33576221149387e-06,6400.24712791465,-0.00898128380928549,1.45865600687943e-09,-839430.04196245,2094.82283156327,2094.82277152865,8.97842365998189e-08,4.72651856015672e-06,4562.3905183994,-0.00539376932250845,1.03597411818942e-09,-708605.040407024,4116.828642293,4116.70473819524,0,0.000133111748005848,8966.066299611,-0.10637591768198,1.48459892901472e-08,-974114.431729359,"No MPA"
"3076","Callinectes","MT",2030,2938.67514564676,2938.67321426619,0,2.54450461609028e-06,6400.24519398957,-0.0024474252834208,3.97563516747362e-10,-839430.035428592,2094.8228018694,2094.82278233561,0,1.2859162169243e-06,4562.39049757969,-0.00146732182823256,2.81851413622663e-10,-708605.036480576,4116.77169057576,4116.68978575981,0,3.61848544824197e-05,8965.98435861019,-0.0289062196117382,4.03575963346888e-09,-974114.354259661,"No MPA"
"3077","Callinectes","MT",2031,2938.67425768455,2938.67296467178,0,6.93647262093127e-07,6400.24390028316,-0.000667057207611767,1.08378235981213e-10,-839430.033648224,2094.82279231002,2094.82278661233,0,3.49882408128745e-07,4562.39049153211,-0.000399205659935441,7.6688395775356e-11,-708605.03541246,4116.73406734377,4116.67928696153,0,9.84021905882267e-06,8965.92956838774,-0.00785791721872566,1.09750630158877e-09,-974114.333211359,"No MPA"
"3078","Callinectes","MT",2032,2938.67366367891,2938.67279992852,0,1.89127789451847e-07,6400.24303634364,-0.000181843857452324,2.95500914968566e-11,-839430.03316301,2094.82278953328,2094.8227895547,0,9.52071320504344e-08,4562.39049145833,-0.000108619081421038,2.0867817481258e-11,-708605.035121874,4116.70891039878,4116.67181765628,0,2.67699084148262e-06,8965.89247296825,-0.00213692451442533,2.98573799560772e-10,-974114.327490366,"No MPA"
"3079","Callinectes","MT",2033,2938.67326700086,2938.67268867056,0,5.15765760153064e-08,6400.24245796176,-4.95810120695871e-05,8.05853406665025e-12,-839430.033030748,2094.8227894994,2094.82279154315,0,2.59092364024271e-08,4562.39049347616,-2.95565338557325e-05,5.67887304949885e-12,-708605.035042811,4116.6918780272,4116.66644933346,0,7.28534429363737e-07,8965.86704354598,-0.000581344883617335,8.12562226818593e-11,-974114.325934786,"No MPA"
"3080","Callinectes","MT",2034,2938.67300143667,2938.67261207259,0,1.40679042126358e-08,6400.24206858362,-1.35211180271548e-05,2.19802677581293e-12,-839430.032994688,2094.82279042589,2094.82279289738,0,7.05143176529696e-09,4562.3904959406,-8.0433808519086e-06,1.54555638661484e-12,-708605.035021298,4116.6802021013,4116.66255981852,0,1.98340482199236e-07,8965.84940106486,-0.000158211770306707,2.21217312972365e-11,-974114.325511653,"No MPA"
"3081","Callinectes","MT",2035,2938.67282265359,2938.67255849494,0,3.83782585109766e-09,6400.24180442113,-3.68798831373543e-06,5.99637610979961e-13,-839430.032984855,2094.82279155744,2094.82279383347,0,1.91927572505269e-09,4562.39049821471,-2.18907845575731e-06,4.20673269151316e-13,-708605.035015444,4116.67210155147,4116.65972343072,0,5.40166712554015e-08,8965.83702289009,-4.3072618431853e-05,6.02471353414975e-12,-974114.325396514,"No MPA"
"3082","Callinectes","MT",2036,2938.67270136331,2938.67252053478,0,1.04717511370557e-09,6400.24162359155,-1.00610990100649e-06,1.63614930130082e-13,-839430.032982173,2094.82279260159,2094.82279449035,0,5.22437813500198e-10,4562.39050010294,-5.95828659754592e-07,1.145096663049e-13,-708605.035013851,4116.66641810928,4116.65764408168,0,1.47162296591938e-08,8965.82824884777,-1.17305550790782e-05,1.64136712251937e-12,-974114.325365172,"No MPA"
"3083","Callinectes","MT",2037,2938.67261833536,2938.67249336017,0,2.85779294072548e-10,6400.24149861607,-2.74523475754008e-07,4.4651328993171e-14,-839430.032981441,2094.82279346858,2094.82279495732,0,1.42222662298358e-10,4562.39050159155,-1.62187963929878e-07,3.11728385142861e-14,-708605.035013417,4116.66238950546,4116.6561130669,0,4.01064960599665e-09,8965.82197240521,-3.19586107083787e-06,4.47326177172638e-13,-974114.325356637,"No MPA"
"3084","Callinectes","MT",2038,2938.67256095284,2938.67247374396,0,7.80043466352022e-11,6400.2414114071,-7.49188232555208e-08,1.21877192755654e-14,-839430.032981242,2094.82279415207,2094.82279529282,0,3.87203939631092e-11,4562.39050273225,-4.41522482048278e-08,8.48686537236852e-15,-708605.035013299,4116.65950767521,4116.65498168182,0,1.09340098732609e-09,8965.81744641072,-8.70976575908478e-07,1.21952120100119e-13,-974114.325354313,"No MPA"
"3085","Callinectes","MT",2039,2938.67252091082,2938.672459488,0,2.12952447675116e-11,6400.24134998426,-2.04493260758463e-08,3.32725649013266e-15,-839430.032981187,2094.82279467583,2094.82279553587,0,1.05425892038305e-11,4562.39050359229,-1.20205346789318e-08,2.31075993988848e-15,-708605.035013267,4116.65742956365,4116.65414303814,0,2.98186472960351e-10,8965.81415988491,-2.37449640645915e-07,3.32581469973025e-14,-974114.325353679,"No MPA"
"3086","Callinectes","MT",2040,2938.67249270851,2938.67244907027,0,5.81462134593144e-12,6400.24130634602,-5.58268133411079e-09,9.08500325072542e-16,-839430.032981172,2094.82279507071,2094.82279571312,0,2.87072203435233e-12,4562.3905042347,-3.2728891968226e-09,6.29214450646798e-16,-708605.035013258,4116.65592055447,4116.65351975042,0,8.1346208813622e-11,8965.81175908078,-6.47560292374002e-08,9.07293053481901e-15,-974114.325353506,"No MPA"
"3087","Callinectes","MT",2041,2938.672472672,2938.67244142253,0,1.58794107431152e-12,6400.24127509655,-1.52433929331193e-09,2.48106438252692e-16,-839430.032981168,2094.82279536567,2094.82279584307,0,7.8175582721013e-13,4562.3905047121,-8.91199965196639e-10,1.71347855139707e-16,-708605.035013256,4116.65481822462,4116.65305545914,0,2.21985585402098e-11,8965.80999631528,-1.76656551287191e-08,2.47591173830865e-15,-974114.325353459,"No MPA"
"3088","Callinectes","MT",2042,2938.67245832379,2938.67243578673,0,4.33731170111441e-13,6400.24125255948,-4.16288670808277e-10,6.77679405343795e-17,-839430.032981167,2094.82279558487,2094.82279593875,0,2.129055678651e-13,4562.39050506598,-2.42691823717723e-10,4.66653539729331e-17,-708605.035013255,4116.65400885038,4116.65270891431,0,6.05964937614209e-12,8965.8086963792,-4.82078009253346e-09,6.75861900300701e-16,-974114.325353446,"No MPA"
"3089","Callinectes","MT",2043,2938.67244797589,2938.67243162005,0,1.18489359123625e-13,6400.24123620364,-1.13705335851855e-10,1.85132644929671e-17,-839430.032981167,2094.82279574736,2094.82279600945,0,5.79880623835637e-14,4562.39050532807,-6.60953698596909e-11,1.27100173295515e-17,-708605.035013255,4116.65341198439,4116.65244979853,0,1.6546368005546e-12,8965.80773419334,-1.31595223857894e-09,1.84549643813765e-16,-974114.325353443,"No MPA"
"3090","Callinectes","MT",2044,2938.6724404661,2938.67242853091,0,3.23749930838504e-14,6400.24122426844,-3.1062725830104e-11,5.05840200230227e-18,-839430.032981167,2094.82279586769,2094.82279606184,0,1.57952184933835e-14,4562.39050552221,-1.80020770185739e-11,3.46204878230794e-18,-708605.035013255,4116.6529701965,4116.65225575031,0,4.51947032154255e-13,8965.80701974716,-3.59331568790991e-10,5.04078434072954e-17,-974114.325353442,"No MPA"
"3091","Callinectes","MT",2045,2938.67243498606,2938.67242623507,0,8.84730056859988e-15,6400.24121551746,-8.48730674138147e-12,1.38233861172933e-18,-839430.032981167,2094.82279595684,2094.82279610076,0,4.30276783500846e-15,4562.39050566614,-4.90353924823212e-12,9.4309503533304e-19,-708605.035013255,4116.65264215835,4116.65211022576,0,1.23480763694933e-13,8965.80648781457,-9.81477345469608e-11,1.37724092703255e-17,-974114.325353442,"No MPA"
"3092","Callinectes","MT",2046,2938.67243096804,2938.67242452517,0,2.41814191333433e-15,6400.24120907459,-2.31937513326776e-12,3.77820433936914e-19,-839430.032981167,2094.82279602292,2094.82279612974,0,1.17220938683148e-15,4562.39050577296,-1.33577075638011e-12,2.56928771304365e-19,-708605.035013255,4116.65239792136,4116.6520009525,0,3.37470050549676e-14,8965.8060908457,-2.68158817718422e-11,3.76396759218678e-18,-974114.325353441,"No MPA"
"3093","Callinectes","MT",2047,2938.6724280098,2938.67242324927,0,6.61031006217548e-16,6400.24120431406,-6.33931015077384e-13,1.03282202127373e-19,-839430.032981167,2094.82279607197,2094.82279615136,0,3.19372303007261e-16,4562.39050585236,-3.63905997087394e-13,7.00010888158633e-20,-708605.035013255,4116.652215653,4116.65191880558,0,9.22555718781837e-15,8965.80579399828,-7.32871845198885e-12,1.02897130439694e-18,-974114.325353441,"No MPA"
"3094","Callinectes","MT",2048,2938.672425824,2938.6724222956,0,1.80729919481642e-16,6400.24120078566,-1.73293409654477e-13,2.8237985680935e-20,-839430.032981167,2094.82279610842,2094.82279616752,0,8.70209549386309e-17,4562.39050591146,-9.91473858432252e-14,1.90735437545309e-20,-708605.035013255,4116.65207935543,4116.65185698626,0,2.52271806391197e-15,8965.80557162912,-2.00348191118932e-12,2.81371035904889e-19,-974114.325353441,"No MPA"
"3095","Callinectes","MT",2049,2938.67242420393,2938.6724215817,0,4.94203241249239e-17,6400.24119816343,-4.73794779703697e-14,7.72163463447348e-21,-839430.032981167,2094.82279613556,2094.82279617961,0,2.37129039707137e-17,4562.39050595551,-2.70151798210252e-14,5.1974735481299e-21,-708605.035013255,4116.65197725457,4116.65181041971,0,6.90018769571642e-16,8965.80540479426,-5.4784985583901e-13,7.69611569277346e-20,-974114.325353441,"No MPA"
"3096","Callinectes","MT",2050,2938.67242299993,2938.67242104656,0,1.35159807370996e-17,6400.24119621006,-1.29558468579567e-14,2.11179240260276e-21,-839430.032981167,2094.82279615579,2094.82279618868,0,6.46218972871464e-18,4562.3905059884,-7.36154142747572e-15,1.41640434335448e-21,-708605.035013255,4116.6519006523,4116.65177531161,0,1.88784585938238e-16,8965.80527945356,-1.49848965771945e-13,2.10560655084911e-20,-974114.325353441,"No MPA"
"3097","Callinectes","MT",2051,2938.67242210304,2938.67242064492,0,3.69704816432919e-18,6400.24119475194,-3.54329882972874e-15,5.77642006135565e-22,-839430.032981167,2094.82279617089,2094.82279619548,0,1.76119924434171e-18,4562.39050601299,-2.00615148015755e-15,3.86025536838646e-22,-708605.035013255,4116.65184310209,4116.65174882086,0,5.16634015111452e-17,8965.80518517234,-4.09976898172492e-14,5.76227119606969e-21,-974114.325353441,"No MPA"
"3098","Callinectes","MT",2052,2938.67242143354,2938.67242034313,0,1.01141025125898e-18,6400.24119366153,-9.6920428438893e-16,1.58026896250172e-22,-839430.032981167,2094.82279618218,2094.82279620059,0,4.80032738249082e-19,4562.3905060314,-5.46754679015868e-16,1.05215179984358e-22,-708605.035013255,4116.65179981284,4116.65172881726,0,1.41418990325172e-17,8965.80511417676,-1.12195607980771e-14,1.57731500300017e-21,-974114.325353441,"No MPA"
"3099","Callinectes","MT",2053,2938.67242093288,2938.67242011614,0,2.76734573722923e-19,6400.24119284479,-2.65147519168511e-16,4.32381476493436e-23,-839430.032981167,2094.82279619063,2094.82279620443,0,1.30847840893353e-19,4562.3905060452,-1.49023539818273e-16,2.86796671000377e-23,-708605.035013255,4116.6517672152,4116.65171370165,0,3.87202549819856e-18,8965.80506066321,-3.07114694393996e-15,4.3186590037303e-22,-974114.325353441,"No MPA"
"3100","Callinectes","MT",2054,2938.67242055788,2938.67241994524,0,7.57290393032803e-20,6400.24119223215,-7.25476982381324e-17,1.18322164777081e-23,-839430.032981167,2094.82279619697,2094.82279620732,0,3.56693631070005e-20,4562.39050605555,-4.06209970148098e-17,7.81813022356116e-24,-708605.035013255,4116.65174264444,4116.65170227218,0,1.06040540952297e-18,8965.80502029095,-8.40874294357466e-16,1.18272191102619e-22,-974114.325353441,"No MPA"
"3101","Callinectes","MT",2055,2938.67242027658,2938.67241981646,0,2.07263850196977e-20,6400.24119177203,-1.98528410022233e-17,3.23837561697729e-24,-839430.032981167,2094.82279620172,2094.8227962095,0,9.72426962213856e-21,4562.39050606333,-1.10733588142749e-17,2.13139791721725e-24,-708605.035013255,4116.6517241075,4116.65169362468,0,2.90473460835177e-19,8965.80498980813,-2.30284551639499e-16,3.23979230172718e-23,-974114.325353441,"No MPA"
"3102","Callinectes","MT",2056,2938.67242006532,2938.67241971934,0,5.67343254924374e-21,6400.24119142605,-5.43355138493737e-18,8.86440429235297e-25,-839430.032981167,2094.82279620529,2094.82279621114,0,2.6512533039012e-21,4562.39050606918,-3.01884635308545e-18,5.8111056043487e-25,-708605.035013255,4116.65171011131,4116.6516870783,0,7.9586493865153e-20,8965.80496677512,-6.30811106697533e-17,8.8766701880792e-24,-974114.325353441,"No MPA"
"3103","Callinectes","MT",2057,2938.67241990646,2938.67241964604,0,1.55320430670749e-21,6400.24119116562,-1.48732580516149e-18,2.42679027282318e-25,-839430.032981167,2094.82279620798,2094.82279621238,0,7.2289928777653e-22,4562.39050607358,-8.23067096921366e-19,1.58447482041461e-25,-708605.035013255,4116.6516995357,4116.65168211989,0,2.18106348721787e-20,8965.80494935931,-1.72835219781052e-17,2.43264658923584e-24,-974114.325353441,"No MPA"
"3104","Callinectes","MT",2058,2938.67241978689,2938.67241959068,0,4.25275897794803e-22,6400.24119096941,-4.07182217489633e-19,6.64468549063152e-26,-839430.032981167,2094.82279621,2094.82279621332,0,1.97122619882526e-22,4562.3905060769,-2.24420132652162e-19,4.32059946688278e-26,-708605.035013255,4116.65169153922,4116.65167836236,0,5.97848218498044e-21,8965.80493618245,-4.7365397045541e-18,6.66809307000103e-25,-974114.325353441,"No MPA"
"3105","Callinectes","MT",2059,2938.6724196968,2938.67241954884,0,1.16458606620904e-22,6400.24119082145,-1.11488734848482e-19,1.81959715495136e-26,-839430.032981167,2094.82279621152,2094.82279621402,0,5.37560026810459e-23,4562.3905060794,-6.11956399055283e-20,1.17824203363227e-26,-708605.035013255,4116.65168548906,4116.65167551353,0,1.6390982573946e-21,8965.80492620691,-1.29832618184258e-18,1.8281663153074e-25,-974114.325353441,"No MPA"
"3106","Callinectes","MT",2060,2938.67241962886,2938.67241951719,0,3.18955569755412e-23,6400.24119070978,-3.0530351666072e-20,4.98349296918411e-27,-839430.032981167,2094.82279621267,2094.82279621456,0,1.46605092396144e-23,4562.39050608129,-1.66882572116175e-20,3.21333941495785e-27,-708605.035013255,4116.65168090879,4116.65167335269,0,4.49477771626958e-22,8965.80491865081,-3.55957267994082e-19,5.013245049679e-26,-974114.325353441,"No MPA"
"3107","Callinectes","MT",2061,2938.67241957759,2938.67241949325,0,8.73666578520263e-24,6400.24119062545,-8.36161962885993e-21,1.3650525855001e-27,-839430.032981167,2094.82279621354,2094.82279621496,0,3.99854948266344e-24,4562.39050608272,-4.55127496170977e-21,8.76415439961506e-28,-708605.035013255,4116.65167743941,4116.651671713,0,1.23281650585587e-22,8965.8049129244,-9.76115245493641e-20,1.37502044383244e-26,-974114.325353441,"No MPA"
"3108","Callinectes","MT",2062,2938.67241953887,2938.67241947513,0,2.39341131866947e-24,6400.24119056171,-2.29037154540471e-21,3.73956425607077e-28,-839430.032981167,2094.82279621419,2094.82279621527,0,1.09065392782438e-24,4562.39050608379,-1.24132783153409e-21,2.39053173192932e-28,-708605.035013255,4116.65167481013,4116.65167046828,0,3.38199925196539e-23,8965.80490858256,-2.67726473529701e-20,3.77210890133252e-27,-974114.325353441,"No MPA"
"3109","Callinectes","MT",2063,2938.6724195096,2938.6724194614,0,6.5575891704026e-25,6400.2411905135,-6.2744773756677e-22,1.02458469535069e-28,-839430.032981167,2094.82279621469,2094.8227962155,0,2.97510486536896e-25,4562.39050608461,-3.38587550573001e-22,6.52093428083756e-29,-708605.035013255,4116.65167281657,4116.65166952303,0,9.27964409188888e-24,8965.80490528902,-7.34457017314794e-21,1.03500401653907e-27,-974114.325353441,"No MPA"
"3110","Callinectes","MT",2064,2938.67241948747,2938.67241945099,0,1.79690650628745e-25,6400.24119047703,-1.71911299023595e-22,2.80756061029519e-29,-839430.032981167,2094.82279621506,2094.82279621568,0,8.11611419479988e-26,4562.39050608522,-9.23605044060375e-23,1.7789170357022e-29,-708605.035013255,4116.65167130434,4116.65166880495,0,2.54665329780241e-24,8965.80490278963,-2.01522804028206e-21,2.8404067729603e-28,-974114.325353441,"No MPA"
"3111","Callinectes","MT",2065,2938.67241947072,2938.6724194431,0,4.92447958408834e-26,6400.24119044941,-4.71070272465984e-23,7.6942093860705e-30,-839430.032981167,2094.82279621534,2094.82279621581,0,2.21423811586037e-26,4562.39050608569,-2.51960329054021e-23,4.8532411088158e-30,-708605.035013255,4116.65167015675,4116.65166825926,0,6.99015830812837e-25,8965.80490089215,-5.53047841671012e-22,7.79646488398753e-29,-974114.325353441,"No MPA"
"3112","Callinectes","MT_20",2015,981.221657698713,981.221657698713,1830.34983175767,306.944752763666,3660.443296994,-887078.826428247,0.143630914121381,-1878864.08150639,101.075144076173,101.075144076173,203.240398369756,22.9687684169865,400.406850252769,-544474.919473371,0.104339361896223,-1394026.64712652,1369.5759205182,1369.5759205182,3162.68645311219,4079.46890085094,2066.06659726125,-9848213.49212369,1.36764175434528,-10982416.0564242,"No MPA"
"3113","Callinectes","MT_20",2016,1680.69349885094,1680.69047420385,2253.83846258006,168.8545387901,5745.42419613686,-284820.161219787,0.0461309895217558,-1276605.41629793,183.846910200154,183.846756234201,356.934853319756,13.6038937194583,743.737655887114,-177275.642620555,0.0339755171619253,-1026827.37027371,948.635019441953,948.576804849271,2457.7068622259,888.938933229722,3634.77631166475,-3102002.8383335,0.430928087326887,-4236205.40263406,"No MPA"
"3114","Callinectes","MT_20",2017,2638.01302495738,2637.93460655432,1644.43168598248,85.1379782073349,7304.63948550895,-91462.7916294123,0.0148191239172582,-1083248.04670755,341.487339559834,341.483210449247,617.915570054123,8.22873904876938,1353.42035778188,-57723.2447203332,0.0110642584037289,-907274.972373485,1668.90849581226,1667.40734838004,3516.63555851373,492.785766512258,6657.124956234,-977318.511965163,0.135834672601916,-2111521.07626572,"No MPA"
"3115","Callinectes","MT_20",2018,3353.92713358698,3353.74945676395,290.706551419904,34.77968131808,7560.38867878775,-29377.9178417536,0.00476141435093355,-1021163.17291989,621.423311871684,621.405406100021,978.795829691441,4.87684816117128,2327.32143354049,-18796.5499213465,0.00360343898364052,-868348.277574499,3056.62066782158,3052.11364171919,3594.88272975176,284.716339036616,9962.78432084675,-308012.02927387,0.0428342396446917,-1442214.59357443,"No MPA"
"3116","Callinectes","MT_20",2019,3471.35444268723,3471.32339877203,0,11.5684121073888,7548.78922276516,-9438.99441537078,0.00153013817975521,-1001224.24949351,1068.59024596833,1068.5446751473,1283.01929225885,2.73147992360477,3607.5636750547,-6121.06445504582,0.00117368376031766,-855672.792108198,4574.41503116627,4569.54578016612,723.730194861933,134.579703316356,10547.0655613922,-97110.5988427362,0.0135127942931008,-1231313.1631433,"No MPA"
"3117","Callinectes","MT_20",2020,3466.0285494154,3466.03158381264,9.15013295572566,3.71260448534402,7554.22978563278,-3033.3379720304,0.000491819497148914,-994818.593050169,1656.41380658305,1656.34045971002,1173.51810337152,1.37921703094427,4779.62921452225,-1993.42696645472,0.000382317707186169,-851545.154619607,4842.68791584439,4844.5167264281,0,44.985145466813,10503.9092265091,-30634.1796380313,0.00426449015969394,-1164836.74393859,"No MPA"
"3118","Callinectes","MT_20",2021,3468.52658528149,3468.51418361688,2.66148036341825,1.19440802461092,7555.68445630697,-974.97999058042,0.000158110554712964,-992760.235068719,2194.56800611074,2194.50792479887,565.895883439735,0.595291148616881,5344.86972550149,-649.259342052423,0.000124548021050447,-850200.986995205,4822.87267337585,4825.22994220341,0,14.142287208717,10492.1242081279,-9667.83647175697,0.00134633920674152,-1143870.40077232,"No MPA"
"3119","Callinectes","MT_20",2022,3469.19449770267,3469.18958574377,0.939599629916174,0.384120464184797,7556.2350235138,-313.437370987152,5.08388336923198e-05,-992098.692449126,2454.09833481988,2454.09001965741,99.5191166448945,0.216882500018155,5444.1636444839,-211.496841950474,4.05776893429048e-05,-849763.224495103,4817.46157909847,4819.39416705461,0,4.46134312691975,10489.5954529571,-3052.22799597594,0.000425212329932418,-1137254.79229654,"No MPA"
"3120","Callinectes","MT_20",2023,3469.44729077994,3469.4591529852,0.322481551562063,0.123542364392733,7556.44582490623,-100.782580008054,1.63496868490322e-05,-991886.037658147,2499.68916373566,2499.69346582032,5.94453083625984,0.0719790429240094,5450.0404983619,-68.9048309234832,1.32213266270928e-05,-849620.632484076,4816.30050049927,4817.60745306524,0,1.40919537042729,10489.4932101527,-963.980817607192,0.000134344418129123,-1135166.54511817,"No MPA"
"3121","Callinectes","MT_20",2024,3469.5440802945,3469.51830208614,0.12003078754458,0.0397391884463534,7556.50033829696,-32.4115145679523,5.25898549918952e-06,-991817.666592706,2502.38752273347,2502.38486772612,0.297079940130501,0.0234800748319664,5450.31144321984,-22.4510736620304,4.30823839625916e-06,-849574.178726814,4816.25355568882,4817.05276122781,0,0.445392071186693,10489.8470236205,-304.566527178405,4.24613874366504e-05,-1134507.13082774,"No MPA"
"3122","Callinectes","MT_20",2025,3469.56911013214,3469.58699567525,0.0264701873325623,0.0127847710386047,7556.53190925637,-10.4253791489392,1.69189222177389e-06,-991795.680457287,2502.51192713599,2502.51314799565,0.036417374448276,0.00765213355020011,5450.3414293204,-7.31579950084861,1.4039810577054e-06,-849559.043452653,4816.41600923526,4816.87956345634,0,0.140829145410508,10490.1697486961,-96.2624067561544,1.34254172858314e-05,-1134298.82670732,"No MPA"
"3123","Callinectes","MT_20",2026,3469.58360594642,3469.56707742455,0,0.00411380384854482,7556.51126693065,-3.35399628713803,5.44403732855348e-07,-991788.609074426,2502.52569526192,2502.52512875269,0.00756764843336692,0.00249392377133052,5450.34593653583,-2.38409366949497,4.57572020279273e-07,-849554.111746822,4816.56418853831,4816.82763134577,0,0.0445449357651342,10490.3886465678,-30.4361923046635,4.24637826453578e-06,-1134233.00049287,"No MPA"
"3124","Callinectes","MT_20",2027,3469.57412801716,3469.56688297415,0,0.00132393894907248,7556.50269794869,-1.0792224694605,1.75205062801327e-07,-991786.334300608,2502.52776475106,2502.52796329177,0.00323121441718674,0.0008128647356672,5450.34855342622,-0.777000907795764,1.49140027971217e-07,-849552.50465406,4816.66469555345,4816.81528365879,0,0.0140946663870489,10490.5251400068,-9.62678335629775,1.34358450663597e-06,-1134212.19108392,"No MPA"
"3125","Callinectes","MT_20",2028,3469.57019356685,3469.56801215492,0,0.000426157021930876,7556.50009037974,-0.347325393365429,5.63960679468947e-08,-991785.602403532,2502.52896629697,2502.52891852494,0.000815491585648607,0.000264965701212941,5450.34905618007,-0.253253983968673,4.86144505740267e-08,-849551.980907136,4816.72736655171,4816.81585231563,0,0.00446129543951217,10490.6091644753,-3.04598320002294,4.25270064892512e-07,-1134205.61028376,"No MPA"
"3126","Callinectes","MT_20",2029,3469.56899630088,3469.5692224667,0,0.000137197986957252,7556.50017934758,-0.111799203599351,1.81562878141878e-08,-991785.366877342,2502.52919713653,2502.52913462996,0.000300848586004675,8.63767999126832e-05,5450.34920814529,-0.0825519711452791,1.58479391410975e-08,-849551.810205123,4816.76594640842,4816.82022827585,0,0.00141259050105258,10490.6620337522,-0.96411164303702,1.346530504535e-07,-1134203.5284122,"No MPA"
"3127","Callinectes","MT_20",2030,3469.56903715049,3469.57022374509,0,4.41775340464021e-05,7556.50132176465,-0.0359929085806534,5.84629573014735e-09,-991785.291071047,2502.5292669114,2502.52929010899,0.000111396361193797,2.8160517591116e-05,5450.34931457872,-0.0269113113326888,5.16673639549064e-09,-849551.754564464,4816.79022135078,4816.8252116857,0,0.000447424396324928,10490.6965766627,-0.305266191998057,4.26498124883919e-08,-1134202.86956675,"No MPA"
"3128","Callinectes","MT_20",2031,3469.56956169158,3469.57099260627,0,1.42275513340502e-05,7556.50273845178,-0.0115896591794817,1.8828225997699e-09,-991785.266667798,2502.52931578034,2502.52929330338,1.94316201056072e-05,9.18163640305146e-06,5450.34930235174,-0.00877361090759716,1.68459595359262e-09,-849551.736426763,4816.8060817372,4816.8297162852,0,0.00014176520991829,10490.7200694455,-0.0966895720213217,1.35134284714213e-08,-1134202.66099013,"No MPA"
"3129","Callinectes","MT_20",2032,3469.57021216385,3469.57156843528,0,4.5828238747987e-06,7556.50409014038,-0.00373249545207879,6.06474192831847e-10,-991785.258810634,2502.52931016632,2502.52931525316,2.55283989555144e-06,2.99388638217808e-06,5450.34930699754,-0.00286060450969668,5.49301744827757e-10,-849551.730513757,4816.81686845457,4816.83344797836,0,4.49329097309236e-05,10490.7366040364,-0.0306357176578108,4.28311133410395e-09,-1134202.59493628,"No MPA"
"3130","Callinectes","MT_20",2033,3469.57083279203,3469.5719964206,0,1.47641977560824e-06,7556.50525229253,-0.00120227055197945,1.95383971534864e-10,-991785.256280409,2502.52931229944,2502.5293137708,0,9.76306434734214e-07,5450.3493074926,-0.000932766723727896,1.79127314548348e-10,-849551.728585919,4816.8244603163,4816.83640981102,0,1.42463089243803e-05,10490.7485392848,-0.00971005912188924,1.35798959413361e-09,-1134202.57401062,"No MPA"
"3131","Callinectes","MT_20",2034,3469.57136639449,3469.57231414832,0,4.75728956786675e-07,7556.50619957063,-0.000387327932597896,6.29562134498938e-11,-991785.255465466,2502.52931252674,2502.5293136202,0,3.18399538999534e-07,5450.34930826766,-0.000304175255030045,5.8418189557101e-11,-849551.727957328,4816.82994038874,4816.8387056049,0,4.51836235303581e-06,10490.7572999826,-0.00307864031726964,4.30699747956846e-10,-1134202.5673792,"No MPA"
"3132","Callinectes","MT_20",2035,3469.57180133748,3469.57255028947,0,1.53313968699152e-07,7556.50694836931,-0.000124803993932342,2.02890019272996e-11,-991785.255202942,2502.52931288261,2502.52931380891,0,1.0384700557286e-07,5450.34930909011,-9.91996544565352e-05,1.90532752488341e-11,-849551.727752352,4816.83396286543,4816.84046068754,0,1.43350269750126e-06,10490.7637963712,-0.000976421037199968,1.36644355402745e-10,-1134202.56527698,"No MPA"
"3133","Callinectes","MT_20",2036,3469.57214514859,3469.57272611347,0,4.94169139439517e-08,7556.50752928477,-4.02207873460133e-05,6.53965043747345e-12,-991785.255118359,2502.52931326024,2502.52931404582,0,3.38727626801183e-08,5450.34930984181,-3.23542775851e-05,6.21478748593712e-12,-849551.727685506,4816.83694568396,4816.84179141793,0,4.54938358765823e-07,10490.7686416502,-0.000309780592656558,4.3365610013356e-11,-1134202.56461034,"No MPA"
"3134","Callinectes","MT_20",2037,3469.57241187608,3469.57285727654,0,1.59309109588699e-08,7556.50797466931,-1.29641611003509e-05,2.10823729109706e-12,-991785.255091103,2502.52931360539,2502.52931425443,0,1.10494885067828e-08,5450.34931047981,-1.05533015624021e-05,2.02729914701686e-12,-849551.727663706,4816.83917039509,4816.84279552868,0,1.44424533163323e-07,10490.7722666394,-9.83123256535048e-05,1.37668211333691e-11,-1134202.56439887,"No MPA"
"3135","Callinectes","MT_20",2038,3469.5726163745,3469.57295529784,0,5.1366032826414e-09,7556.50831358751,-4.17935608942892e-06,6.79758864905446e-13,-991785.255082318,2502.52931389832,2502.5293144216,0,3.60469447628757e-09,5450.34931099948,-3.44254719957523e-06,6.61369440919608e-13,-849551.727656595,4816.84083480982,4816.84355112287,0,4.5862901478685e-08,10490.7749829066,-3.1210173263494e-05,4.37173743920735e-12,-1134202.56433177,"No MPA"
"3136","Callinectes","MT_20",2039,3469.57277198888,3469.57302866996,0,1.65646088298007e-09,7556.50857026693,-1.3475496156468e-06,2.19209827395773e-13,-991785.255079486,2502.52931413693,2502.52931455119,0,1.17605949709469e-09,5450.34931141256,-1.12306835430408e-06,2.15776903458553e-13,-849551.727654275,4816.84208198461,4816.84411891515,0,1.45684036044532e-08,10490.7770198226,-9.91097956434826e-06,1.38868707986703e-12,-1134202.56431047,"No MPA"
"3137","Callinectes","MT_20",2040,3469.57288984331,3469.57308367104,0,5.34263370703254e-10,7556.50876409413,-4.34560156399432e-07,7.07024104800847e-14,-991785.255078573,2502.5293143266,2502.52931465039,0,3.83728877089112e-10,5450.34931173597,-3.6640975054285e-07,7.04044557815158e-14,-849551.727653519,4816.84301723511,4816.84454534725,0,4.62903025593233e-09,10490.7785479301,-3.14823327329698e-06,4.41247608254889e-13,-1134202.56430371,"No MPA"
"3138","Callinectes","MT_20",2041,3469.57297883912,3469.5731249546,0,1.72344716153414e-10,7556.50891020944,-1.40160005236e-07,2.28074526926196e-14,-991785.255078279,2502.52931447509,2502.52931472595,0,1.2521427342608e-10,5450.3493119867,-1.19553477070657e-07,2.29736235724327e-14,-849551.727653272,4816.84371886607,4816.84486560472,0,1.47127350656209e-09,10490.7796946673,-1.00033364037814e-06,1.40244453937291e-13,-1134202.56430156,"No MPA"
"3139","Callinectes","MT_20",2042,3469.573045928,3469.5731559783,0,5.56042771005468e-11,7556.50902025968,-4.52133479901806e-08,7.35846113094932e-15,-991785.255078183,2502.52931459021,2502.52931478338,0,4.08617689756047e-11,5450.34931217983,-3.90114027373499e-08,7.49709177093314e-15,-849551.727653191,4816.84424539075,4816.84510619565,0,4.67756541618952e-10,10490.7805554717,-3.17942222271998e-07,4.45873953733535e-14,-1134202.56430088,"No MPA"
"3140","Callinectes","MT_20",2043,3469.5730964576,3469.57317931686,0,1.79425995655843e-11,7556.50910311893,-1.45873661678409e-08,2.37445618309199e-15,-991785.255078153,2502.52931467889,2502.529314827,0,1.33356523263854e-11,5450.34931232793,-1.27307764712264e-08,2.44675186168063e-15,-849551.727653165,4816.84464062933,4816.8452870274,0,1.4875346941848e-10,10490.7812018696,-1.01082183085602e-07,1.41794472492335e-14,-1134202.56430066,"No MPA"
"3141","Callinectes","MT_20",2044,3469.57313450244,3469.57319689118,0,5.79066914542573e-12,7556.50916550766,-4.70710671370533e-09,7.66315380082672e-16,-991785.255078143,2502.52931474689,2502.52931486012,0,4.35256173214946e-12,5450.34931244115,-4.15481789250336e-09,7.98583995764206e-16,-849551.727653156,4816.8449374231,4816.84542302579,0,4.73187035581718e-11,10490.7816874722,-3.21456203226338e-08,4.51050333242216e-15,-1134202.56430059,"No MPA"
"3142","Callinectes","MT_20",2045,3469.57316314824,3469.5732101368,0,1.8691219398619e-12,7556.50921249621,-1.51913869629211e-09,2.47352567029084e-16,-991785.25507814,2502.52931479888,2502.52931488526,0,1.42072161083155e-12,5450.34931252753,-1.35607174811296e-09,2.60666157229332e-16,-849551.727653154,4816.84516038768,4816.84552537429,0,1.50561799754851e-11,10490.7820524588,-1.02255698008154e-08,1.43518189837905e-15,-1134202.56430057,"No MPA"
"3143","Callinectes","MT_20",2046,3469.57318472305,3469.57322012815,0,6.03408307803498e-13,7556.50924790132,-4.90350142990923e-10,7.98527853054931e-17,-991785.255078139,2502.52931483854,2502.52931490434,0,4.63773790582545e-13,5450.34931259334,-4.42635982417354e-10,8.50906545598044e-17,-849551.727653153,4816.84532797137,4816.84560245179,0,4.79193280789958e-12,10490.7823269393,-3.25363969314637e-09,4.56775556324596e-16,-1134202.56430056,"No MPA"
"3144","Callinectes","MT_20",2047,3469.57320097931,3469.57322767055,0,1.94826921239396e-13,7556.50927459255,-1.58299649617379e-10,2.57826616560652e-17,-991785.255078139,2502.52931486875,2502.52931491883,0,1.51403661181235e-13,5450.34931264342,-1.44492042526556e-10,2.77787078401394e-17,-849551.727653152,4816.84545399913,4816.84566053796,0,1.52552156370304e-12,10490.7825334781,-1.03553638920065e-09,1.45415424343994e-16,-1134202.56430056,"No MPA"
"3145","Callinectes","MT_20",2048,3469.5732132346,3469.57323336828,0,6.29143833269797e-14,7556.50929472623,-5.11113831626012e-11,8.3258527238959e-18,-991785.255078139,2502.52931489175,2502.52931492983,0,4.94309895356892e-14,5450.3493126815,-4.71708938582573e-11,9.06932504693268e-18,-849551.727653152,4816.84554883149,4816.84570434176,0,4.85775325502547e-13,10490.7826889884,-3.29665108766212e-10,4.63049657129573e-17,-1134202.56430056,"No MPA"
"3146","Callinectes","MT_20",2049,3469.57322247898,3469.57323767535,0,2.0319521344579e-14,7556.5093099226,-1.65051170589926e-11,2.68900897915471e-18,-991785.255078139,2502.52931490923,2502.52931493818,0,1.6139674511019e-14,5450.34931271046,-1.54005784436353e-11,2.96121837062192e-18,-849551.727653152,4816.84562023407,4816.84573739667,0,1.54724753041539e-13,10490.782806151,-1.04976013561891e-10,1.47486376975583e-17,-1134202.56430056,"No MPA"
"3147","Callinectes","MT_20",2050,3469.5732294564,3469.5732409332,0,6.56355019850775e-15,7556.5093213994,-5.33067415980064e-12,8.68595528611355e-19,-991785.255078139,2502.52931492253,2502.52931494453,0,5.27014502771231e-15,5450.34931273246,-5.02843106510118e-12,9.66937112713511e-19,-849551.727653152,4816.84567402931,4816.84576235611,0,4.92934467216062e-14,10490.7828944778,-3.34360077177374e-11,4.69873865781385e-18,-1134202.56430056,"No MPA"
"3148","Callinectes","MT_20",2051,3469.57323472598,3469.57324339884,0,2.12043620671496e-15,7556.50933007227,-1.72189820695142e-12,2.80610546024244e-19,-991785.255078139,2502.52931493263,2502.52931494935,0,1.72100635062631e-15,5450.34931274918,-1.64195138859236e-12,3.15760743372155e-19,-849551.727653152,4816.84571458459,4816.84578121417,0,1.57080194683919e-14,10490.7829611074,-1.0652310080918e-11,1.49731622763148e-18,-1134202.56430056,"No MPA"
"3149","Callinectes","MT_20",2052,3469.57323870812,3469.57324526593,0,6.851283299221e-16,7556.50933663007,-5.56280547314066e-13,9.06673041738426e-20,-991785.255078139,2502.52931494031,2502.52931495301,0,5.62049122164035e-16,5450.34931276188,-5.36191841461024e-13,1.03121669807349e-19,-849551.727653152,4816.84574517758,4816.84579547059,0,5.00673228461589e-15,10490.7830114004,-3.39450178173595e-12,4.77250583029851e-19,-1134202.56430056,"No MPA"
"3150","Callinectes","MT_20",2053,3469.57324171914,3469.57324668049,0,2.21400300547504e-16,7556.50934159142,-1.79738282483982e-13,2.92992823385101e-20,-991785.255078139,2502.52931494614,2502.52931495579,0,1.83568327308397e-16,5450.34931277154,-1.75110425184711e-13,3.36801031960603e-20,-849551.727653152,4816.84576826963,4816.84580625418,0,1.59619470033202e-15,10490.7830493849,-1.08195444925309e-12,1.52152103289109e-19,-1134202.56430056,"No MPA"
"3151","Callinectes","MT_20",2054,3469.57324399715,3469.57324775271,0,7.15555464108302e-17,7556.50934534698,-5.80827094565179e-14,9.469391643174e-21,-991785.255078139,2502.52931495057,2502.52931495791,0,5.99587655241316e-17,5450.34931277887,-5.71920257104557e-14,1.10009032602063e-20,-849551.727653152,4816.84578571024,4816.8458144152,0,5.08995334845486e-16,10490.7830780899,-3.44937546375332e-13,4.85183358048502e-20,-1134202.56430056,"No MPA"
"3152","Callinectes","MT_20",2055,3469.57324572152,3469.57324856582,0,2.31295117595805e-17,7556.50934819128,-1.87720612807426e-14,3.06087251434727e-21,-991785.255078139,2502.52931495394,2502.52931495951,0,1.958568872852e-17,5450.34931278445,-1.86805823733209e-14,3.59347403341644e-21,-849551.727653152,4816.84579889013,4816.84582059455,0,1.62343945101839e-16,10490.7830997943,-1.0999385052806e-13,1.54749120150021e-20,-1134202.56430056,"No MPA"
"3153","Callinectes","MT_20",2056,3469.57324702748,3469.57324918268,0,7.47733684996349e-18,7556.50935034649,-6.06785404775966e-15,9.89522609636332e-22,-991785.255078139,2502.5293149565,2502.52931496074,0,6.39817365500224e-18,5450.34931278869,-6.10206144894021e-15,1.17390157727956e-21,-849551.727653152,4816.84580885572,4816.84582527565,0,5.17905695677315e-17,10490.7831162142,-3.50825132576119e-14,4.93676869258322e-21,-1134202.56430056,"No MPA"
"3154","Callinectes","MT_20",2057,3469.57324801704,3469.57324965087,0,2.41759748735342e-18,7556.50935198031,-1.96162327705142e-15,3.19935750128144e-22,-991785.255078139,2502.52931495845,2502.52931496167,0,2.09027768075242e-18,5450.34931279191,-1.99339677786885e-15,3.83512608237384e-22,-849551.727653152,4816.84581639493,4816.84582882336,0,1.65255357481465e-17,10490.7831286426,-1.11919378242184e-14,1.57524329357338e-21,-1134202.56430056,"No MPA"
"3155","Callinectes","MT_20",2058,3469.57324876721,3469.57325000634,0,7.81766161016192e-19,7556.50935321944,-6.34238579796419e-16,1.03455990669994e-22,-991785.255078139,2502.52931495993,2502.52931496238,0,6.8293992450747e-19,5450.34931279436,-6.51240966303275e-16,1.25302046770584e-22,-849551.727653152,4816.84582210145,4816.84583151327,0,5.27410387326669e-18,10490.7831380545,-3.57116691048627e-15,5.02736908064329e-22,-1134202.56430056,"No MPA"
"3156","Callinectes","MT_20",2059,3469.57324933616,3469.57325027633,0,2.52827795367614e-19,7556.50935415961,-2.0509049259947e-16,3.34582786243622e-23,-991785.255078139,2502.52931496105,2502.52931496291,0,2.23147154139397e-19,5450.34931279622,-2.12774819565107e-16,4.09418078242385e-23,-849551.727653152,4816.84582642289,4816.84583355361,0,1.68355811516905e-18,10490.7831451852,-1.1397334101235e-15,1.60479736642558e-22,-1134202.56430056,"No MPA"
"3157","Callinectes","MT_20",2060,3469.57324976784,3469.57325048147,0,8.17762331784185e-20,7556.50935487324,-6.63274770282634e-17,1.08219588365101e-23,-991785.255078139,2502.52931496191,2502.52931496332,0,7.29172541185111e-20,5450.34931279764,-6.95230923755091e-17,1.33784552023698e-23,-849551.727653152,4816.84582969696,4816.84583510185,0,5.3751663934434e-19,10490.7831505901,-3.63816768901051e-16,5.12370365401234e-23,-1134202.56430056,"No MPA"
"3158","Callinectes","MT_20",2061,3469.5732500955,3469.57325063738,0,2.64534902462526e-20,7556.50935541512,-2.14533818128571e-17,3.50075530961828e-24,-991785.255078139,2502.52931496256,2502.52931496364,0,2.38286332331485e-20,5450.34931279872,-2.27178922061501e-17,4.37194606540134e-24,-849551.727653152,4816.84583217862,4816.84583627712,0,1.71647774352737e-19,10490.7831546886,-1.16157301052946e-16,1.63617693635282e-23,-1134202.56430056,"No MPA"
"3159","Callinectes","MT_20",2062,3469.5732503443,3469.57325075592,0,8.55838296275956e-21,7556.50935582674,-6.93987488080706e-18,1.13258418142849e-24,-991785.255078139,2502.52931496305,2502.52931496387,0,7.78749180752315e-21,5450.34931279954,-7.42398116542607e-18,1.42880600133945e-24,-849551.727653152,4816.84583406045,4816.84583716958,0,5.48232823328205e-20,10490.7831577977,-3.70930697412501e-17,5.22585220992962e-24,-1134202.56430056,"No MPA"
"3160","Callinectes","MT_20",2063,3469.5732505333,3469.57325084607,0,2.76918885088929e-21,7556.50935613951,-2.24522761973667e-18,3.66464027303031e-25,-991785.255078139,2502.52931496343,2502.52931496405,0,2.5452209237828e-21,5450.34931280017,-2.42624878813962e-18,4.66983082681624e-25,-849551.727653152,4816.84583548801,4816.84583784752,0,1.75134072841143e-20,10490.7831601572,-1.18473067413139e-17,1.66940894885402e-24,-1134202.56430056,"No MPA"
"3161","Callinectes","MT_20",2064,3469.57325067691,3469.57325091465,0,8.96117225275087e-22,7556.50935637725,-7.26475938153147e-19,1.18588779956583e-25,-991785.255078139,2502.52931496372,2502.52931496419,0,8.31921880508176e-22,5450.34931280064,-7.92981788553407e-19,1.52636433513427e-25,-849551.727653152,4816.84583657138,4816.84583836266,0,5.59568444487256e-21,10490.7831619485,-3.78464585282096e-18,5.33390535239008e-25,-1134202.56430056,"No MPA"
"3162","Callinectes","MT_20",2065,3469.57325078607,3469.57325096683,0,2.90019862860762e-22,7556.50935655802,-2.35089637057759e-19,3.8380136804304e-26,-991785.255078139,2502.52931496394,2502.5293149643,0,2.71937159187258e-22,5450.34931280101,-2.591912138462e-19,4.98935285759738e-26,-849551.727653152,4816.84583739384,4816.84583875422,0,1.78817891294045e-21,10490.7831633089,-1.20922694137455e-18,1.70452375703125e-25,-1134202.56430056,"No MPA"
"3163","Callinectes","MT_40",2015,1199.46185454018,1199.46185454018,2213.7455512481,428.754094292218,4397.34291095588,-1014045.78245827,0.164125731871075,-2201965.31318195,87.1064874664477,87.1064874664477,176.255511035078,22.4033282195791,343.564559515499,-615751.678645036,0.11809102078251,-1602452.88104639,1640.98186083707,1640.98186083707,3817.27659378698,8149.87268812527,0,-16468058.8735749,2.28035194618821,-17869044.0674173,"No MPA"
"3164","Callinectes","MT_40",2016,2019.04114966923,2019.03621051666,2693.27331392058,277.530498264846,6813.08078745903,-389823.920595617,0.0631160193461995,-1577743.4513193,157.747757515456,157.747587880002,311.291210282656,15.3561319038737,639.499468258827,-233033.68579123,0.0446970678376028,-1219734.88819258,0,0,0,0,0,-6389478.62671861,0.885054895468844,-7790463.82056098,"No MPA"
"3165","Callinectes","MT_40",2017,3128.22782858898,3128.0989497494,2006.60557153056,165.391868584195,8654.16561156581,-149886.533240829,0.0242775050116109,-1337806.06396451,293.626348399901,293.621764130303,551.130464628047,10.8196233526456,1179.80572526463,-88200.0746578674,0.0169193669791631,-1074901.27705922,0,0,0,0,0,-2479897.6085791,0.343684046298138,-3880882.80242147,"No MPA"
"3166","Callinectes","MT_40",2018,3973.56240794183,3973.25589442857,451.793750174517,80.8303771417975,9024.82247108527,-57646.722678526,0.00934046984607498,-1245566.25340221,541.708107864355,541.687359920673,921.462976567836,7.5566066165841,2093.6913472722,-33385.0695714528,0.00640519383949325,-1020086.27197281,0,0,0,0,0,-962992.520447051,0.13352652755962,-2363977.71428942,"No MPA"
"3167","Callinectes","MT_40",2019,4143.74960210229,4143.65398049797,30.8749303085574,32.4388341471367,9023.16294564238,-22178.3241788093,0.00359443887338988,-1210097.85490249,961.318930647163,961.261775000745,1349.14628439245,5.0771582533453,3437.70331776488,-12637.5728600987,0.00242506764292098,-999338.775261453,0,0,0,0,0,-374137.376192424,0.0519030384604615,-1775122.57003479,"No MPA"
"3168","Callinectes","MT_40",2020,4142.98763056039,4143.04337624866,32.8399658691719,12.4836631831848,9043.57499401664,-8534.75690173011,0.00138353497898471,-1196454.28762541,1578.42237903002,1578.31478069153,1524.38628521266,3.1565723077027,4958.82543233136,-4784.10997702788,0.000918246389720944,-991485.312378383,0,0,0,0,0,-145430.776797075,0.0201851943486058,-1546415.97063944,"No MPA"
"3169","Callinectes","MT_40",2021,4152.35982791939,4152.26435659693,8.61829355162353,4.8170931246311,9047.28072312118,-3285.10769809092,0.000532654124121712,-1191204.63842177,2276.84599646721,2276.72240965041,1071.08421183794,1.7242953699037,6028.0617619826,-1811.23703997064,0.000347727029007088,-988512.439441325,0,0,0,0,0,-56558.3168344545,0.00785390696156286,-1457543.51067682,"No MPA"
"3170","Callinectes","MT_40",2022,4154.06131440864,4154.12663182425,4.2090883388371,1.85571564839896,9049.69941322723,-1264.74991190401,0.000205114291935578,-1189184.28063558,2767.78613736649,2767.73010748436,338.32373613379,0.79384870980731,6365.53561952445,-685.822075941928,0.000131692423948577,-987387.024477297,0,0,0,0,0,-22006.4147339301,0.00305737591782349,-1422991.60857629,"No MPA"
"3171","Callinectes","MT_40",2023,4155.17185660453,4155.1172836411,1.32933666100152,0.714950557156449,9050.25922636765,-487.029441446764,7.90026007690913e-05,-1188406.56016513,2922.73734747498,2922.74351198231,36.0681167463734,0.31751189864744,6401.2923888795,-259.728862577091,4.98798554112016e-05,-986960.931263932,0,0,0,0,0,-8566.67678576185,0.00119074750994194,-1409551.87062813,"No MPA"
"3172","Callinectes","MT_40",2024,4155.42889495462,4155.46338554342,0.662583284121165,0.275448895092977,9050.68085134547,-187.586105381825,3.04355410076402e-05,-1188107.11682906,2939.15507749263,2939.153854273,2.04746215982791,0.120947984709919,6403.21767983499,-98.3746427835995,1.88943126220839e-05,-986799.577044138,0,0,0,0,0,-3336.43926206664,0.000463976134884662,-1404321.63310443,"No MPA"
"3173","Callinectes","MT_40",2025,4155.62248417366,4155.60106577986,0.176788764510573,0.106144086385526,9050.7300776298,-72.2670441138218,1.17277349795717e-05,-1187991.79776779,2940.03907533927,2940.03793398003,0.204803444941854,0.0458328169818959,6403.37550910371,-37.2639597190919,7.15777946458985e-06,-986738.466361074,0,0,0,0,0,-1300.04739053924,0.00018087309921822,-1402285.2412329,"No MPA"
"3174","Callinectes","MT_40",2026,4155.645086435,4155.64734290341,0.123055115865726,0.0409094162698141,9050.8144797978,-27.8466789529077,4.52001654236783e-06,-1187947.37740263,2940.11154268935,2940.11254639881,0.0536989438003367,0.0173650326286898,6403.41284672434,-14.1167983761937,2.71185621332492e-06,-986715.319199731,0,0,0,0,0,-506.801067938214,7.05426633041205e-05,-1401491.9949103,"No MPA"
"3175","Callinectes","MT_40",2027,4155.68383971255,4155.68689991586,0.0361417977032279,0.0157705028428108,9050.83791129597,-10.7324601887292,1.7424403869942e-06,-1187930.26318387,2940.12868626764,2940.12777461916,0.0179511135684163,0.00657972057572763,6403.42330646885,-5.34840832197181,1.02753341388858e-06,-986706.550809677,0,0,0,0,0,-197.65845364656,2.7524936477211e-05,-1401182.85229601,"No MPA"
"3176","Callinectes","MT_40",2028,4155.69459829108,4155.68156236377,0.00086705289111724,0.00608073169009216,9050.81966168987,-4.13730168471239,6.71841913086017e-07,-1187923.66802537,2940.13348886208,2940.13409712953,0.00793665640046691,0.00249332114136614,6403.42935807156,-2.02653379246592,3.89373160421035e-07,-986703.228935147,0,0,0,0,0,-77.1240569320486,1.07447022059851e-05,-1401062.3178993,"No MPA"
"3177","Callinectes","MT_40",2029,4155.68621897965,4155.68701927023,0.00233516378066209,0.0023450635178161,9050.82045208071,-1.59524119328906,2.59099595470874e-07,-1187921.12596487,2940.13626745705,2940.13584396624,0.00214266473967266,0.00094490743715226,6403.43013233805,-0.767934021765401,1.47562717832081e-07,-986701.970335376,0,0,0,0,0,-30.106337405661,4.19616865616783e-06,-1401015.30017977,"No MPA"
"3178","Callinectes","MT_40",2030,4155.68658188781,4155.68646525627,0.000131934381362788,0.000904573749820885,9050.81956280979,-0.615213698008983,9.99438433146988e-08,-1187920.14593738,2940.13662296171,2940.13689277946,0.00140135725894535,0.000358129695280306,6403.43144538337,-0.291027843924156,5.59277900532115e-08,-986701.493429199,0,0,0,0,0,-11.7575403163131,1.63945244918887e-06,-1400996.95138268,"No MPA"
"3179","Callinectes","MT_40",2031,4155.68617357884,4155.68624856429,0,0.000348997326232252,9050.81928879791,-0.237309600311297,3.85597493493285e-08,-1187919.76803328,2940.13722584681,2940.13705083138,0.000160859088721399,0.000135747430260837,6403.4312954796,-0.110302550615487,2.11991697702929e-08,-986701.312703905,0,0,0,0,0,-4.59369721464441,6.40809345909217e-07,-1400989.78753958,"No MPA"
"3180","Callinectes","MT_40",2032,4155.68604776622,4155.68627443275,0,0.000134675391434909,9050.81938078906,-0.0915574026657234,1.48799118775792e-08,-1187919.62228108,2940.13715701846,2940.13725929682,0.000287766575256838,5.14591700648943e-05,6403.43163406537,-0.0418096709060418,8.03618680840511e-09,-986701.244211026,0,0,0,0,0,-1.79552881138925,2.50576135918105e-07,-1400986.98937118,"No MPA"
"3181","Callinectes","MT_40",2033,4155.68609000397,4155.68636099563,0,5.19806313091348e-05,9050.81959980008,-0.0353313002906618,5.74319623667817e-09,-1187919.56605498,2940.1373124802,2940.13724707179,5.58055741157706e-06,1.95089430287484e-05,6403.43155472857,-0.01584922095671,3.04663876213602e-09,-986701.218250576,0,0,0,0,0,-0.702106912702995,9.80230317665924e-08,-1400985.89594928,"No MPA"
"3182","Callinectes","MT_40",2034,4155.68619056294,4155.68645044304,0,2.00669385134326e-05,9050.81983961324,-0.013636814016936,2.21714049326854e-09,-1187919.54436049,2940.13727605269,2940.13729841244,3.97008619519206e-05,7.39680603679696e-06,6403.43160939238,-0.00600867700912924,1.15513158441405e-09,-986701.208410032,0,0,0,0,0,-0.274657632321071,3.83610746976355e-08,-1400985.4685,"No MPA"
"3183","Callinectes","MT_40",2035,4155.68630067322,4155.68652678903,0,7.74829342612077e-06,9050.82005798076,-0.00526444357978144,8.56087469524761e-10,-1187919.53598812,2940.13730115159,2940.13729227368,2.12611364691784e-07,2.80474943378613e-06,6403.43159792233,-0.00227818692521523,4.38007244377547e-10,-986701.204679542,0,0,0,0,0,-0.107486595342536,1.50184199887066e-08,-1400985.30132896,"No MPA"
"3184","Callinectes","MT_40",2036,4155.68640093672,4155.68658770627,0,2.99237113980476e-06,9050.82024175795,-0.00203271925991424,3.30618786684091e-10,-1187919.5327564,2940.13729588512,2940.13729495461,1.02834137966245e-07,1.06361149253857e-06,6403.43159603105,-0.000863851695127637,1.66100234896871e-10,-986701.203265206,0,0,0,0,0,-0.0420811680781683,5.88200220290549e-09,-1400985.23592353,"No MPA"
"3185","Callinectes","MT_40",2037,4155.68648531806,4155.68663492714,0,1.15586840939868e-06,9050.82039021115,-0.000785030968560809,1.27708691580528e-10,-1187919.53150871,2940.13729501673,2940.13729489537,4.06630900897346e-07,4.0337675493426e-07,6403.43159591293,-0.000327588119417279,6.29938414882918e-11,-986701.202728943,0,0,0,0,0,-0.0164811959928375,2.30457145930803e-09,-1400985.21032356,"No MPA"
"3186","Callinectes","MT_40",2038,4155.68655348039,4155.68667103624,0,4.46564234072193e-07,9050.82050732044,-0.000303235272410229,4.93396416161597e-11,-1187919.53102692,2940.1372949625,2940.13729489437,1.59744999243331e-07,1.52995049868057e-07,6403.43159585155,-0.00012423844000481,2.38926656085336e-11,-986701.202525593,0,0,0,0,0,-0.00645734098528448,9.03266343820751e-10,-1400985.20029971,"No MPA"
"3187","Callinectes","MT_40",2039,4155.68660725115,4155.68669846309,0,1.7256040112255e-07,9050.82059835982,-0.000117153495825675,1.90657190750988e-11,-1187919.53084083,2940.13729493432,2940.13729494772,1.65986983412091e-07,5.80339757473405e-08,6403.4315959729,-4.71218683069601e-05,9.06294927630483e-12,-986701.202448476,0,0,0,0,0,-0.002530925547578,3.54159361124667e-10,-1400985.19637329,"No MPA"
"3188","Callinectes","MT_40",2040,4155.68664905191,4155.68671922482,0,6.66928159808947e-08,9050.82066846604,-4.52702039759642e-05,7.36870378451406e-12,-1187919.53076895,2940.13729499004,2940.13729498309,3.978830617574e-08,2.20153434604873e-08,6403.43159598373,-1.78742342636796e-05,3.43805397629802e-12,-986701.202419229,0,0,0,0,0,-0.00099234404239266,1.38910626776853e-10,-1400985.19483471,"No MPA"
"3189","Callinectes","MT_40",2041,4155.6866812412,4155.68673491509,0,2.57808192990504e-08,9050.82072211415,-1.7496466933552e-05,2.84845101308862e-12,-1187919.53074118,2940.13729499501,2940.13729499561,2.55809558379482e-08,8.35230921889724e-09,6403.43159600156,-6.78063843347267e-06,1.30434894067425e-12,-986701.202408135,0,0,0,0,0,-0.000389223462763468,5.4503284770242e-11,-1400985.19423159,"No MPA"
"3190","Callinectes","MT_40",2042,4155.68670587374,4155.68674676415,0,9.96765850545431e-09,9050.8207629946,-6.76344584062521e-06,1.10129885589548e-12,-1187919.53073044,2940.1372950032,2940.13729500174,5.90610254805927e-09,3.1690229099069e-09,6403.43159600285,-2.57247809917121e-06,4.94894473751521e-13,-986701.202403927,0,0,0,0,0,-0.000152716589957766,2.1392274990002e-11,-1400985.19399508,"No MPA"
"3191","Callinectes","MT_40",2043,4155.68672464401,4155.68675571071,0,3.85449409532947e-09,9050.82079405744,-2.61495638574977e-06,4.25872326545983e-13,-1187919.5307263,2940.13729500378,2940.13729500375,2.415092937483e-09,1.20249052511262e-09,6403.43159600402,-9.76046482215528e-07,1.87788454844008e-13,-986701.202402331,0,0,0,0,0,-5.99405210471942e-05,8.3991436559639e-12,-1400985.1939023,"No MPA"
"3192","Callinectes","MT_40",2044,4155.68673890652,4155.68676246656,0,1.49079673870867e-09,9050.82081761599,-1.01120377439032e-06,1.64713982595008e-13,-1187919.53072469,2940.13729500433,2940.13729500391,2.48379661825156e-11,4.56325951986539e-10,6403.43159600318,-3.70362310497754e-07,7.12627198627873e-14,-986701.202401725,0,0,0,0,0,-2.35341518059209e-05,3.29878084734858e-12,-1400985.1938659,"No MPA"
"3193","Callinectes","MT_40",2045,4155.68674972343,4155.68676756964,0,5.76693836662421e-10,9050.82083546162,-3.91101723480242e-07,6.3717296838691e-14,-1187919.53072407,2940.13729500394,2940.13729500462,3.39240340824462e-15,1.73183153574e-10,6403.43159600368,-1.40546582603602e-07,2.70453663754448e-14,-986701.202401495,0,0,0,0,0,-9.24308624973226e-06,1.29601206913089e-12,-1400985.19385161,"No MPA"
"3194","Callinectes","MT_40",2046,4155.68675791726,4155.68677142585,0,2.23124376583624e-10,9050.82084896998,-1.51292223140261e-07,2.46523912738408e-14,-1187919.53072383,2940.13729500417,2940.13729500556,0,6.57313927430403e-11,6403.431596005,-5.33397241453878e-08,1.02650261438045e-14,-986701.202401408,0,0,0,0,0,-3.63138743978677e-06,5.09329107911151e-13,-1400985.193846,"No MPA"
"3195","Callinectes","MT_40",2047,4155.68676411963,4155.68677434117,0,8.63420922678721e-11,9050.82085919144,-5.8535362712921e-08,9.53969741628967e-15,-1187919.53072374,2940.13729500478,2940.13729500646,0,2.49503409050614e-11,6403.43159600667,-2.02450081561049e-08,3.89640156703286e-15,-986701.202401375,0,0,0,0,0,-1.42712507795293e-06,2.00225135943979e-13,-1400985.19384379,"No MPA"
"3196","Callinectes","MT_40",2048,4155.68676881281,4155.68677654624,0,3.34172691832875e-11,9050.82086692483,-2.2651338047932e-08,3.69218104117332e-15,-1187919.5307237,2940.13729500554,2940.13729500725,0,9.4714469914807e-12,6403.43159600837,-7.68460600089658e-09,1.47912050741471e-15,-986701.202401362,0,0,0,0,0,-5.61024901785179e-07,7.87346986955864e-14,-1400985.19384293,"No MPA"
"3197","Callinectes","MT_40",2049,4155.6867723636,4155.6867782149,0,1.2935737270322e-11,9050.82087277612,-8.76682322805452e-09,1.42923359776243e-15,-1187919.53072369,2940.13729500632,2940.1372950079,0,3.5957717831214e-12,6403.43159600995,-2.91716809260600e-09,5.61538251671629e-16,-986701.202401357,0,0,0,0,0,-2.20612294228312e-07,3.0969777198816e-14,-1400985.19384258,"No MPA"
"3198","Callinectes","MT_40",2050,4155.68677505022,4155.68677947827,0,5.00820682909666e-12,9050.82087720416,-3.39361427932391e-09,5.53342829285719e-16,-1187919.53072368,2940.13729500704,2940.13729500842,0,1.36522295315305e-12,6403.43159601132,-1.10748344191198e-09,2.13201770438797e-16,-986701.202401356,0,0,0,0,0,-8.67763986242761e-08,1.21851602183733e-14,-1400985.19384245,"No MPA"
"3199","Callinectes","MT_40",2051,4155.68677708336,4155.68678043523,0,1.93929182325869e-12,9050.82088055602,-1.31387348419799e-09,2.14266954298461e-16,-1187919.53072368,2940.13729500768,2940.13729500883,0,5.18382642198246e-13,6403.43159601247,-4.20483252644666e-10,8.09538814346272e-17,-986701.202401355,0,0,0,0,0,-3.41424581010761e-08,4.79559635364327e-15,-1400985.1938424,"No MPA"
"3200","Callinectes","MT_40",2052,4155.68677862237,4155.68678116042,0,7.51057034166091e-13,9050.82088309408,-5.08761756533374e-10,8.2982200628869e-17,-1187919.53072368,2940.13729500821,2940.13729500915,0,1.96848659228882e-13,6403.43159601342,-1.59659796960337e-10,3.07411200193757e-17,-986701.202401355,0,0,0,0,0,-1.34371189741973e-08,1.88785757544163e-15,-1400985.19384238,"No MPA"
"3201","Callinectes","MT_40",2053,4155.68677978772,4155.68678171023,0,2.90917946614276e-13,9050.82088501659,-1.97035377159158e-10,3.21427139451753e-17,-1187919.53072368,2940.13729500864,2940.1372950094,0,7.47565657530927e-14,6403.43159601417,-6.06286059871056e-11,1.16744537100441e-17,-986701.202401355,0,0,0,0,0,-5.28972102255374e-09,7.43375301917569e-16,-1400985.19384237,"No MPA"
"3202","Callinectes","MT_40",2054,4155.68678067044,4155.68678212725,0,1.12702865458719e-13,9050.8208864734,-7.63206051069997e-11,1.24522258136059e-17,-1187919.53072368,2940.13729500899,2940.13729500959,0,2.83923161740066e-14,6403.43159601477,-2.3024725633121e-11,4.43392199140215e-18,-986701.202401354,0,0,0,0,0,-2.08291558290922e-09,2.92790138868955e-16,-1400985.19384237,"No MPA"
"3203","Callinectes","MT_40",2055,4155.68678133933,4155.68678244367,0,4.36681968777697e-14,9050.82088757773,-2.95669311136673e-11,4.82477748985557e-18,-1187919.53072368,2940.13729500926,2940.13729500973,0,1.07841676262912e-14,6403.43159601525,-8.74472072666347e-12,1.68412318685543e-18,-986701.202401354,0,0,0,0,0,-8.20389298916913e-10,1.15348342342616e-16,-1400985.19384237,"No MPA"
"3204","Callinectes","MT_40",2056,4155.68678184639,4155.68678268386,0,1.69223405257911e-14,9050.8208884152,-1.14560935383497e-11,1.86970228844297e-18,-1187919.53072368,2940.13729500948,2940.13729500984,0,4.09643897245432e-15,6403.43159601561,-3.32148083951563e-12,6.39725576986482e-19,-986701.202401354,0,0,0,0,0,-3.2320263951253e-10,4.54537897168803e-17,-1400985.19384236,"No MPA"
"3205","Callinectes","MT_40",2057,4155.68678223091,4155.68678286624,0,6.5587259607182e-15,9050.82088905053,-4.43947608989304e-12,7.24655370112702e-19,-1187919.53072368,2940.13729500965,2940.13729500993,0,1.55618105995343e-15,6403.43159601589,-1.26168694967982e-12,2.43022984882314e-19,-986701.202401354,0,0,0,0,0,-1.27360172794747e-10,1.7915542353271e-17,-1400985.19384236,"No MPA"
"3206","Callinectes","MT_40",2058,4155.68678252262,4155.68678300479,0,2.54238575706621e-15,9050.82088953269,-1.72064301836358e-12,2.80901123581171e-19,-1187919.53072368,2940.13729500978,2940.13729500999,0,5.91217473202634e-16,6403.43159601611,-4.79297591855905e-13,9.23282250052423e-20,-986701.202401354,0,0,0,0,0,-5.01988191531769e-11,7.06298514682927e-18,-1400985.19384236,"No MPA"
"3207","Callinectes","MT_40",2059,4155.68678274401,4155.68678311006,0,9.85655934370004e-16,9050.82088989875,-6.66979887370796e-13,1.08902379839372e-19,-1187919.53072368,2940.13729500988,2940.13729501004,0,2.24629928237045e-16,6403.43159601628,-1.82092635915786e-13,3.50796170567042e-20,-986701.202401354,0,0,0,0,0,-1.97902752300727e-11,2.78511098776477e-18,-1400985.19384236,"No MPA"
"3208","Callinectes","MT_40",2060,4155.68678291208,4155.68678319009,0,3.82181975142668e-16,9050.82089017675,-2.58581012826332e-13,4.22262223274363e-20,-1187919.53072368,2940.13729500995,2940.13729501008,0,8.53534182403552e-17,6403.43159601641,-6.9185126611163e-14,1.33293245911232e-20,-986701.202401354,0,0,0,0,0,-7.80379851413226e-12,1.09847472753928e-18,-1400985.19384236,"No MPA"
"3209","Callinectes","MT_40",2061,4155.68678303973,4155.68678325093,0,1.48209166439855e-16,9050.82089038795,-1.00263183902531e-13,1.63752181418939e-20,-1187919.53072368,2940.13729501001,2940.13729501011,0,3.2434475657493e-17,6403.43159601651,-2.62885141530331e-14,5.06517094329087e-21,-986701.202401354,0,0,0,0,0,-3.0778936581851e-12,4.33339731095605e-19,-1400985.19384236,"No MPA"
"3210","Callinectes","MT_40",2062,4155.6867831367,4155.68678329721,0,5.74829409906554e-17,9050.82089054846,-3.88817994485377e-14,6.35113010044236e-21,-1187919.53072368,2940.13729501006,2940.13729501013,0,1.23260869417112e-17,6403.43159601658,-9.98968980910784e-15,1.92491896835114e-21,-986701.202401354,0,0,0,0,0,-1.21420509433715e-12,1.70983976516997e-19,-1400985.19384236,"No MPA"
"3211","Callinectes","MT_40",2063,4155.6867832104,4155.68678333242,0,2.22977478233218e-17,9050.82089067048,-1.50803100573784e-14,2.46361607338918e-21,-1187919.53072368,2940.13729501009,2940.13729501015,0,4.6846340747568e-18,6403.43159601664,-3.79638587064197e-15,7.31581809614551e-22,-986701.202401354,0,0,0,0,0,-4.79092038969206e-13,6.74789670983789e-20,-1400985.19384236,"No MPA"
"3212","Callinectes","MT_40",2064,4155.68678326642,4155.68678335921,0,8.65047958551591e-18,9050.82089076326,-5.84968244414676e-15,9.55767403864191e-22,-1187919.53072368,2940.13729501012,2940.13729501016,0,1.78056543595411e-18,6403.43159601668,-1.44284870735023e-15,2.78064254963188e-22,-986701.202401354,0,0,0,0,0,-1.8907406760121e-13,2.66357698234319e-20,-1400985.19384236,"No MPA"
"3213","Callinectes","MT_40",2065,4155.68678330903,4155.6867833796,0,3.35641464971178e-18,9050.82089083384,-2.26940222685779e-15,3.70840909373993e-22,-1187919.53072368,2940.13729501014,2940.13729501017,0,6.76817752507047e-19,6403.43159601672,-5.48407089352485e-16,1.05696100966873e-22,-986701.202401354,0,0,0,0,0,-7.46326382984426e-14,1.05158324231784e-20,-1400985.19384236,"No MPA"
"3214","Callinectes","MT_60",2015,1316.26920918651,1316.26920918651,2459.5426601925,554.655431347613,4771.63765484489,-1195565.17859418,0.193478799660118,-2540393.26674499,146.128457129318,146.128457129318,291.261500358669,42.6952554747963,566.824708883873,-699325.292161356,0.13415277299521,-1804667.28145202,1849.81956346134,1849.81956346134,4319.07693681047,7153.49972697675,1194.36629383372,-12835099.4253565,1.77559548981759,-14437909.3827241,"No MPA"
"3215","Callinectes","MT_60",2016,2190.89867939109,2190.89197882241,3037.09498024843,401.853882641195,7406.87205188344,-520247.663452728,0.0842218838084185,-1865075.75160354,260.257713592104,260.257378247702,500.034110214966,32.2494224138171,1034.60906134062,-296555.553233794,0.0568957481768296,-1401897.54252446,548.393596737723,548.26242540021,1622.14311046443,934.589686339054,1881.78854662159,-5691608.15866248,0.787710664000178,-7294418.11603006,"No MPA"
"3216","Callinectes","MT_60",2017,3400.86724322276,3400.69121457988,2445.09128361309,271.588977034765,9580.19832981888,-226430.757392151,0.036671072782692,-1571258.84554297,475.04102158212,475.031933222668,848.433798254036,24.9669533881565,1858.06681784705,-125767.810951747,0.0241326229678102,-1231109.80024241,864.023704209901,860.655290612071,2423.89097472315,652.771318399439,3649.53978934747,-2524908.38357608,0.349646472653765,-4127718.34094366,"No MPA"
"3217","Callinectes","MT_60",2018,4398.7505731483,4398.29630815609,741.897772721569,152.992093113919,10168.6497444343,-98577.8634097681,0.0159708574421864,-1443405.95156058,853.131866227978,853.091037023462,1320.5469207977,19.0201860811948,3159.55272335904,-53341.4462932201,0.0102370316448866,-1158683.43558388,1675.68715045831,1664.58939638601,4041.92377348795,562.11181587645,7118.25399288667,-1120668.02940542,0.155285377457127,-2723477.986773,"No MPA"
"3218","Callinectes","MT_60",2019,4668.93819434325,4668.71720403802,91.8091813624542,70.74390944525,10189.4940260463,-42930.8218704129,0.0069572294033045,-1387758.91002123,1450.70946073312,1450.60186741793,1699.50200860603,13.7212621824818,4845.2258764674,-22624.9582130204,0.00434298905664446,-1127966.94750368,3268.34818581646,3244.61190731797,5372.04574640106,487.917595182558,11978.6458656067,-497642.279243004,0.0690034368140931,-2100452.23661058,"No MPA"
"3219","Callinectes","MT_60",2020,4678.50885170659,4678.57442365134,67.3042948882532,30.8877325246449,10225.9761603546,-18701.5141563833,0.00303142343520987,-1363529.6023072,2224.68673062918,2224.50687887882,1521.70377752697,8.92788999415462,6357.82191224985,-9597.14849194902,0.00184267544269359,-1114939.13778261,5499.99838759852,5473.21046268074,3138.28389755018,366.404278360718,14723.7375598784,-221091.087791665,0.0306795313926885,-1823901.04515924,"No MPA"
"3220","Callinectes","MT_60",2021,4695.25963323259,4695.12723396293,24.173560781499,13.5101495057843,10236.5071723607,-8148.65868560961,0.00132116921280471,-1352976.74683642,2919.19559675886,2919.03877791384,719.792709483685,4.9711541000448,7072.48664878847,-4071.44192445338,0.00078190505376984,-1109413.43121512,6760.40795823739,6760.52647891851,0,201.090275883573,14522.7658046759,-98287.8732064194,0.0136476916901995,-1701097.830574,"No MPA"
"3221","Callinectes","MT_60",2022,4700.09495015429,4700.14828570978,11.6653923677126,5.89546045403889,10242.3304398299,-3551.38457908996,0.000575931907399011,-1348379.4727299,3247.33409778273,3247.30215480161,129.550432323899,2.34679231423503,7199.65834581701,-1727.53899896737,0.000331820495401129,-1107069.52828963,6668.13172418158,6671.45782081925,56.3956496927221,88.2183566308144,14494.2691943755,-43723.4208216691,0.00607429481664787,-1646533.37818925,"No MPA"
"3222","Callinectes","MT_60",2023,4702.76870493845,4702.72692689308,4.73787828507051,2.57206768336662,10244.4544723862,-1548.14006620217,0.000251121544607926,-1346376.22821702,3305.72501579237,3305.73338666034,10.3035785305569,1.01392717653111,7208.95636803901,-733.115666087807,0.000140830135970232,-1106075.10495675,6655.04749809603,6653.48160814313,99.17652391198,39.195235349993,14552.6845929846,-19460.3824574146,0.0027049298975286,-1622270.33982499,"No MPA"
"3223","Callinectes","MT_60",2024,4703.74395504319,4703.74792569284,2.20907328376538,1.12197465351193,10245.5455416661,-675.029934335861,0.000109520698526671,-1345503.11808515,3309.99420513168,3309.98670788808,1.41648509875393,0.430926374958238,7209.9344295192,-311.14624100469,5.97765560460665e-05,-1105653.13553167,6681.86894367223,6680.30168805415,23.0594283959007,17.540142259377,14556.636623503,-8665.83454360879,0.00120513780495622,-1611475.79191119,"No MPA"
"3224","Callinectes","MT_60",2025,4704.24491978892,4704.25666678733,0.909684173887346,0.489488380303555,10245.9774844581,-294.39825711868,4.77757005933628e-05,-1345122.48640793,3310.44328231656,3310.4450278452,0.480314672588738,0.182953204964182,7210.23353651546,-132.068673281039,2.53751659700685e-05,-1105474.05796394,6683.6835195202,6682.0325926669,12.0239491128232,7.81882761652312,14559.190818146,-3860.92243808077,0.000537198440305695,-1606670.87980566,"No MPA"
"3225","Callinectes","MT_60",2026,4704.44324643503,4704.41504917096,0.423286345009727,0.213583826482453,10246.1589897125,-128.423967730289,2.08456651015215e-05,-1344956.51211854,3310.58061737226,3310.57941514166,0.193967956420425,0.0776745396569882,7210.34862770162,-56.0631900291049,1.07728202914705e-05,-1105398.05248069,6684.85627865973,6682.60686852847,4.94145070139334,3.4880009676327,14558.3948577485,-1721.03237190998,0.000239577949153508,-1604530.98973949,"No MPA"
"3226","Callinectes","MT_60",2027,4704.52658462017,4704.54971907159,0.217686822075159,0.0932142908413549,10246.3065966952,-56.0344057422973,9.09748732591679e-06,-1344884.12255656,3310.63346152054,3310.63343049957,0.0837803564307602,0.0329798356605599,7210.39939720142,-23.8011710397915,4.57395901033725e-06,-1105365.7904617,6684.49081323468,6686.26231091019,4.32276800903211,1.55623092987533,14562.9328925032,-767.540240934671,0.000106898015035558,-1603577.49760851,"No MPA"
"3227","Callinectes","MT_60",2028,4704.59435840493,4704.55227907313,0.0589100971957388,0.0406902626118014,10246.282737198,-24.4545947226298,3.9712143283948e-06,-1344852.54274554,3310.65677234967,3310.65684151914,0.0351728260679904,0.0140041437437946,7210.42063505321,-10.1055784213759,1.94221477284743e-06,-1105352.09486908,6686.57445308125,6685.05045776671,0.0184279428839496,0.694945688897519,14560.7323794426,-342.471050156232,4.77199177492976e-05,-1603152.42841773,"No MPA"
"3228","Callinectes","MT_60",2029,4704.58340331053,4704.60641218094,0.0407788096763187,0.0177658803090547,10246.3287589978,-10.6748636850651,1.73388579435217e-06,-1344838.7630145,3310.66652371489,3310.66628850836,0.0148391639533019,0.00594709336616783,7210.42929191727,-4.29107554732669,8.24791480435756e-07,-1105346.28036621,6685.56408693296,6685.69982635706,0.460000132880302,0.310324363771371,14561.0177946358,-152.881153788351,2.13124527758581e-05,-1602962.83852137,"No MPA"
"3229","Callinectes","MT_60",2030,4704.60453423196,4704.59709933968,0.00363352916957261,0.0077585464779555,10246.3171990882,-4.66078960172069,7.57202521316662e-07,-1344832.74894042,3310.67049851629,3310.67067034099,0.00655082639539204,0.00252577068515566,7210.43348879768,-1.82227146053402,3.50294081522917e-07,-1105343.81156212,6685.6951353937,6685.68196251012,0,0.13866217944364,14560.8659595728,-68.2790852764911,9.52285734291405e-06,-1602878.23645285,"No MPA"
"3230","Callinectes","MT_60",2031,4704.59922649644,4704.59719229332,0.00110384333556987,0.00338894797283099,10246.3128797804,-2.03540605253181,3.30747904426814e-07,-1344830.12355687,3310.67242551503,3310.67227325126,0.00253260185328501,0.00107281370432934,7210.43479632206,-0.773930044711864,1.48786298618416e-07,-1105342.76322071,6685.62542028473,6685.69875550653,0,0.061984578298243,14560.8773102163,-30.5085481975399,4.25694020923971e-06,-1602840.46591578,"No MPA"
"3231","Callinectes","MT_60",2032,4704.59724328515,4704.59698009956,9.12259282847359e-05,0.00148061556549711,10246.3112272052,-0.889070318385958,1.44502281335138e-07,-1344828.97722113,3310.67302586519,3310.67312897247,0.00128073615746274,0.000455717621468827,7210.43572444787,-0.328724328509968,6.32025162446802e-08,-1105342.31801499,6685.63063193567,6685.72368536733,0,0.0277208905765183,14560.9426427574,-13.6380353896392,1.90379652688943e-06,-1602823.59540297,"No MPA"
"3232","Callinectes","MT_60",2033,4704.5964845048,4704.59690504385,5.74673453496336e-05,0.00064701066775302,10246.3110582009,-0.388430848894558,6.31457179200911e-08,-1344828.47658166,3310.6734520144,3310.67337744513,0.000392118514586459,0.00019360134639607,7210.43584839577,-0.139637889402441,2.6850159134851e-08,-1105342.12892855,6685.66062938903,6685.74784875706,0,0.012402844815868,14561.0174592806,-6.09922692226897,8.51789842367888e-07,-1602816.0565945,"No MPA"
"3233","Callinectes","MT_60",2034,4704.59640690644,4704.59697686439,0,0.000282794699569342,10246.3113453642,-0.169739498846251,2.75996602113387e-08,-1344828.25789031,3310.67350892511,3310.67355768297,0.000273446775610704,8.22548879000041e-05,7210.43608834552,-0.0593219981488618,1.14077553236385e-08,-1105342.04861266,6685.69498141526,6685.76858929733,0,0.00555163409404156,14561.0855155286,-2.72889431618681,3.81267280315318e-07,-1602812.68626189,"No MPA"
"3234","Callinectes","MT_60",2035,4704.59653875753,4704.59708676787,0,0.000123629112221117,10246.3117697454,-0.0741895515138452,1.206571900399e-08,-1344828.16234037,3310.6736190981,3310.67358640997,4.69343373140977e-05,3.49506832355135e-05,7210.43606764104,-0.025203978746619,4.8472357034518e-09,-1105342.01449464,6685.72622945935,6685.78548180994,0,0.00248600177098931,14561.1422818774,-1.22147278513301,1.70729257691403e-07,-1602811.17884036,"No MPA"
"3235","Callinectes","MT_60",2036,4704.59673361228,4704.59719409356,0,5.40578639493626e-05,10246.3121761688,-0.0324333805097567,5.27583637373429e-09,-1344828.12058419,3310.67360959163,3310.67362906859,6.35403922014159e-05,1.48521723496943e-05,7210.43613580621,-0.0107093483497759,2.05981610727011e-09,-1105342.00000001,6685.75229374328,6685.79886802758,0,0.00111367674007893,14561.187742485,-0.546968366162344,7.64828162561501e-08,-1602810.50433594,"No MPA"
"3236","Callinectes","MT_60",2037,4704.5969202217,4704.59728570722,0,2.36420228904274e-05,10246.3125180123,-0.0141817664206896,2.30736899195756e-09,-1344828.10233258,3310.67364088969,3310.67362806725,3.62377605382001e-06,6.31196274172744e-06,7210.43612029559,-0.00455090067384179,8.75392642405363e-10,-1105341.99384156,6685.77316699316,6685.80930638765,0,0.000499102970239548,14561.2233827765,-0.245029361291861,3.42762620430007e-08,-1602810.20239694,"No MPA"
"3237","Callinectes","MT_60",2038,4704.59707717923,4704.59735934633,0,1.03418200778137e-05,10246.3127898376,-0.00620234703496734,1.0093211668581e-09,-1344828.09435316,3310.67363376798,3310.67363957517,1.31502226884213e-05,2.6827410483486e-06,7210.43613657026,-0.00193406826567819,3.72063631621627e-10,-1105341.99122473,6685.78953124235,6685.81736394118,0,0.000223764231823335,14561.2509917111,-0.109811471312506,1.53671334486307e-08,-1602810.06717905,"No MPA"
"3238","Callinectes","MT_60",2039,4704.59720198788,4704.59741671014,0,4.52475297275734e-06,10246.3130000351,-0.00271311618051107,4.41598170305956e-10,-1344828.09086393,3310.6736412405,3310.67363771403,1.59651485449742e-07,1.14033570480912e-06,7210.4361320631,-0.000822027085759034,1.5815072531087e-10,-1105341.99011269,6685.8022078919,6685.82354251279,0,0.000100359136872938,14561.2722259728,-0.0492319591260532,6.8922062476791e-09,-1602810.00659954,"No MPA"
"3239","Callinectes","MT_60",2040,4704.59729850012,4704.59746061587,0,1.98005508519296e-06,10246.3131601708,-0.00118704251973203,1.93245617927352e-10,-1344828.08933786,3310.67363917104,3310.6736401853,1.86140408777879e-06,4.84759218223549e-07,7210.43613445401,-0.000349413833519288,6.72302214940821e-11,-1105341.98964008,6685.81195760875,6685.82825933511,0,4.50282579869053e-05,14561.2884826709,-0.0220806838899344,3.09233008098963e-09,-1602809.97944826,"No MPA"
"3240","Callinectes","MT_60",2041,4704.59737202646,4704.59749388047,0,8.66648749829586e-07,10246.3132811581,-0.000519455877886773,8.45815208639295e-11,-1344828.08867027,3310.67364026882,3310.67363991063,1.2143630038694e-08,2.06090779646228e-07,7210.43613390186,-0.000148536589853874,2.85822904195247e-11,-1105341.9894392,6685.81942187594,6685.83184962341,0,2.02102460684992e-05,14561.3008902082,-0.00990695294102876,1.38794356315824e-09,-1602809.96727453,"No MPA"
"3241","Callinectes","MT_60",2042,4704.59742757784,4704.5975189356,0,3.79394765656803e-07,10246.3133721365,-0.000227360230179057,3.70274415171931e-11,-1344828.08837817,3310.67364001531,3310.67363998785,1.06442485898938e-07,8.76253812850605e-08,7210.43613389322,-6.31489210474066e-05,1.21525771337569e-11,-1105341.98935381,6685.82511879991,6685.8345771428,0,9.07428785329545e-06,14561.3103394768,-0.00444657950407525,6.23178386578568e-10,-1602809.96181416,"No MPA"
"3242","Callinectes","MT_60",2043,4704.59746935058,4704.59753774629,0,1.66119593349025e-07,10246.3134403661,-9.95319963540131e-05,1.62126208078854e-11,-1344828.08825035,3310.67364001134,3310.67364000666,1.02263063080414e-07,3.72597460311232e-08,7210.43613395354,-2.68495674306738e-05,5.16747466300909e-12,-1105341.98931751,6685.82945743406,6685.83664667136,0,4.07571951669957e-06,14561.3175246383,-0.00199648769130006,2.79900603583556e-10,-1602809.95936407,"No MPA"
"3243","Callinectes","MT_60",2044,4704.59750067822,4704.59755184623,0,7.27495999680663e-08,10246.3134914614,-4.358050270321e-05,7.10007559299307e-12,-1344828.08819439,3310.67364003903,3310.67364004573,4.44828011916946e-08,1.58448526937834e-08,7210.43613398887,-1.14168754399725e-05,2.19748880642249e-12,-1105341.98930208,6685.83275650288,6685.83821578416,0,1.83123101768155e-06,14561.3229820884,-0.000896722546404639,1.2575998180241e-10,-1602809.9582643,"No MPA"
"3244","Callinectes","MT_60",2045,4704.59752413862,4704.59756240907,0,3.18654093804399e-08,10246.3135296999,-1.90854314819976e-05,3.10993894623552e-12,-1344828.0881699,3310.67364005526,3310.67364004961,1.09287248567771e-08,6.73867637273293e-09,7210.43613398742,-4.85507092337633e-06,9.34572645469867e-13,-1105341.98929552,6685.8352622925,6685.83940501322,0,8.23048546232716e-07,14561.3271239861,-0.00040289949235053,5.65229237472286e-11,-1602809.95777048,"No MPA"
"3245","Callinectes","MT_60",2046,4704.59754169588,4704.59757032265,0,1.39600331828133e-08,10246.3135583128,-8.3597034840048e-06,1.36244446774362e-12,-1344828.08815917,3310.67364005459,3310.67364005837,1.20463107210593e-08,2.86614924288388e-09,7210.43613400038,-2.06481892583133e-06,3.97500121993179e-13,-1105341.98929273,6685.8371640459,6685.84030618842,0,3.700391205392e-07,14561.3302657585,-0.000181083496941372,2.54124584923468e-11,-1602809.95754866,"No MPA"
"3246","Callinectes","MT_60",2047,4704.59755483346,4704.59757625416,0,6.11688569621702e-09,10246.3135797273,-3.66233291413233e-06,5.96984043239222e-13,-1344828.08815448,3310.67364006054,3310.67364005801,5.10630956222971e-10,1.21915952369336e-09,7210.43613399714,-8.78225763283631e-07,1.6908263259479e-13,-1105341.98929154,6685.83860659156,6685.84098908781,0,1.66420241977856e-07,14561.3326480884,-8.14143456141702e-05,1.14289174883152e-11,-1602809.95744899,"No MPA"
"3247","Callinectes","MT_60",2048,4704.59756466597,4704.5975807031,0,2.680711978093e-09,10246.3135957618,-1.60472911926089e-06,2.61626970252665e-13,-1344828.08815242,3310.67364005905,3310.67364006028,2.73736075946511e-09,5.18632261165975e-10,7210.43613400058,-3.73566486782395e-07,7.19280015144489e-14,-1105341.98929104,6685.83970043893,6685.84150664287,0,7.48682151804338e-08,14561.3344542174,-3.66150263886963e-05,5.14157715008241e-12,-1602809.95740419,"No MPA"
"3248","Callinectes","MT_60",2049,4704.59757202819,4704.59758404275,0,1.17501856541236e-09,10246.3136077752,-7.0326907779648e-07,1.14677201164884e-13,-1344828.08815152,3310.67364006064,3310.67364005993,2.44018968108838e-11,2.20645716355964e-10,7210.43613399968,-1.58915734955616e-07,3.06008835326225e-14,-1105341.98929082,6685.84052972357,6685.84189896354,0,3.369133250564e-08,14561.3358234237,-1.64721622330699e-05,2.31375308499923e-12,-1602809.95738405,"No MPA"
"3249","Callinectes","MT_60",2050,4704.59757754414,4704.59758655187,0,5.15125435929819e-10,10246.3136167824,-3.08259234243193e-07,5.02742211150667e-14,-1344828.08815112,3310.67364006022,3310.67364006039,3.0747215361056e-10,9.38789387336409e-11,7210.43613400006,-6.76087447793338e-08,1.30198696707082e-14,-1105341.98929073,6685.84115839499,6685.84219642572,0,1.51657847046629e-08,14561.3368614393,-7.4126119415775e-06,1.04151053797322e-12,-1602809.95737499,"No MPA"
"3250","Callinectes","MT_60",2051,4704.59758167981,4704.59758843869,0,2.2586756223887e-10,10246.3136235411,-1.35140138978565e-07,2.2043787715941e-14,-1344828.08815095,3310.6736400604,3310.67364006033,2.25171669618808e-12,3.99463643192104e-11,7210.43613399996,-2.87657395476406e-08,5.54007601992998e-15,-1105341.98929069,6685.84163500011,6685.84242202694,0,6.82864050092948e-09,14561.3376484593,-3.33670584851304e-06,4.68956976032854e-13,-1602809.95737091,"No MPA"
"3251","Callinectes","MT_60",2052,4704.59758478304,4704.59758985876,0,9.90526843503508e-11,10246.3136286167,-5.92550310968877e-08,9.66715327968123e-15,-1344828.08815087,3310.67364006035,3310.67364006035,4.13373166108262e-11,1.69989648985042e-11,7210.43613399999,-1.2240090561119e-08,2.35755016514848e-15,-1105341.98929068,6685.84199636055,6685.8425931774,0,3.07555157384637e-09,14561.3382452731,-1.50240581110645e-06,2.11213533279054e-13,-1602809.95736908,"No MPA"
"3252","Callinectes","MT_60",2053,4704.59758711352,4704.59759092846,0,4.34459266939133e-11,10246.3136324316,-2.5985891153882e-08,4.24015194816995e-15,-1344828.08815084,3310.67364006036,3310.67364006036,1.13090612257202e-11,7.2344170370577e-12,7210.43613399999,-5.20870605746004e-09,1.00332586026865e-15,-1105341.98929067,6685.84227038775,6685.84272305835,0,1.38556843648749e-09,14561.3386979423,-6.76668555950467e-07,9.5153921513815e-14,-1602809.95736825,"No MPA"
"3253","Callinectes","MT_60",2054,4704.59758886513,4704.59759173487,0,1.90590491621109e-11,10246.3136353013,-1.13977842094042e-08,1.86008840309081e-15,-1344828.08815083,3310.67364006036,3310.67364006036,1.22471969337686e-11,3.0790742430813e-12,7210.436134,-2.21672037492296e-09,4.2703023587745e-16,-1105341.98929066,6685.84247823094,6685.8428216511,0,6.24375738592226e-10,14561.3390413618,-3.04846311990434e-07,4.28790066321713e-14,-1602809.95736788,"No MPA"
"3254","Callinectes","MT_60",2055,4704.59759018276,4704.59759234327,0,8.36222153099925e-12,10246.3136374618,-5.0000298310043e-09,8.16120004582986e-16,-1344828.08815082,3310.67364006037,3310.67364006036,1.06849107328356e-12,1.31060568649123e-12,7210.436134,-9.43468779250079e-10,1.81765105762634e-16,-1105341.98929066,6685.84263591211,6685.84289651563,0,2.8143237945806e-10,14561.3393019651,-1.37372236745387e-07,1.93273694583505e-14,-1602809.95736772,"No MPA"
"3255","Callinectes","MT_60",2056,4704.59759117475,4704.5975928026,0,3.66952041977882e-12,10246.3136390896,-2.19377980197782e-09,3.5813079216734e-16,-1344828.08815082,3310.67364006037,3310.67364006037,2.36501876926803e-12,5.5790327507206e-13,7210.436134,-4.01586791838666e-10,7.73744146267838e-17,-1105341.98929066,6685.84275556815,6685.84295337958,0,1.26884658315986e-10,14561.3394997764,-6.19194375384115e-08,8.71380411412871e-15,-1602809.95736764,"No MPA"
"3256","Callinectes","MT_60",2057,4704.59759192218,4704.59759314963,0,1.61050873680863e-12,10246.3136403171,-9.62677172365601e-10,1.57179332346869e-16,-1344828.08815082,3310.67364006037,3310.67364006037,3.33425968220765e-13,2.37509211062403e-13,7210.436134,-1.70948889282095e-10,3.29396456259359e-17,-1105341.98929066,6685.84284639326,6685.84299658372,0,5.72200518866086e-11,14561.3396499668,-2.79165693357859e-08,3.92958710204355e-15,-1602809.95736761,"No MPA"
"3257","Callinectes","MT_60",2058,4704.59759248576,4704.59759341198,0,7.06938996104544e-13,10246.3136412433,-4.22507526656027e-10,6.8994471662756e-17,-1344828.08815081,3310.67364006037,3310.67364006037,1.82811291905002e-14,1.011198444529e-13,7210.436134,-7.27759409910982e-11,1.40240954324636e-17,-1105341.98929066,6685.84291535322,6685.84302941879,0,2.58100355258592e-11,14561.3397640323,-1.25892881407176e-08,1.77250418892406e-15,-1602809.95736759,"No MPA"
"3258","Callinectes","MT_60",2059,4704.59759291104,4704.59759361044,0,3.1035933876137e-13,10246.3136419427,-1.85461301685886e-10,3.02898534661405e-17,-1344828.08815081,3310.67364006037,3310.67364006037,0,4.30552805708157e-14,7210.436134,-3.09844481399911e-11,5.97124498028536e-18,-1105341.98929066,6685.84296772645,6685.84305438035,0,1.16446754979269e-11,14561.3398506862,-5.6786032184617e-09,7.99698083187739e-16,-1602809.95736758,"No MPA"
"3259","Callinectes","MT_60",2060,4704.59759323217,4704.59759376064,0,1.36273270258952e-13,10246.3136424712,-8.14209532491771e-11,1.32997363755416e-17,-1344828.08815081,3310.67364006037,3310.67364006037,0,1.83337056242021e-14,7210.436134,-1.31927033236348e-11,2.54266250799332e-18,-1105341.98929066,6685.8430075136,6685.84307336151,0,5.25486898184912e-12,14561.3399165341,-2.56200698274687e-09,3.60878122187771e-16,-1602809.95736758,"No MPA"
"3260","Callinectes","MT_60",2061,4704.59759347482,4704.59759387439,0,5.98437064009274e-14,10246.3136428708,-3.57504936387301e-11,5.84051088899665e-18,-1344828.08815081,3310.67364006037,3310.67364006037,0,7.80742079213807e-15,7210.436134,-5.6176881422276e-12,1.08279452824262e-18,-1105341.98929066,6685.84303774769,6685.84308779887,0,2.37186221886119e-12,14561.3399665853,-1.15615166323477e-09,1.62887634823314e-16,-1602809.95736758,"No MPA"
"3261","Callinectes","MT_60",2062,4704.59759365828,4704.59759396057,0,2.62837426878068e-14,10246.313643173,-1.56996455785388e-11,2.56519013607345e-18,-1344828.08815081,3310.67364006037,3310.67364006037,0,3.32504958369572e-15,7210.436134,-2.39229624956324e-12,4.61144030943819e-19,-1105341.98929066,6685.8430607287,6685.84309878293,0,1.07079788296955e-12,14561.3400046395,-5.21846014879729e-10,7.35370429800551e-17,-1602809.95736758,"No MPA"
"3262","Callinectes","MT_60",2063,4704.59759379708,4704.5975940259,0,1.15455819967641e-14,10246.3136434019,-6.89538582211849e-12,1.12680349234252e-18,-1344828.08815081,3310.67364006037,3310.67364006037,0,1.41619016273443e-15,7210.436134,-1.01883885350424e-12,1.96408391450352e-19,-1105341.98929066,6685.84307820131,6685.84310714175,0,4.83518971461458e-13,14561.3400335799,-2.35591933462275e-10,3.32056645410065e-17,-1602809.95736758,"No MPA"
"3263","Callinectes","MT_60",2064,4704.59759390214,4704.59759407544,0,5.07228145923659e-15,10246.3136435752,-3.02891575799729e-12,4.95034764283534e-19,-1344828.08815081,3310.67364006037,3310.67364006037,0,6.03222637207562e-16,7210.436134,-4.33939261784063e-13,8.36596602476144e-20,-1105341.98929066,6685.84309148932,6685.84311350427,0,2.18376075331922e-13,14561.3400555949,-1.06381578509051e-10,1.49969765714124e-17,-1602809.95736758,"No MPA"
"3264","Callinectes","MT_60",2065,4704.59759398171,4704.59759411302,0,2.22868531613179e-15,10246.3136437065,-1.33068330767924e-12,2.17510940388719e-19,-1344828.08815081,3310.67364006037,3310.67364006037,0,2.56960282224959e-16,7210.436134,-1.84835336926692e-13,3.56372731759307e-20,-1105341.98929066,6685.84310159749,6685.84311834839,0,9.86460587434895e-14,14561.3400723458,-4.80460807690952e-11,6.77451789236954e-18,-1602809.95736758,"No MPA"
"3265","Caranx","MT",2015,52.2519454870104,52.2519454870104,23.0221051827988,0.0851113502399477,75.1889523825588,-10766.364074229,0.00162886430675138,-108244.788675201,18.7366790958291,18.7366790958291,8.26302779955496,0.020791847069178,26.9789197324858,-6775.96982648753,0.00110968660800967,-85845.8081085898,67.3463156934169,67.3463156934169,30.7587996725148,0.347401639916574,97.7577305625982,-36850.1887420831,0.0051584344219757,-156488.879927125,"No MPA"
"3266","Caranx","MT",2016,75.1889335853207,75.1889327662787,31.9425367020677,0.011981080179293,107.119507185405,-1053.12241552371,0.000159346316134723,-98531.5470164961,26.9789129877559,26.978912834315,11.7300656502127,0.0025715365671003,38.7064136926905,-581.986708827103,9.5316521144335e-05,-79651.8249909294,97.7577061231655,97.7577017705944,42.7872744152164,0.056024207535072,140.488976417708,-4093.2790466432,0.00057309295990368,-123731.970231685,"No MPA"
"3267","Caranx","MT",2017,107.119480405528,107.119436470022,43.1562989943128,0.00166996179441182,150.274092282417,-103.02060760613,1.5589709723053e-05,-97581.4452085785,38.7064040160871,38.7063957834293,16.4863695477949,0.000316914175657176,55.192458093652,-49.9891661821678,8.18764031198497e-06,-79119.8274482845,140.488941295464,140.488707646538,57.7318795035547,0.00894622691498023,198.211676045422,-454.741608146286,6.36792581556885e-05,-120093.432793188,"No MPA"
"3268","Caranx","MT",2018,150.274054713894,150.273884863658,56.0843714295707,0.000229222430338737,206.358064639321,-10.0786894624182,1.52536235127798e-06,-97488.5032904348,55.1924442955374,55.1924118310704,22.821487422517,3.88196689183106e-05,78.0138742320329,-4.29397408999154,7.0335098640772e-07,-79074.1322561923,198.211626492503,198.210716436796,74.2894292817196,0.00140270351261509,272.498792567922,-50.5264688600318,7.07679779333714e-06,-119689.217653902,"No MPA"
"3269","Caranx","MT",2019,206.358013049805,206.357888837095,69.0597103117132,3.08012672504853e-05,275.417619937057,-0.986093751352489,1.49261274431439e-07,-97479.4106947237,78.0138547285644,78.0138258905972,30.9139653411263,4.71389735060648e-06,108.927806021295,-0.368861231060211,6.04238340442808e-08,-79070.2071433333,272.498724443224,272.498049223047,89.4590591842712,0.000214341424161223,361.956962190592,-5.61479253126754,7.86577586594499e-07,-119644.305977573,"No MPA"
"3270","Caranx","MT",2020,275.417551082652,275.417496334686,79.0959422017999,4.02302049428292e-06,354.51350336787,-0.0964865220097054,1.46069830496155e-08,-97478.5210874944,108.927778789343,108.927761043854,40.6221094114746,5.65465520492446e-07,149.549897121814,-0.0316873540948388,5.19119536637913e-09,-79069.8699694564,361.956871701352,361.95659361008,98.556171273347,3.16496812943915e-05,460.512823722986,-0.624035879084766,8.74404558255384e-08,-119639.315220921,"No MPA"
"3271","Caranx","MT",2021,354.513414739494,354.513397211586,82.5349987743045,5.06810982874121e-07,437.048484107455,-0.00944170921751791,1.42959570851561e-09,-97478.4340426816,149.54985973434,149.549850533971,51.1854206383112,6.67015012230982e-08,200.735308493055,-0.00272224813745248,4.46015026074482e-10,-79069.8410043504,460.51270859478,460.512633584193,96.9779486342539,4.47704021968328e-06,557.490692869613,-0.0693662996383552,9.72185788041443e-09,-119638.760551341,"No MPA"
"3272","Caranx","MT",2022,437.048374845334,437.048369984472,76.9530313445515,6.11554056582373e-08,514.001510529989,-0.00092400142262771,1.39928195342652e-10,-97478.4255249738,200.735258309228,200.735253960524,60.9483899494918,7.69269500627048e-09,261.68369408615,-0.000233877233464108,3.83225804416429e-11,-79069.8385159795,557.49055349694,557.490536315263,83.5537042085327,6.02683747723519e-07,641.044379293785,-0.00771176900297542,1.08106512884537e-09,-119638.698896811,"No MPA"
"3273","Caranx","MT",2023,514.001382029612,514.001380769607,63.3116007250126,7.04045475791841e-09,577.313109987957,-9.04348909507471e-05,1.36973425441144e-11,-97478.4246914073,261.683628665227,261.683626733977,67.4145695854077,8.61707552791943e-10,329.098261739446,-2.00940347862371e-05,3.29293560233089e-12,-79069.8383021963,641.04421903269,641.04421535151,62.5444446606945,7.7073977471133e-08,703.588820196225,-0.000857491005696081,1.20231890274065e-10,-119638.692042533,"No MPA"
"3274","Caranx","MT",2024,577.312965659679,577.312965398775,45.9836749859177,7.74136541002066e-10,623.296784712196,-8.85204385188262e-06,1.34093012545344e-12,-97478.4246098244,329.098179464881,329.098178669641,68.0346113514072,9.31237824418466e-11,397.13287229552,-1.72650096156376e-06,2.82966497451924e-13,-79069.8382838288,703.58864429902,703.588643778866,41.097341216253,9.40959612842531e-09,744.686160882914,-9.53623962290858e-05,1.33737146729818e-11,-119638.691280404,"No MPA"
"3275","Caranx","MT",2025,623.296628887999,623.296628855775,29.9433541326229,8.18293703166246e-11,653.240138812513,-8.66555304571227e-07,1.31284762449737e-13,-97478.424601839,397.132773012302,397.132772725892,61.7042025325792,9.65708128659001e-12,458.83707454168,-1.48350672992064e-07,2.43170030996668e-14,-79069.8382822506,744.685974711374,744.685974683548,24.3380939567382,1.10795365991626e-09,769.024254810719,-1.06070895957964e-05,1.48781287758035e-12,-119638.691195649,"No MPA"
"3276","Caranx","MT",2026,653.239975502478,653.239975496531,17.9354248999324,8.39717723443444e-12,671.17556370649,-8.48385667269155e-08,1.28546559458198e-14,-97478.4246010572,458.836959832411,458.836959749632,49.9198889180253,9.58885362907273e-13,508.756963376925,-1.27478860022514e-08,2.08981666066345e-15,-79069.838282115,769.024062554655,769.024062533544,13.4161478680429,1.27305712628389e-10,782.440402657523,-1.18000710690438e-06,1.65541869234882e-13,-119638.691186222,"No MPA"
"3277","Caranx","MT",2027,671.175395912599,671.175395914838,10.1526129693721,8.44851478373417e-13,681.3281766781,-8.30678148889441e-09,1.25876376325119e-15,-97478.4246009807,508.756836187684,508.756836169964,36.1799085134424,9.13775630954805e-14,544.936871872647,-1.0955065146913e-09,1.79609459276887e-16,-79069.8382821034,782.440207047422,782.440207067436,7.07842599046819,1.44138980277522e-11,789.51882866799,-1.31292471478133e-07,1.84217200170129e-14,-119638.691185173,"No MPA"
"3278","Caranx","MT",2028,681.328006346056,681.328006343762,5.55100248747116,8.39888713124512e-14,686.879179163278,-8.13416139052377e-10,1.23272270526003e-16,-97478.4246009732,544.936735638429,544.936735635726,23.8702963827949,8.4123831537836e-15,568.807168252739,-9.41500409165726e-11,1.5437353550467e-17,-79069.8382821024,789.518631288283,789.518631267869,3.6437930352339,1.61874093140806e-12,793.162621682808,-1.46103243049743e-08,2.05028793821025e-15,-119638.691185056,"No MPA"
"3279","Caranx","MT",2029,686.879007443483,686.87900744567,2.97511966646376,8.29285546210595e-15,689.854298831928,-7.96584558287498e-11,1.20732374974707e-17,-97478.4246009725,568.807026050947,568.807026050657,14.6668053200274,7.54751439744541e-16,583.473973572477,-8.09196417948501e-12,1.32690212407657e-18,-79069.8382821023,793.162423392153,793.162423412638,1.8512724819558,1.81018829230347e-13,795.013894185249,-1.62608542259098e-09,2.28224104719284e-16,-119638.691185043,"No MPA"
"3280","Caranx","MT",2030,689.854126368354,689.854126366241,1.57710977727788,8.15786436348851e-16,691.431408607094,-7.80169782897548e-12,1.18254889145455e-18,-97478.4246009724,583.473827703983,583.473827703959,8.58517964728631,6.65500861268992e-17,592.059153219739,-6.95526559736878e-13,1.14058362739692e-19,-79069.8382821023,795.013695431775,795.013695411342,0.934192392411501,2.01996805413532e-14,795.948086557227,-1.81004516983559e-10,2.54079591427187e-17,-119638.691185042,"No MPA"
"3281","Caranx","MT",2031,691.431235749242,691.431235751289,0.831089915217038,8.0094081603647e-17,692.262498524358,-7.64159295246109e-13,1.15838072448862e-19,-97478.4246009724,592.059005204951,592.05900520495,4.87462872097143,5.80500420503933e-18,596.93378194071,-5.97858339638943e-14,9.80477064406577e-21,-79069.8382821023,795.947887570205,795.947887590528,0.469784769654723,2.25177013672351e-15,796.417871347204,-2.01510360927011e-11,2.82904145980587e-18,-119638.691185042,"No MPA"
"3282","Caranx","MT",2032,692.262325458734,692.262325456747,0.436583790745481,7.85581142241794e-18,692.699082313117,-7.48541370572306e-14,1.13480239636894e-20,-97478.4246009724,596.933632707264,596.933632707263,2.71826644170318,5.03148120325656e-19,599.652048382412,-5.13933009629274e-15,8.42887662832308e-22,-79069.8382821023,796.417672242736,796.417672222554,0.235831477098855,2.50905823019326e-16,796.65370280412,-2.24371018120169e-12,3.1504293417587e-19,-119638.691185042,"No MPA"
"3283","Caranx","MT",2033,692.698909138346,692.698909140275,0.228963446772829,7.70141160347339e-19,692.928045761819,-7.33304867325567e-15,1.11179757561627e-21,-97478.4246009724,599.6518984694,599.651898469401,1.5002222840803,4.34533377711005e-20,601.152270666493,-4.41812103189666e-16,7.24642530419396e-23,-79069.8382821023,796.653503640695,796.653503660723,0.118282999547258,2.79531202178412e-17,796.771985823696,-2.49860217595555e-13,3.50881695766302e-20,-119638.691185042,"No MPA"
"3284","Caranx","MT",2034,692.927872529807,692.927872527935,0.119973589823286,7.54841462806515e-20,693.04801934977,-7.18439101302754e-16,1.08935042739774e-22,-97478.4246009724,601.152120378425,601.152120378425,0.823201547297567,3.74527941236237e-21,601.97547221379,-3.79831597535513e-17,6.23016762160775e-24,-79069.8382821023,796.771786630699,796.771786610833,0.0592994649453952,3.1141957330741e-18,796.831285268775,-2.78283876952008e-14,3.908515596033e-21,-119638.691185042,"No MPA"
"3285","Caranx","MT",2035,693.047846087765,693.047846089582,0.0628356778375369,7.39791054537478e-21,693.110855029424,-7.03933772487169e-17,1.06744559378665e-23,-97478.4246009724,601.975321719922,601.975321719923,0.450263151882752,3.22460229632866e-22,602.425735365674,-3.26562753806158e-18,5.35670047231334e-25,-79069.8382821023,796.831086060954,796.831086080655,0.0297223483685048,3.46967780923377e-19,796.861007636844,-3.09983917161765e-15,4.35434435542202e-22,-119638.691185042,"No MPA"
"3286","Caranx","MT",2036,693.11068175171,693.110681749948,0.0329020318302983,7.25041208360472e-22,693.143757059492,-6.89778921844053e-18,1.04606817668393e-24,-97478.4246009724,602.42558475924,602.425584759239,0.24584574851289,2.77472638921188e-23,602.671581114186,-2.80778654488968e-19,4.60592273257983e-26,-79069.8382821023,796.860808421593,796.860808402058,0.0148958997924198,3.8661230006886e-20,796.875903517102,-3.45342536549327e-16,4.85169052524468e-23,-119638.691185042,"No MPA"
"3287","Caranx","MT",2037,693.143583773553,693.143583775262,0.017226005231524,7.10613559856532e-23,693.160983066433,-6.75964904399276e-19,1.02520372234347e-25,-97478.4246009724,602.671430446291,602.671430446291,0.134103725373878,2.38692204297856e-24,602.80568483956,-2.41425571800129e-20,3.96056843856109e-27,-79069.8382821023,796.875704298126,796.875704317495,0.00746495185585393,4.30837109703552e-21,796.883368488327,-3.8478699826768e-17,5.40657720734185e-24,-119638.691185042,"No MPA"
"3288","Caranx","MT",2038,693.160809776187,693.16080977453,0.00901815686196034,6.96514639344603e-24,693.170001221637,-6.62482371021324e-20,1.00483820693908e-26,-97478.4246009724,602.805534138139,602.805534138138,0.0731123218469445,2.05303928523746e-25,602.878797161407,-2.07598439920888e-21,3.4058061111084e-28,-79069.8382821023,796.883169267485,796.883169248281,0.00374087726668012,4.80181123358028e-22,796.88710934639,-4.28794992615648e-18,6.02573905223952e-25,-119638.691185042,"No MPA"
"3289","Caranx","MT",2039,693.169827929137,693.169827930744,0.00472102326650249,6.82743353919152e-25,693.17472224651,-6.49322254861271e-21,9.84958022874462e-28,-97478.4246009724,602.878646441707,602.878646441708,0.0398488406739886,1.76576858975693e-26,602.918646002081,-1.78519824972026e-22,2.92889482607594e-29,-79069.8382821023,796.886910124612,796.886910143653,0.00187463693701674,5.35245729764611e-23,796.888984002367,-4.77900643257121e-19,6.7167070904638e-26,-119638.691185042,"No MPA"
"3290","Caranx","MT",2040,693.17454895283,693.174548951272,0.00247141941298056,6.69294829272426e-26,693.177193664366,-6.36475760330391e-22,9.65549965675766e-29,-97478.4246009724,602.91849527242,602.918495272419,0.0217156511544092,1.51868512844097e-27,602.940361653235,-1.53521884141424e-23,2.51888897202183e-30,-79069.8382821023,796.888784780121,796.888784761242,0.000939401441667248,5.96702801849471e-24,796.88992338493,-5.32701234950805e-20,7.48790375859557e-27,-119638.691185042,"No MPA"
"3291","Caranx","MT",2041,693.177020370068,693.177020371577,0.00129375800054155,6.56162378153795e-27,693.178487423876,-6.23934353513043e-23,9.46601221377613e-30,-97478.4246009724,602.940210918145,602.940210918145,0.0118329487806496,1.30620082686578e-28,602.952194602016,-1.3203088387359e-24,2.16638478685394e-31,-79069.8382821023,796.889724162449,796.889724181169,0.000470757045477722,6.65303423275104e-25,796.890394160695,-5.93864749926094e-21,8.34874935360092e-28,-119638.691185042,"No MPA"
"3292","Caranx","MT",2042,693.178314129254,693.178314127791,0.000677262119531963,6.43338506627914e-28,693.179164684532,-6.11689753442331e-24,9.28099354350728e-31,-97478.4246009724,602.952043863968,602.952043863967,0.00644752342485379,1.12348248150373e-29,602.958642125441,-1.13553911293109e-25,1.86330274864543e-32,-79069.8382821023,796.890194938097,796.890194919534,0.00023589339833151,7.41887528904223e-26,796.89063003553,-6.62138310690956e-22,9.30978129916599e-29,-119638.691185042,"No MPA"
"3293","Caranx","MT",2043,693.178991389741,693.17899139116,0.000354536304745285,6.30815426457222e-29,693.179519222256,-5.99733923940308e-25,9.10032295538351e-32,-97478.4246009724,602.95849138578,602.95849138578,0.00351303012557032,9.663622609528e-31,602.962155155567,-9.76674665427094e-27,1.60270073838954e-33,-79069.8382821023,796.890430812873,796.890430831281,0.000118218536342769,8.27394629259414e-27,796.890748272475,-7.38357638990564e-23,1.03827877763166e-29,-119638.691185042,"No MPA"
"3294","Caranx","MT",2044,693.179345927376,693.179345926001,0.000185593011041552,6.18585314296707e-30,693.179704813892,-5.88059065865537e-26,8.92388331078732e-33,-97478.4246009724,602.962004415028,602.962004415028,0.00191410089514135,8.3125183617474e-32,602.964069256461,-8.40076688111989e-28,1.37861361458129e-34,-79069.8382821023,796.890549049788,796.890549031532,5.9231648906211e-05,9.22875785583454e-28,796.890807485868,-8.23457654013063e-24,1.15809574597785e-30,-119638.691185042,"No MPA"
"3295","Caranx","MT",2045,693.179531518965,693.179531520298,9.71553508631191e-05,6.06640441030857e-31,693.179801970575,-5.76657609683628e-27,8.75156091296313e-34,-97478.4246009724,602.963918515444,602.963918515444,0.00104290443272208,7.15064410741927e-33,602.965112160894,-7.22618471184224e-29,1.1859154586503e-35,-79069.8382821023,796.890608263166,796.890608281273,2.96908443549125e-05,1.02950700458998e-28,796.890837194819,-9.1848434795002e-25,1.29190473138723e-31,-119638.691185042,"No MPA"
"3296","Caranx","MT",2046,693.179628675625,693.179628674333,5.08584730183342e-05,5.94973234696346e-32,693.179852827756,-5.65522208313681e-28,8.58324540047117e-35,-97478.4246009724,602.964961419616,602.964961419616,0.000568227726314416,6.15145779966644e-34,602.965680388621,-6.21613195851051e-30,1.02020128123516e-36,-79069.8382821023,796.89063797211,796.890637954149,1.48694264374476e-05,1.14860423743472e-29,796.890852046285,-1.02460809386151e-25,1.44135706400891e-32,-119638.691185042,"No MPA"
"3297","Caranx","MT",2047,693.179679532793,693.179679534046,2.66241219574851e-05,5.83576309364857e-33,693.179879453131,-5.54645730222974e-29,8.41882964405583e-36,-97478.4246009724,602.9655296472,602.965529647201,0.000309598864793795,5.29214195307068e-35,602.965989987486,-5.34751928444268e-31,8.77685434709952e-38,-79069.8382821023,796.890652823572,796.890652841388,7.46021868221815e-06,1.28164018179461e-30,796.89085952432,-1.14313855970312e-26,1.60830078360614e-33,-119638.691185042,"No MPA"
"3298","Caranx","MT",2048,693.179706158161,693.179706156946,1.39366558867294e-05,5.72442476747497e-34,693.179893388572,-5.44021252752177e-30,8.25820964681076e-37,-97478.4246009724,602.965839245988,602.965839245988,0.000168684729651307,4.5530828247835e-36,602.966158672215,-4.60050371694582e-32,7.551143680389e-39,-79069.8382821023,796.890660301605,796.890660283931,3.72952187069544e-06,1.43026311150326e-31,796.890863236167,-1.27554142359226e-27,1.79480426260255e-34,-119638.691185042,"No MPA"
"3299","Caranx","MT",2049,693.179720093599,693.179720094777,7.29616928786462e-06,5.61564748964953e-35,693.179900685919,-5.33642055658715e-31,8.10128444753026e-38,-97478.4246009724,602.966007930675,602.966007930676,9.19076988333756e-05,3.91742105763665e-37,602.966250579914,-3.95803133893089e-33,6.4969169517957e-40,-79069.8382821023,796.890664013452,796.890664030987,1.87772837883833e-06,1.59631797987486e-32,796.890865131431,-1.42345710921685e-28,2.00318268601075e-35,-119638.691185042,"No MPA"
"3300","Caranx","MT",2050,693.179727390944,693.179727389802,3.81885283790435e-06,5.50936336955019e-36,693.17990450363,-5.23501614868615e-32,7.94795602714177e-39,-97478.4246009724,602.966099838352,602.966099838351,5.00757954831683e-05,3.37066476588496e-38,602.966300655709,-3.40544452439647e-34,5.59013835789841e-41,-79069.8382821023,796.890665908715,796.890665891316,9.32205185400786e-07,1.78187007687101e-33,796.890866046238,-1.58872178703395e-29,2.2360277358395e-36,-119638.691185042,"No MPA"
"3301","Caranx","MT",2051,693.179731208654,693.179731209762,1.99964548635107e-06,5.40550646672233e-37,693.179906504383,-5.1359359642881e-33,7.79812921811847e-40,-97478.4246009724,602.966149914134,602.966149914134,2.72837297526114e-05,2.90035674537791e-39,602.966327939439,-2.93014459040046e-35,4.8101473369637e-42,-79069.8382821023,796.890666823521,796.890666840786,4.75819971326171e-07,1.98923154882473e-34,796.890866539322,-1.77339091693753e-30,2.49624087008835e-37,-119638.691185042,"No MPA"
"3302","Caranx","MT",2052,693.179733209407,693.179733208332,1.04625072262541e-06,5.30401274311441e-38,693.17990754956,-5.03911850652687e-34,7.65171161677473e-41,-97478.4246009724,602.966177197857,602.966177197857,1.48655016115937e-05,2.49578839784686e-40,602.966342804941,-2.52130203148558e-36,4.13918370263875e-43,-79069.8382821023,796.890667316606,796.890667299473,2.29826206242676e-07,2.22099113277317e-35,796.890866752015,-1.97976564178855e-31,2.78707063417395e-38,-119638.691185042,"No MPA"
"3303","Caranx","MT",2053,693.179734254583,693.179734255625,5.4820553242417e-07,5.20482001061212e-39,693.179908098807,-4.94450406452291e-35,7.5086134983507e-42,-97478.4246009724,602.966192063355,602.966192063355,8.09944726324205e-06,2.14775388157477e-41,602.966350904388,-2.16960761218386e-37,3.56197971446238e-44,-79069.8382821023,796.890667529299,796.890667546302,1.23716316524721e-07,2.48004749397059e-36,796.890866892735,-2.21042237906282e-32,3.1121544962346e-39,-119638.691185042,"No MPA"
"3304","Caranx","MT",2054,693.17973480383,693.179734802819,2.86479165514378e-07,5.10786787760871e-40,693.179908384275,-4.8520346585093e-36,7.36874773479532e-43,-97478.4246009724,602.966200162801,602.9662001628,4.41297195228595e-06,1.84833885967523e-42,602.96635531736,-1.86705854537302e-38,3.06540963173636e-45,-79069.8382821023,796.890667670019,796.890667653142,5.35128907756052e-08,2.76964660979781e-37,796.890866929372,-2.46824600038029e-33,3.47556575795293e-40,-119638.691185042,"No MPA"
"3305","Caranx","MT",2055,693.179735089298,693.179735090279,1.50448468635818e-07,5.01309769538711e-41,693.179908535705,-4.76165398670252e-37,7.2320297151602e-44,-97478.4246009724,602.966204575771,602.966204575771,2.40440137592179e-06,1.59073898587036e-43,602.966357721761,-1.60677480131048e-39,2.63818863497468e-46,-79069.8382821023,796.890667706655,796.890667723407,3.52354308732926e-08,3.09342368965237e-38,796.890866981359,-2.75646703642283e-34,3.88186616013323e-41,-119638.691185042,"No MPA"
"3306","Caranx","MT",2056,693.179735240727,693.179735239776,7.82897369795477e-08,4.92045250574449e-42,693.179908613043,-4.67330737386083e-38,7.09837726851982e-45,-97478.4246009724,602.966206980172,602.966206980172,1.31003450365177e-06,1.36910394211447e-44,602.966359031796,-1.38284129334123e-40,2.27061414717642e-47,-79069.8382821023,796.890667758642,796.890667742013,9.32384142136048e-09,3.45545018915191e-39,796.890866974054,-3.07870339835389e-35,4.33616487818621e-42,-119638.691185042,"No MPA"
"3307","Caranx","MT",2057,693.179735318066,693.179735318989,4.14366484478921e-08,4.82987698955801e-43,693.179908655403,-4.58694172147531e-39,6.96771058933593e-46,-97478.4246009724,602.966208290206,602.966208290206,7.13770443295343e-07,1.17840342820036e-45,602.966359745566,-1.19017228803521e-41,1.95434357248813e-48,-79069.8382821023,796.890667751337,796.890667767821,1.29488179158126e-08,3.86028653575051e-40,796.890867003487,-3.43900716706744e-36,4.84418468793441e-43,-119638.691185042,"No MPA"
"3308","Caranx","MT",2058,693.179735360425,693.17973535953,2.12514731123226e-08,4.74131741707179e-44,693.179908675758,-4.50250545954057e-40,6.8399521651872e-47,-97478.4246009724,602.966209003976,602.966209003976,3.88896698752372e-07,1.01431200952213e-46,602.966360134463,-1.02439490398046e-42,1.68220331553843e-49,-79069.8382821023,796.89066778077,796.890667764525,7.14239513001148e-10,4.31304126933163e-41,796.890866987956,-3.84191706920814e-37,5.41233617791327e-44,-119638.691185042,"No MPA"
"3309","Caranx","MT",2059,693.179735380781,693.17973538165,1.15515474093702e-08,4.65472159936617e-45,693.179908688179,-4.41994849985386e-41,6.71502670678741e-48,-97478.4246009724,602.966209392873,602.966209392873,2.11889892631853e-07,8.73110165051487e-48,602.966360346353,-8.81749006753217e-44,1.44802467065788e-50,-79069.8382821023,796.890667765239,796.890667778962,6.07191273962254e-09,4.81943737580729e-42,796.890867007751,-4.29251733485921e-38,6.04780099190184e-45,-119638.691185042,"No MPA"
"3310","Caranx","MT",2060,693.179735393202,693.179735392359,5.63288310327502e-09,4.57003884157943e-46,693.179908692969,-4.33922219079305e-42,6.5928610802181e-49,-97478.4246009724,602.966209604763,602.966209604763,1.1544779075128e-07,7.51599252462491e-49,602.966360461801,-7.590011880923e-45,1.24650279334118e-51,-79069.8382821023,796.890667785034,796.890667772981,2.24138444031394e-10,5.38588670037562e-43,796.890866995922,-4.79650371709282e-39,6.75862520623322e-46,-119638.691185042,"No MPA"
"3311","Caranx","MT",2061,693.179735397991,693.17973539881,3.35060881490394e-09,4.48721989732174e-47,693.179908697138,-4.26027927352572e-43,6.47338424130419e-50,-97478.4246009724,602.96620972021,602.966209720211,6.29016597779538e-08,6.47028429487386e-50,602.966360524703,-6.53370843934845e-46,1.0730755012466e-52,-79069.8382821023,796.890667773205,796.890667781472,2.21487333730959e-09,6.01957342195633e-44,796.890867006404,-5.36025754940406e-40,7.5538240821464e-47,-119638.691185042,"No MPA"
"3312","Caranx","MT",2062,693.179735402161,693.179735401366,1.3639252762312e-09,4.40621692476157e-48,693.179908697707,-4.18307383960286e-44,6.3565271720631e-51,-97478.4246009724,602.966209783112,602.966209783112,3.42717734896691e-08,5.57031847306009e-51,602.966360558974,-5.62466646365032e-47,9.23819111270617e-54,-79069.8382821023,796.890667783687,796.890667778631,4.20611372649677e-12,6.72854770556946e-45,796.890867001352,-5.99092882467463e-41,8.44349958589172e-48,-119638.691185042,"No MPA"
"3313","Caranx","MT",2063,693.17973540273,693.179735403501,1.09256868358099e-09,4.32698344385637e-49,693.179908699571,-4.1075612898926e-45,6.24222281916042e-52,-97478.4246009724,602.966209817384,602.966209817384,1.86730319978665e-08,4.79574669419467e-52,602.966360577647,-4.84231945245834e-48,7.95358913513653e-55,-79069.8382821023,796.890667778635,796.890667781359,1.3356495905496e-11,7.52183077238405e-46,796.890867004089,-6.69652940022846e-42,9.43897224056313e-49,-119638.691185042,"No MPA"
"3314","Caranx","MT",2064,693.179735404594,693.179735403845,2.17322946074273e-10,4.24947429515253e-50,693.17990869904,-4.03369829481051e-46,6.13040603430743e-53,-97478.4246009724,602.966209836057,602.966209836057,1.01738655915596e-08,4.12906673534803e-53,602.966360587821,-4.16897841969956e-49,6.84792221475233e-56,-79069.8382821023,796.890667781372,796.890667780598,0,8.40953279286115e-47,796.890867003315,-7.48603756936121e-43,1.05529290660298e-49,-119638.691185042,"No MPA"
"3315","Caranx","MT",2065,693.179735404063,693.179735404776,4.58144254649555e-10,4.17364559966919e-51,693.179908700212,-3.96144275580472e-47,6.02101351653756e-54,-97478.4246009724,602.966209846231,602.966209846231,5.54327904276421e-09,3.55522369229265e-54,602.966360593364,-3.58942855206881e-50,5.89622228481657e-57,-79069.8382821023,796.890667780598,796.890667781439,0,9.40298517028755e-48,796.890867004156,-8.36951539232306e-44,1.17995895794956e-50,-119638.691185042,"No MPA"
"3316","Caranx","MT_20",2015,68.0521267969641,68.0521267969641,28.9345374901382,0.113236428945966,96.8734448711922,-10996.3392097722,0.00166396563879192,-128120.759733417,20.0994573251344,20.0994573251344,8.5205096083368,0.025780696335285,28.5941912620015,-7838.00490642722,0.00128265601767627,-106552.279543858,80.4693496726575,80.4693496726575,36.3043397457182,0.49623090061315,116.277478635105,-43978.3054785129,0.0061667054421845,-182328.71568604,"No MPA"
"3317","Caranx","MT_20",2016,96.873420652831,96.8734197550363,39.6367071953598,0.0174830105406962,136.492668158217,-1192.54547738821,0.000180472713487627,-118316.966001033,28.5941841134537,28.5941839525964,11.9710044674359,0.00362574880385842,40.5615698197763,-774.805699574848,0.000126800197283784,-99489.0803370057,116.277449565735,116.277444576978,50.3836088055252,0.0851306751458396,166.575951776727,-5220.55119658272,0.000732134542247223,-143570.961404109,"No MPA"
"3318","Caranx","MT_20",2017,136.49263403505,136.492585867446,52.8410559815535,0.002671896154766,189.331004076012,-129.339115189212,1.95753845512615e-05,-117253.759638834,40.5615596793838,40.5615510457152,16.6802697989699,0.00050846814486672,57.2413225169327,-76.5945999824752,1.25357124038093e-05,-98790.8692374133,166.575910132739,166.575642238247,68.0010416900501,0.0144807533197669,234.562244818965,-619.784767022964,8.69318995179978e-05,-138970.19497455,"No MPA"
"3319","Caranx","MT_20",2018,189.330956743261,189.330758718044,67.7352755206105,0.000402033708481681,257.065679537697,-14.0285340497201,2.12344369710882e-06,-117138.449057695,57.241308206602,57.241271894859,22.9477013713233,7.0942609871882e-05,80.188916633903,-7.57218363177347,1.23936010826167e-06,-98721.8468210626,234.562186178404,234.561069110066,87.8045260763082,0.00242145360098536,322.363232373335,-73.5887438221439,1.03232911465096e-05,-138423.998951349,"No MPA"
"3320","Caranx","MT_20",2019,257.065615271277,257.065474626649,82.2883747976308,5.92171003204497e-05,339.353854473599,-1.52167455716567,2.30357864952713e-07,-117125.942198202,80.1888965866738,80.1888641348794,31.0065949820115,9.82606897515171e-06,111.195469338051,-0.748619664093954,1.22536498510467e-07,-98715.0232570949,322.363151782526,322.362293559013,106.560398054102,0.000395233326274814,428.922376970597,-8.73830969182428,1.22604975248543e-06,-138359.148517218,"No MPA"
"3321","Caranx","MT_20",2020,339.353769635135,339.353709645262,93.1055298982752,8.48105958911491e-06,432.459315900941,-0.165066373376462,2.49917880647072e-08,-117124.585590018,111.195441539184,111.19542137132,40.858680046982,1.34722473705578e-06,152.054127869945,-0.0740146744221942,1.21158240417556e-08,-98714.3486521052,428.922269740003,428.921898333808,118.997866943845,6.24637093680989e-05,547.919810044537,-1.03774220329567,1.45629404665875e-07,-138351.44794973,"No MPA"
"3322","Caranx","MT_20",2021,432.459207786112,432.459189277048,96.2665172957883,1.1726514577708e-06,528.725813515013,-0.0179070514377597,2.71158792271834e-09,-117124.438430696,152.054089856413,152.054079208278,52.0210440089318,1.82162216356739e-07,204.07516104858,-0.00731796565569231,1.19800901848684e-09,-98714.2819553965,547.919673064585,547.919566571258,119.505595937841,9.47890484614253e-06,667.425290010147,-0.123253520385024,1.72998031584161e-08,-138350.533461047,"No MPA"
"3323","Caranx","MT_20",2022,528.72568133356,528.725676288118,89.4003974153023,1.55565260040628e-07,618.126205729308,-0.0019427666931537,2.94226716503828e-10,-117124.422466412,204.075110029789,204.075104834558,63.237859250382,2.41755920954293e-08,267.313015079555,-0.000723566501581404,1.18464157886189e-10,-98714.2753609973,667.425123153825,667.425098057074,105.805495772283,1.37178760139221e-06,773.230759313892,-0.0146406432456388,2.05534255585039e-09,-138350.42484817,"No MPA"
"3324","Caranx","MT_20",2023,618.126051197757,618.126049898999,73.7965352760873,1.97355648436787e-08,691.922739686902,-0.000210790674394476,3.1928050713216e-11,-117124.420734436,267.312948251301,267.312945824717,72.3551551575945,3.13151018572828e-09,339.668167807434,-7.15454771902314e-05,1.17147688632828e-11,-98714.2747089763,773.230566006202,773.230560348199,81.7908625778696,1.88836956709963e-07,855.021616044921,-0.00173930414102397,2.44218112688453e-10,-138350.411946831,"No MPA"
"3325","Caranx","MT_20",2024,691.922566706217,691.922566425571,54.2210685205191,2.39746293273352e-09,746.143807924377,-2.28727746229678e-05,3.46492866214865e-12,-117124.420546518,339.668082890392,339.668081811108,76.7054312467813,3.93509552215013e-10,416.373597974538,-7.07460906025366e-06,1.15851171676174e-12,-98714.2746445054,855.021402289517,855.021401381887,55.5771683394112,2.48141100488828e-08,910.598783451888,-0.000206655890369984,2.90216172120127e-11,-138350.410414183,"No MPA"
"3326","Caranx","MT_20",2025,746.143621388425,746.143621354812,35.9794972991603,2.80588569435042e-10,782.123305189643,-2.48212677826348e-06,3.76051595490135e-13,-117124.420526127,416.373493881138,416.373493444117,74.2297624734702,4.77057024278993e-11,490.603360010939,-6.99585929715837e-07,1.14574273344821e-13,-98714.2746381304,910.598555802192,910.598555726443,33.9586476168278,3.14081197786731e-09,944.557430989826,-2.45570947800217e-05,3.44917216555426e-12,-138350.410232084,"No MPA"
"3327","Caranx","MT_20",2026,782.123109658817,782.123109649042,22.0707799848603,3.19232217394287e-11,804.194085164697,-2.69380379568631e-07,4.08160983410258e-14,-117124.420523914,490.603237360099,490.60323720979,64.8889876667762,5.5593525640759e-12,555.492347527401,-6.91831872787322e-08,1.13316642673461e-14,-98714.2746375,944.557194850468,944.55719482796,19.2334812101232,3.87244746454423e-10,963.790912177054,-2.9185112014407e-06,4.09974802748101e-13,-138350.410210445,"No MPA"
"3328","Caranx","MT_20",2027,804.193884116175,804.193884120849,12.8265566085878,3.56292807809127e-12,817.020641777955,-2.92376983001278e-08,4.43043308054373e-15,-117124.420523674,555.492208654314,555.492208613364,51.1278355698442,6.22584227659914e-13,606.620183056294,-6.84200506331018e-09,1.12077912581722e-15,-98714.2746374377,963.790671229326,963.790671246725,10.3833932347824,4.69711201781661e-11,974.174305429189,-3.46895467110577e-07,4.87357990044466e-14,-138350.410207874,"No MPA"
"3329","Caranx","MT_20",2028,817.020437522794,817.020437518193,7.20539018903292,3.92938276064809e-13,824.226031962386,-3.17361253810094e-09,4.8094045116133e-16,-117124.420523648,606.620031401248,606.620031392814,36.6081353276618,6.7248523847475e-14,643.228318375521,-6.76691937903052e-10,1.10857709198961e-16,-98714.2746374315,974.174061885612,974.174061867707,5.45226469162537,5.64448081977126e-12,979.626570102903,-4.12369781925531e-08,5.79411793999645e-15,-138350.410207568,"No MPA"
"3330","Caranx","MT_20",2029,824.225825905878,824.22582591017,3.96742875264049,4.30341301302069e-14,828.193460719319,-3.44506006300429e-10,5.22115638931564e-17,-117124.420523645,643.228157568442,643.228157567148,24.2209121221168,7.05336286832456e-15,667.449230496344,-6.69304063268136e-11,1.09655664510199e-17,-98714.2746374309,979.62632519626,979.626325214285,2.81990999398035,6.74893395255971e-13,982.446480114907,-4.90257952390442e-09,6.88929246973267e-16,-138350.410207532,"No MPA"
"3331","Caranx","MT_20",2030,828.193253670954,828.193253666896,2.15990161595177,4.69465879061723e-15,830.353362331213,-3.73999451463615e-11,5.66855331909978e-18,-117124.420523645,667.449063634037,667.449063633886,15.1119134202643,7.23991695587e-16,682.561143916458,-6.62033189053559e-12,1.08471425616688e-18,-98714.2746374308,982.446234503287,982.446234485248,1.44682709024852,8.04856817495364e-14,983.893307187117,-5.82923011995234e-10,8.19237316012585e-17,-138350.410207527,"No MPA"
"3332","Caranx","MT_20",2031,830.353154742873,830.353154746726,1.16851141002839,5.11058650079192e-16,831.521873745094,-4.06046555569256e-12,6.15471283989743e-19,-117124.420523645,682.560973276172,682.560973276159,9.06017603143059,7.32419899525973e-17,691.621319947875,-6.5487514009552e-13,1.07304657766399e-19,-98714.2746374308,983.89306121379,983.893061231765,0.739254040031571,9.58606618728878e-15,984.632561245124,-6.93179843377911e-11,9.74299359215561e-18,-138350.410207527,"No MPA"
"3333","Caranx","MT_20",2032,831.521665864626,831.521665860959,0.630005064463851,5.55708386470313e-17,832.151878805891,-4.40870487923866e-13,6.68302787956084e-20,-117124.420523645,691.621147042545,691.621147042543,5.29617087924404,7.34190908535489e-18,696.917490827118,-6.47826056269246e-14,1.06155042847844e-20,-98714.2746374308,984.632315086983,984.632315069128,0.376914984492639,1.14102895559157e-15,985.009476211761,-8.24381852763067e-12,1.15883731708879e-18,-138350.410207527,"No MPA"
"3334","Caranx","MT_20",2033,832.151670767921,832.151670771416,0.339038492715128,6.03908532917768e-18,832.490917302101,-4.78714200905653e-14,7.25719124475637e-21,-117124.420523645,696.917316597745,696.917316597745,3.04877160479264,7.31918612538794e-19,699.966262431911,-6.408826703343e-15,1.05022276262594e-21,-98714.2746374308,985.009229959392,985.009229977085,0.191963594205833,1.3578133541451e-16,985.20143982366,-9.80524341454516e-13,1.37847745319883e-19,-138350.410207527,"No MPA"
"3335","Caranx","MT_20",2034,832.490709179372,832.490709176039,0.182271602320711,6.56104600194545e-19,832.673188901089,-5.19842162950632e-15,7.88122232397225e-22,-117124.420523645,699.966087440345,699.966087440344,1.73927237365883,7.27307392580516e-20,701.705534805569,-6.3404226494374e-16,1.03906063994229e-22,-98714.2746374308,985.2011935233,985.2011935058,0.0977130049415561,1.61565568064526e-17,985.299152811101,-1.16636780741723e-13,1.6399241975676e-20,-138350.410207527,"No MPA"
"3336","Caranx","MT_20",2035,832.672980732792,832.672980735971,0.0979388166715208,7.12726299506622e-20,832.77112772094,-5.6454225734399e-16,8.55949619858944e-23,-117124.420523645,701.705359379185,701.705359379186,0.987063181196333,7.21396237334111e-21,702.692597986766,-6.27302529219019e-17,1.02806120452505e-23,-98714.2746374308,985.298906486313,985.298906503599,0.0497236204968828,1.92248371392371e-18,985.348876448884,-1.38758502984926e-14,1.95116752961654e-21,-138350.410207527,"No MPA"
"3337","Caranx","MT_20",2036,832.770919528158,832.770919525124,0.0526095699532175,7.74208611411997e-21,832.82373728786,-6.13127858814462e-17,9.29677537609628e-24,-117124.420523645,702.692422313616,702.692422313616,0.55850504821915,7.14794138382858e-22,703.251103034984,-6.20661424529652e-18,1.01722167051533e-24,-98714.2746374308,985.348630111665,985.348630094608,0.0252993963731048,2.28771443396436e-19,985.3741758282,-1.65093653580603e-15,2.32173039280168e-22,-138350.410207527,"No MPA"
"3338","Caranx","MT_20",2037,832.823529081925,832.82352908482,0.028255761449428,8.41005762485754e-22,832.851993052204,-6.65940101405556e-18,1.0098244380312e-24,-117124.420523645,703.250927222209,703.250927222209,0.315481051402682,7.07849882215485e-23,703.566584086388,-6.14117088493647e-19,1.00653931314242e-25,-98714.2746374308,985.373929484656,985.373929501475,0.0128714085922007,2.72255326975115e-20,985.387047253611,-1.96447994093901e-16,2.76296389385571e-23,-138350.410207527,"No MPA"
"3339","Caranx","MT_20",2038,832.851784839205,832.851784836443,0.0151744467798192,9.13600946143302e-23,832.867167496221,-7.23350353122478e-19,1.09695474557871e-25,-117124.420523645,703.566408194742,703.566408194741,0.178033908238731,7.007603828182e-24,703.744617994626,-6.07667773801145e-20,9.96011463119967e-27,-98714.2746374308,985.386800906849,985.386800890275,0.00654824497972585,3.24034631867351e-21,985.393595482017,-2.33781972349392e-17,3.28839954584824e-24,-138350.410207527,"No MPA"
"3340","Caranx","MT_20",2039,832.866959279429,832.866959282066,0.00814890584559686,9.92513617075631e-24,832.875316404703,-7.85762914926211e-20,1.19168296675608e-26,-117124.420523645,703.744442058471,703.744442058472,0.100414557619357,6.93635680579359e-25,703.845032552246,-6.01311811371591e-21,9.85635503054967e-28,-98714.2746374308,985.393349133618,985.393349149944,0.00333132577405692,3.85699766930756e-22,985.396926824117,-2.78240526551185e-18,3.91416961404225e-25,-138350.410207527,"No MPA"
"3341","Caranx","MT_20",2040,832.875108185874,832.875108183357,0.00437597727349951,1.07830549076686e-24,832.87969237946,-8.53617963695616e-21,1.29467817034321e-27,-117124.420523645,703.844856590987,703.844856590987,0.0566184151046581,6.86536684359211e-26,703.90165096735,-5.95047588758063e-22,9.75408865030599e-29,-98714.2746374308,985.396680474886,985.396680458807,0.00169473566641602,4.5914656265157e-23,985.398621543705,-3.31188651820283e-19,4.65950877410767e-26,-138350.410207527,"No MPA"
"3342","Caranx","MT_20",2041,832.879484159537,832.879484161939,0.00234987911377648,1.1715859369011e-25,832.882042260976,-9.2739476084877e-22,1.40666887141165e-28,-117124.420523645,703.901474991937,703.901474991937,0.0319185941947734,6.79496697144605e-27,703.933569561545,-5.88873537608029e-23,9.65329028864749e-30,-98714.2746374308,985.39837519405,985.398375209881,0.000862165676395296,5.46635386365476e-24,985.399483725213,-3.94253846826068e-20,5.54735286222673e-27,-138350.410207527,"No MPA"
"3343","Caranx","MT_20",2042,832.881834040466,832.881834038172,0.00126186345370904,1.27301718801645e-26,832.883304122136,-1.00761515046267e-22,1.52844835573674e-29,-117124.420523645,703.933393578153,703.933393578152,0.0179923346850363,6.72533571402401e-28,703.95156189623,-5.82788126355409e-24,9.55393520756935e-31,-98714.2746374308,985.399237375342,985.399237359757,0.000438598074608492,6.50861637588415e-25,985.399922307702,-4.69376775648902e-21,6.60505356799958e-28,-138350.410207527,"No MPA"
"3344","Caranx","MT_20",2043,832.88309590131,832.8830959035,0.00067760818488082,1.38331962573335e-27,832.883981732511,-1.09484737300635e-23,1.66088048456126e-30,-117124.420523645,703.951385908339,703.951385908339,0.0101416227091175,6.65656535094178e-29,703.961703518939,-5.76789855890236e-25,9.45599912160296e-32,-98714.2746374308,985.399675957721,985.399675973064,0.000223133492186752,7.75039859960579e-26,985.400145456537,-5.58871739893658e-22,7.86523159191566e-29,-138350.410207527,"No MPA"
"3345","Caranx","MT_20",2044,832.883773511516,832.883773509425,0.000363866573709061,1.50327731535293e-28,832.884345596994,-1.18971022324441e-24,1.80490602331661e-31,-117124.420523645,703.961527528513,703.961527528513,0.00571628589356781,6.58870012994431e-30,703.967419804832,-5.70877256910715e-26,9.35945818786583e-33,-98714.2746374308,985.3998991065,985.399899091398,0.000113505990240441,9.2300413296934e-27,985.400258947424,-6.65498866677744e-23,9.36679517681331e-30,-138350.410207527,"No MPA"
"3346","Caranx","MT_20",2045,832.884137375907,832.884137377904,0.00019539280762294,1.6337439065544e-29,832.884540991798,-1.29287758350987e-25,1.96154954189151e-32,-117124.420523645,703.967243812977,703.967243812977,0.00322190595051083,6.52175762149106e-31,703.970641710783,-5.65048888223251e-27,9.26428899692425e-34,-98714.2746374308,985.400012597359,985.400012612226,5.77507056114987e-05,1.09932791763446e-27,985.400316712996,-7.92550289371368e-24,1.11561561675327e-30,-138350.410207527,"No MPA"
"3347","Caranx","MT_20",2046,832.884332770663,832.884332768756,0.000104922530095676,1.77564898950613e-30,832.884645912421,-1.40508336641387e-26,2.13192693838655e-33,-117124.420523645,703.970465718122,703.970465718122,0.00181596513963096,6.45574063991326e-32,703.972457675922,-5.59303335577059e-28,9.17046856417844e-35,-98714.2746374308,985.400070362917,985.400070348283,2.93718945932627e-05,1.30946714739089e-28,985.400346070257,-9.4395304174363e-25,1.32886820227427e-31,-138350.410207527,"No MPA"
"3348","Caranx","MT_20",2047,832.88443769126,832.884437693082,5.63429310178605e-05,1.93000497997278e-31,832.884702257174,-1.52712690418411e-27,2.31725364304017e-34,-117124.420523645,703.972281682808,703.972281682808,0.00102352805074731,6.39064389390039e-33,703.973481203973,-5.53639210801547e-29,9.0779743216067e-36,-98714.2746374308,985.40009972017,985.400099734576,1.49493899442369e-05,1.55993109033474e-29,985.400361034052,-1.12439191667251e-25,1.58304296985047e-32,-138350.410207527,"No MPA"
"3349","Caranx","MT_20",2048,832.884494035999,832.884494034258,3.02545798889295e-05,2.09791460084319e-32,832.884732510013,-1.65987882522902e-28,2.51885356419406e-35,-117124.420523645,703.973305210603,703.973305210603,0.000576886844413282,6.32645769458776e-34,703.974058090818,-5.48055151116815e-30,8.98678410977628e-37,-98714.2746374308,985.400114683962,985.400114669781,7.59804261932249e-06,1.85848639362038e-30,985.400368617914,-1.33945617479806e-26,1.88602162847813e-33,-138350.410207527,"No MPA"
"3350","Caranx","MT_20",2049,832.88452428883,832.884524290493,1.62471216430404e-05,2.28057902505598e-33,832.884748758798,-1.80428746224037e-29,2.73816884382445e-36,-117124.420523645,703.973882097303,703.973882097303,0.000325147752730111,6.26317002177428e-35,703.97438323857,-5.42549818544733e-31,8.89687617006803e-38,-98714.2746374308,985.400122267821,985.400122281783,3.87227672153913e-06,2.21440077317927e-31,985.400372504152,-1.59581474676889e-27,2.24720919912493e-34,-138350.410207527,"No MPA"
"3351","Caranx","MT_20",2050,832.884540537611,832.884540536022,8.72372248528787e-06,2.47930674695998e-34,832.884757480932,-1.96138584020195e-30,2.97677049634389e-37,-117124.420523645,703.974207244975,703.974207244975,0.000183261166751337,6.20076767420292e-36,703.974566499737,-5.37121899380082e-32,8.80822913708429e-39,-98714.2746374308,985.400126154059,985.400126140313,1.96306268289741e-06,2.63873407755839e-32,985.400374453469,-1.90142547936928e-28,2.67782938913723e-35,-138350.410207527,"No MPA"
"3352","Caranx","MT_20",2051,832.884549259742,832.884549261261,4.68526088867934e-06,2.69552325183401e-35,832.884762167711,-2.13229929709837e-31,3.23637001112452e-38,-117124.420523645,703.974390506096,703.974390506096,0.000103290384747911,6.13923690895059e-37,703.974669790122,-5.3177010369903e-33,8.72082203122161e-40,-98714.2746374308,985.400128103375,985.400128116909,1.00541094186369e-06,3.14468596024601e-33,985.400375472414,-2.26578505992507e-29,3.19127741552782e-36,-138350.410207527,"No MPA"
"3353","Caranx","MT_20",2052,832.88455394652,832.884553945069,2.51522081027616e-06,2.93078155889176e-36,832.884764681481,-2.31825379495121e-32,3.51883200655989e-39,-117124.420523645,703.974493796455,703.974493796455,5.82169174206007e-05,6.07856379588558e-38,703.97472800704,-5.26493164892238e-34,8.63463425139686e-41,-98714.2746374308,985.40012912232,985.400129108993,5.04827912896241e-07,3.74801120498333e-34,985.400375963915,-2.70022754978592e-30,3.80354148250298e-37,-138350.410207527,"No MPA"
"3354","Caranx","MT_20",2053,832.884556460289,832.884556461677,1.35131265165492e-06,3.18677371826514e-37,832.88476603418,-2.52058498408659e-33,3.82618803152661e-40,-117124.420523645,703.974552013358,703.974552013358,3.28124334185186e-05,6.01873441323248e-39,703.974760819473,-5.21289839215404e-35,8.54964556791916e-42,-98714.2746374308,985.400129613821,985.400129626945,2.63365589309725e-07,4.46751590235954e-35,985.400376240404,-3.21828100804782e-31,4.53370630997519e-38,-138350.410207527,"No MPA"
"3355","Caranx","MT_20",2054,832.884557812989,832.884557811663,7.24994997278744e-07,3.46534335015003e-38,832.884766757849,-2.74074808930051e-34,4.16065161889132e-41,-117124.420523645,703.974584825783,703.974584825783,1.84938627065006e-05,5.95973495454754e-40,703.974779313335,-5.16158905353164e-36,8.46583611550224e-43,-98714.2746374308,985.40012989031,985.400129877386,1.27533023990897e-07,5.32565026514919e-36,985.400376355013,-3.83609354086908e-32,5.40455473080713e-39,-138350.410207527,"No MPA"
"3356","Caranx","MT_20",2055,832.884558536658,832.884558537925,3.89926749262837e-07,3.76849932118916e-39,832.884767149044,-2.98032869288073e-35,4.52463470530108e-42,-117124.420523645,703.974603319641,703.974603319641,1.0423577412293e-05,5.90155178631769e-41,703.974789736913,-5.11099163994032e-37,8.38318638641306e-44,-98714.2746374308,985.400130004919,985.400130017648,7.12287401526805e-08,6.34921695148653e-37,985.400376438971,-4.57294232943701e-33,6.44328650956296e-40,-138350.410207527,"No MPA"
"3357","Caranx","MT_20",2056,832.884558927852,832.88455892664,2.08798657565378e-07,4.09843066261991e-40,832.88476735663,-3.24105449631524e-36,4.92076554197142e-43,-117124.420523645,703.974613743216,703.974613743215,5.87497397077897e-06,5.84417147805542e-42,703.974795611887,-5.06109437414973e-38,8.30167722375326e-45,-98714.2746374308,985.400130088877,985.400130076339,2.9982172989038e-08,7.57021746921549e-38,985.400376456415,-5.45184184227311e-34,7.68237728563965e-41,-138350.410207527,"No MPA"
"3358","Caranx","MT_20",2057,832.884559135438,832.884559136597,1.12683312138964e-07,4.45752284324602e-41,832.884767470473,-3.52480815002191e-37,5.35190823262754e-44,-117124.420523645,703.974619618188,703.974619618188,3.31127383146112e-06,5.78758081708946e-43,703.974798923161,-5.01188569074792e-39,8.22128981487037e-46,-98714.2746374308,985.400130106321,985.400130118671,2.14122469221782e-08,9.02686364488847e-39,985.400376490177,-6.50027061062961e-35,9.16060502975434e-42,-138350.410207527,"No MPA"
"3359","Caranx","MT_20",2058,832.884559249281,832.884559248173,5.99728739893798e-08,4.84837552159569e-42,832.884767529337,-3.8336412486289e-38,5.82118404724886e-45,-117124.420523645,703.974622929461,703.974622929461,1.86631192402695e-06,5.73176681485595e-44,703.974800789473,-4.963354232158e-40,8.14200568489608e-47,-98714.2746374308,985.400130140083,985.400130127917,4.9060119589883e-09,1.07647864416874e-39,985.400376482917,-7.75103974153994e-36,1.09242767696413e-42,-138350.410207527,"No MPA"
"3360","Caranx","MT_20",2059,832.884559308145,832.884559309205,3.27177559609475e-08,5.27382191198044e-43,832.884767563115,-4.16978959828623e-39,6.33199467391469e-46,-117124.420523645,703.974624795772,703.974624795772,1.05189738157119e-06,5.67671670848537e-45,703.97480184137,-4.91548884473391e-41,8.06380669040882e-48,-98714.2746374308,985.400130132823,985.400130144728,8.39866247669843e-09,1.28384807233225e-40,985.400376503221,-9.24333088415474e-37,1.30286947617632e-43,-138350.410207527,"No MPA"
"3361","Caranx","MT_20",2060,832.884559341923,832.884559340909,1.70782899539766e-08,5.73694991259053e-44,832.88476757918,-4.53568987226422e-40,6.88804758595347e-47,-117124.420523645,703.974625847669,703.974625847669,5.92874183752562e-07,5.62241795980182e-46,703.974802434244,-4.86827857493273e-42,7.98667501321836e-49,-98714.2746374308,985.400130153127,985.400130141509,4.42930238542705e-10,1.53130321482228e-41,985.400376492046,-1.10239367979308e-37,1.55399089683347e-44,-138350.410207527,"No MPA"
"3362","Caranx","MT_20",2061,832.884559357988,832.884559358957,9.64017687743453e-09,6.2411251562466e-45,832.884767589789,-4.93399778177131e-41,7.49338371787821e-48,-117124.420523645,703.974626440543,703.974626440543,3.34157832282937e-07,5.56885825291475e-47,703.974802768402,-4.82171266556129e-43,7.91059315426978e-50,-98714.2746374308,985.400130141952,985.400130151438,3.96015376950817e-09,1.8266181416719e-42,985.400376505492,-1.31487441716178e-38,1.85368118913708e-45,-138350.410207527,"No MPA"
"3363","Caranx","MT_20",2062,832.884559368597,832.88455936767,4.72770796390827e-09,6.79001616033946e-46,832.884767593589,-5.3676079005854e-42,8.15240766137252e-49,-117124.420523645,703.974626774702,703.974626774701,1.88339194753572e-07,5.51602549106086e-48,703.974802956741,-4.77578055209537e-44,7.83554392766463e-51,-98714.2746374308,985.400130155398,985.400130147491,1.26267567952086e-10,2.1790791955997e-43,985.400376497712,-1.56845061199322e-39,2.21136428151909e-46,-138350.410207527,"No MPA"
"3364","Caranx","MT_20",2063,832.884559372398,832.884559373285,2.96817583815072e-09,7.38762176751145e-47,832.884767597445,-5.83967529483016e-43,8.8699206120147e-50,-117124.420523645,703.97462696304,703.97462696304,1.06152424174338e-07,5.46390779306235e-49,703.974803062894,-4.73047185906985e-45,7.76151045479692e-52,-98714.2746374308,985.400130147618,985.400130152841,1.25246967554374e-09,2.5997800072618e-44,985.400376504187,-1.87109610919836e-40,2.63829816718955e-47,-138350.410207527,"No MPA"
"3365","Caranx","MT_20",2064,832.884559376253,832.884559375404,1.18297234032522e-09,8.03830108749982e-48,832.884767597779,-6.35363912314051e-44,9.65115631864328e-51,-117124.420523645,703.974627069193,703.974627069193,5.98299788873872e-08,5.41249348960538e-50,703.974803122724,-4.68577639653831e-46,7.68847615860169e-53,-98714.2746374308,985.400130154093,985.40013015107,1.22539149214694e-12,3.10197421531639e-45,985.400376501165,-2.23233660631545e-41,3.1479328497123e-48,-138350.410207527,"No MPA"
"3366","Caranx","MT_20",2065,832.884559376587,832.884559377399,1.02837090911309e-09,8.74680616861662e-49,832.88476759962,-6.91324838765931e-45,1.05018203104426e-51,-117124.420523645,703.974627129023,703.974627129023,3.37216178091347e-08,5.36177111945153e-51,703.974803156445,-4.64168415660069e-47,7.61642475791397e-54,-98714.2746374308,985.400130151071,985.400130152725,2.09625195397311e-12,3.70149720429561e-46,985.400376502821,-2.66355252110168e-42,3.75633832964263e-49,-138350.410207527,"No MPA"
"3367","Caranx","MT_40",2015,77.1833391941604,77.1833391941604,33.1538253903349,0.159426172140658,110.177757708194,-13649.7362681681,0.00206555111438062,-150672.797554332,24.2335909616007,24.2335909616007,10.322678486728,0.0365968374265719,34.5196786693014,-9229.82894037395,0.00151016943115661,-125638.038334915,96.9744061363924,96.9744061363924,43.9736565117873,0.693001598469069,140.255085293318,-50945.262193327,0.0071462301531806,-211517.042694267,"No MPA"
"3368","Caranx","MT_40",2016,110.177730163755,110.177728955137,45.5860295471332,0.0297866828102952,155.733999363899,-1786.39682950406,0.000270351196928749,-138809.458115668,34.5196700393817,34.5196698198041,14.5196056887402,0.00626753394901107,49.0330166045149,-1109.62492571455,0.000181564103626517,-117517.834320256,140.255050229547,140.255043606366,60.9230795632354,0.142508365313351,201.035649868059,-7242.55113005039,0.00101606666996834,-167814.33163099,"No MPA"
"3369","Caranx","MT_40",2017,155.733960430399,155.733895504798,61.0382683569833,0.00551104643144494,216.76669174885,-233.807393776148,3.53875665737215e-05,-137256.86867994,49.0330043462608,49.0329925475324,20.2542270084512,0.00107038874554192,69.2861614254922,-133.406222039922,2.18299606098785e-05,-116541.615616581,201.035599609147,201.035243537761,81.937058713154,0.0290460967934905,282.943306413034,-1029.72879790907,0.000144482443927523,-161601.509298849,"No MPA"
"3370","Caranx","MT_40",2018,216.766637557177,216.766362166578,78.625429889206,0.0010041435754354,295.390842103882,-30.6030351741939,4.63237056432182e-06,-137053.664321338,69.2861441039519,69.286093072284,27.8907519083442,0.00018186163430067,97.1766804405343,-16.0395751640888,2.62479024157236e-06,-116424.248969705,282.943235677207,282.941710912388,105.102410800402,0.00581373258774997,388.038378716029,-146.418844863433,2.05473490075174e-05,-160718.199345803,"No MPA"
"3371","Caranx","MT_40",2019,295.390768256171,295.3905534889,96.024746071063,0.000179136158314822,391.415194271515,-4.00586491144395,6.06437764518122e-07,-137027.067151075,97.1766561463642,97.1766078066293,37.708927908309,3.06702316816336e-05,134.885529338877,-1.92852819279045,3.15613086643646e-07,-116410.137922734,388.038281706434,388.037051475672,126.16049805387,0.00113401600865042,514.196512523127,-20.8215774112106,2.92243295085476e-06,-160592.602078351,"No MPA"
"3372","Caranx","MT_40",2020,391.415096417716,391.414997713403,109.245604623573,3.10768767831259e-05,500.660669113898,-0.524389328597126,7.93961945545333e-08,-137023.585675492,134.885495617494,134.885464373841,49.6974290498492,5.11917048676937e-06,184.582922025902,-0.231886183532644,3.79519621702316e-08,-116408.441280725,514.196383973999,514.195843180284,138.575768897569,0.000213752216978795,652.771526874764,-2.96123922869561,4.1570142313184e-07,-160574.741740169,"No MPA"
"3373","Caranx","MT_40",2021,500.660543948731,500.660512232175,113.550645001606,5.20459829333496e-06,614.211277194351,-0.0686496608457076,1.03954606726107e-08,-137023.129935825,184.582875880172,184.582859079463,63.2391387849589,8.42410787744667e-07,247.822043167742,-0.0278829630344451,4.56386094323126e-09,-116408.237277504,652.771363681883,652.771215258708,136.038102085919,3.86036083509763e-05,788.8094419339,-0.421190639914692,5.91380090177768e-08,-160572.20169158,"No MPA"
"3374","Caranx","MT_40",2022,614.211123641531,614.211115215045,105.91332452545,8.36057545004363e-07,720.124592457257,-0.00898777950391506,1.36118885482618e-09,-137023.070273943,247.821981212231,247.821973036211,76.7578640458313,1.36015863403612e-07,324.579898901538,-0.00335287816546136,5.48844895699261e-10,-116408.212747419,788.80924473154,788.809213029484,117.075554856358,6.63700359395306e-06,905.884958451199,-0.0599146104533583,8.41395049534458e-09,-160571.84041555,"No MPA"
"3375","Caranx","MT_40",2023,720.124412426109,720.124410306913,87.6612743741116,1.28360413482309e-07,807.785864583812,-0.00117679017427219,1.78247507205174e-10,-137023.062462954,324.579817756563,324.579814005687,87.5801089407234,2.14243498622096e-08,412.160004069961,-0.000403191667711092,6.60063976096323e-11,-116408.209797733,905.88473197996,905.884725349452,87.6906093496468,1.0845608737757e-06,993.575560085777,-0.00852391628176442,1.19723907952612e-09,-160571.789024856,"No MPA"
"3376","Caranx","MT_40",2024,807.785662637346,807.785662189902,64.4304969639646,1.88562333996831e-08,872.216361081477,-0.000154092294066658,2.33431088935992e-11,-137023.061440256,412.15990102996,412.159899400901,92.4459239707847,3.27195664654612e-09,504.605926408415,-4.84865397638165e-05,7.93855933192858e-12,-116408.209443028,993.575311691887,993.57531079749,57.7640511887575,1.69281644179813e-07,1051.33961021086,-0.00121283024804841,1.70376215941935e-10,-160571.78171377,"No MPA"
"3377","Caranx","MT_40",2025,872.216143027387,872.216142968958,42.6644664821565,2.66653912882622e-09,914.880827502538,-2.01789750907447e-05,3.05719916273989e-12,-137023.061306343,504.605800256933,504.605799612148,88.930132359757,4.81802432344464e-10,593.536058122905,-5.83107475313103e-06,9.54809301931458e-13,-116408.209400372,1051.33934737595,1051.33934730452,34.3461278809503,2.549333741822e-08,1085.68573799488,-0.000172589698819614,2.4248432353039e-11,-160571.78067353,"No MPA"
"3378","Caranx","MT_40",2026,914.880598782331,914.880598771231,26.063943482924,3.66338674841249e-10,940.944770973996,-2.64273034374119e-06,4.00422288705396e-13,-137023.061288806,593.53590973889,593.535909522012,77.1627313440782,6.8164445464073e-11,670.698789250037,-7.0128795740269e-07,1.14844657761228e-13,-116408.209395242,1085.68546657344,1085.68546655168,19.027114294575,3.74721537966473e-09,1104.71285226394,-2.45630165674236e-05,3.45147333940607e-12,-160571.780525503,"No MPA"
"3379","Caranx","MT_40",2027,940.944535737803,940.944535741396,15.0649763435542,4.9352151995889e-11,956.009747321094,-3.46130975475786e-07,5.24495735757194e-14,-137023.06128651,670.698621575339,670.698621517777,60.2897310013671,9.26513014540843e-12,730.988520193833,-8.43464790131762e-08,1.38141447307047e-14,-116408.209394626,1104.71257608573,1104.71257610781,10.0929072432411,5.42775937290863e-10,1114.80575952872,-3.49621553556433e-06,4.91327620728499e-13,-160571.780504436,"No MPA"
"3380","Caranx","MT_40",2028,956.009508318657,956.009508314882,8.41092248468461,6.56836082027615e-12,964.420669801997,-4.53377745004165e-08,6.87060026185073e-15,-137023.061286209,730.988337446703,730.988337435219,42.7982042975426,1.21469317395178e-12,773.78672447989,-1.01452262641546e-08,1.66171306442635e-15,-116408.209394551,1114.80548082728,1114.80548080267,5.22418371047435,7.7979879406897e-11,1120.02994321451,-4.9769415726323e-07,6.9949297211965e-14,-160571.780501438,"No MPA"
"3381","Caranx","MT_40",2029,964.42042869683,964.420428700375,4.6013662660903,8.68046035970433e-13,969.022036071632,-5.93896399547295e-09,9.0006992088696e-16,-137023.06128617,773.786531033209,773.786531031509,28.0877641173926,1.54677784984979e-13,801.874488595583,-1.22033956039573e-09,1.99897181085585e-16,-116408.209394542,1120.02966320702,1120.02966323297,2.66880548686871,1.115502250931e-11,1122.69874872732,-7.08554925858762e-08,9.95957525679695e-15,-160571.780501011,"No MPA"
"3382","Caranx","MT_40",2030,969.021793816122,969.021793812736,2.48860550850829,1.14266833247795e-13,971.510641576754,-7.78020502360703e-10,1.17919746914143e-16,-137023.061286165,801.874288126961,801.874288126771,17.3984758248013,1.92833333704012e-14,819.272964420194,-1.46798879819244e-10,2.40478200075606e-17,-116408.209394541,1122.69846805263,1122.6984680259,1.35408755935894,1.59223290337443e-12,1124.05283625995,-1.00885876685129e-08,1.41821918406813e-15,-160571.78050095,"No MPA"
"3383","Caranx","MT_40",2031,971.510398699093,971.51039870234,1.33749146111501,1.50097344087179e-14,972.848133041115,-1.0192968289928e-10,1.54498919171459e-17,-137023.061286164,819.272759601953,819.272759601937,10.3657658747745,2.37023623984204e-15,829.638730294953,-1.76598279053672e-11,2.89309710289229e-18,-116408.209394541,1124.05255524674,1124.0525552739,0.68462962022568,2.27026992277181e-13,1124.73746590733,-1.43658921014622e-09,2.01971815695578e-16,-160571.780500941,"No MPA"
"3384","Caranx","MT_40",2032,972.847889829082,972.847889825965,0.716379639054496,1.96941808905068e-15,973.564512677052,-1.33548565174119e-11,2.02438389113653e-18,-137023.061286164,829.63852288527,829.638522885268,6.02616079762025,2.88773587195312e-16,835.664891092571,-2.12456780853261e-12,3.48071487806081e-19,-116408.209394541,1124.73718472297,1124.73718469559,0.345534802962755,3.23544501709426e-14,1125.08300068292,-2.04587858952219e-10,2.8766224253801e-17,-160571.78050094,"No MPA"
"3385","Caranx","MT_40",2033,973.564269285924,973.564269288918,0.382998800820125,2.58257808718219e-16,973.947511480867,-1.74987273353255e-12,2.65270359955989e-19,-137023.061286164,835.664682176348,835.664682176349,3.45196936606686,3.49964588223996e-17,839.116860458638,-2.55607854031034e-13,4.18785797936829e-20,-116408.209394541,1125.08271941217,1125.08271943961,0.17423561814431,4.61003258533895e-15,1125.2572363285,-2.91388139341613e-11,4.0975044352645e-18,-160571.78050094,"No MPA"
"3386","Caranx","MT_40",2034,973.947267993988,973.947267991113,0.204561462367359,3.38569995040605e-17,974.152072940359,-2.29299029503196e-13,3.47626531255074e-20,-137023.061286164,839.116650679423,839.116650679423,1.96038466081617,4.22820346727696e-18,841.077245119454,-3.07536476894878e-14,5.03887320887097e-21,-116408.209394541,1125.2569550142,1125.25695498679,0.0878182058275118,6.56828657400831e-16,1125.34505450693,-4.15057629065967e-12,5.8371422657448e-19,-160571.78050094,"No MPA"
"3387","Caranx","MT_40",2035,974.15182940234,974.1518294051,0.109199698640198,4.43804910668964e-18,974.261272641759,-3.00487458624097e-14,4.55580728098636e-21,-137023.061286164,841.077034850143,841.077034850143,1.10779292007004,5.09951334794177e-19,842.185038039524,-3.70030498630565e-15,6.06307372780905e-22,-116408.209394541,1125.34477317067,1125.34477319796,0.0442519905576074,9.35860028657874e-17,1125.38930652478,-5.91274605160872e-13,8.31620510446834e-20,-160571.78050094,"No MPA"
"3388","Caranx","MT_40",2036,974.261029076441,974.261029073792,0.0582769505314488,5.81729864696137e-19,974.319549589642,-3.93802756026521e-15,5.97098418085271e-22,-137023.061286164,842.184827493265,842.184827493264,0.624235249865773,6.14437443160868e-20,842.80927328939,-4.45242488289052e-16,7.29575349131329e-23,-116408.209394541,1125.38902517745,1125.38902515032,0.0222961806915498,1.33351143651086e-17,1125.41160267834,-8.42391799092073e-14,1.18493345261007e-20,-160571.78050094,"No MPA"
"3389","Caranx","MT_40",2037,974.319306009754,974.319306012295,0.0310961747611075,7.62528295772068e-20,974.350645766944,-5.16130248294749e-16,7.82626496710679e-23,-137023.061286164,842.809062587071,842.809062587072,0.351191073695305,7.39936746635453e-21,843.160464363085,-5.35764227392791e-17,8.77940917459965e-24,-116408.209394541,1125.41132132544,1125.41132135237,0.0112332036332075,1.90028068715277e-18,1125.42283590891,-1.20028089575632e-14,1.68852061115269e-21,-160571.78050094,"No MPA"
"3390","Caranx","MT_40",2038,974.350402179282,974.350402176845,0.0165913697903915,9.99554327149857e-21,974.367237134297,-6.76500201945639e-17,1.02586715726254e-23,-137023.061286164,843.160253572969,843.160253572969,0.197399943400379,8.9081691289361e-22,843.357864306485,-6.44716439020308e-18,1.05652120864861e-24,-116408.209394541,1125.4225545532,1125.42255452649,0.0056592971600875,2.70818238844615e-19,1125.42849517936,-1.71039058369356e-15,2.40636879049907e-22,-160571.78050094,"No MPA"
"3391","Caranx","MT_40",2039,974.366993542488,974.366993544825,0.00885195139008988,1.31032259311523e-21,974.376089088024,-8.86756754286668e-18,1.34479336247902e-24,-137023.061286164,843.357653467019,843.35765346702,0.110899648418603,1.07231107853894e-22,843.468763954904,-7.75856875124283e-19,1.27147812799579e-25,-116408.209394541,1125.42821382223,1125.4282138487,0.00285113636537436,3.85992707602263e-20,1125.43134634219,-2.43753643318973e-16,3.42973995465387e-23,-160571.78050094,"No MPA"
"3392","Caranx","MT_40",2040,974.375845494002,974.375845491761,0.00472264962030229,1.7178069460359e-22,974.380811735403,-1.16243568421531e-18,1.76298142500982e-25,-137023.061286164,843.468553087714,843.468553087713,0.062285850500437,1.29070285759182e-23,843.531049805405,-9.33710522903454e-20,1.53023195730438e-26,-116408.209394541,1125.43106498436,1125.43106495814,0.00143636315125937,5.50201993973989e-21,1125.43278267913,-3.47416244603455e-17,4.88880992840854e-24,-160571.78050094,"No MPA"
"3393","Caranx","MT_40",2041,974.3805681402,974.38056814235,0.00251957576023628,2.25214466332234e-23,974.383331313313,-1.52391629102438e-19,2.31135982584797e-26,-137023.061286164,843.530838922642,843.530838922642,0.0349767138688994,1.55354689614351e-24,843.566026519274,-1.12372646208394e-20,1.84171868540215e-27,-116408.209394541,1125.43250132093,1125.43250134689,0.000723636844395688,7.84345465317572e-22,1125.43350634193,-4.95213050282784e-18,6.9692786400838e-25,-160571.78050094,"No MPA"
"3394","Caranx","MT_40",2042,974.38308771748,974.383087715419,0.0013442058789779,2.95287299183735e-24,974.384675517131,-1.99793306818425e-20,3.03050441950536e-27,-137023.061286164,843.565815627767,843.565815627767,0.0196394582090828,1.86993283682951e-25,843.585665977483,-1.352466834639e-21,2.21670003063689e-28,-116408.209394541,1125.43322498355,1125.43322495786,0.000364546649805331,1.11823947342524e-22,1125.43387086288,-7.05954574395277e-19,9.93607767250445e-26,-160571.78050094,"No MPA"
"3395","Caranx","MT_40",2043,974.384431920962,974.384431922938,0.000717139360886624,3.87186455315983e-25,974.385392658468,-2.61955967233621e-21,3.97365091061694e-28,-137023.061286164,843.585455081066,843.585455081066,0.0110270168988338,2.25080209311339e-26,843.596692994382,-1.62783450920422e-22,2.66813695856879e-29,-116408.209394541,1125.43358950442,1125.43358952985,0.00018366679027187,1.59442588133199e-23,1125.4340545551,-1.00647711841496e-19,1.41672107318889e-26,-160571.78050094,"No MPA"
"3396","Caranx","MT_40",2044,974.38514906212,974.385149060225,0.000382594653647976,5.07718025751159e-26,974.385775251226,-3.43481289974323e-22,5.21064898526367e-29,-137023.061286164,843.596482095208,843.596482095208,0.00619119162166377,2.70932864333702e-27,843.602884186003,-1.95934737344186e-23,3.21163971579849e-30,-116408.209394541,1125.43377319659,1125.43377317143,9.25163664965645e-05,2.27360888602201e-24,1125.43414704631,-1.43507064880193e-20,2.02020622782807e-27,-160571.78050094,"No MPA"
"3397","Caranx","MT_40",2045,974.385531654783,974.3855316566,0.000204115851593949,6.65812683389726e-27,974.385979368896,-4.50407062649266e-23,6.83315274402542e-30,-137023.061286164,843.602673285282,843.602673285282,0.00347603009509906,3.26137724904921e-28,843.606360216098,-2.35846881621454e-24,3.86601007439197e-31,-116408.209394541,1125.43386568777,1125.43386571267,4.66210407205745e-05,3.24241698354332e-25,1125.43419369225,-2.04637223007901e-21,2.88103661333984e-28,-160571.78050094,"No MPA"
"3398","Caranx","MT_40",2046,974.385735772401,974.385735770657,0.000108895285549197,8.73189600650298e-28,974.386088262438,-5.90655840451275e-24,8.96143437137569e-31,-137023.061286164,843.606149314508,843.606149314508,0.00195159151969568,3.92605517248144e-29,843.608311807618,-2.83900592475189e-25,4.65389470448722e-32,-116408.209394541,1125.4339123337,1125.43391230906,2.347472185184e-05,4.6244854377243e-26,1125.43421714233,-2.91835221475034e-22,4.10906782790438e-29,-160571.78050094,"No MPA"
"3399","Caranx","MT_40",2047,974.385844665916,974.385844667588,5.80966060138833e-05,1.14522804606501e-28,974.386146360716,-7.74623917861447e-25,1.1753329197333e-31,-137023.061286164,843.60810090554,843.60810090554,0.00109570119198819,4.72637671037284e-30,843.60940750881,-3.41758928891113e-26,5.60257247850668e-33,-116408.209394541,1125.43393578378,1125.43393580815,1.18384844915131e-05,6.59628110859813e-27,1125.43422900519,-4.16228906652955e-23,5.8610987724784e-30,-160571.78050094,"No MPA"
"3400","Caranx","MT_40",2048,974.385902764179,974.385902762575,3.09938388725557e-05,1.5021116898305e-29,974.386177352951,-1.01595453731293e-25,1.5415979542e-32,-137023.061286164,843.609196606458,843.609196606458,0.000615168544444589,5.69006378835565e-31,843.610022677354,-4.11425115821097e-27,6.74490319537626e-34,-116408.209394541,1125.43394764663,1125.43394762252,5.9519801854786e-06,9.40970092907563e-28,1125.43423493306,-5.93701256832883e-24,8.36095143240242e-31,-160571.78050094,"No MPA"
"3401","Caranx","MT_40",2049,974.385933756407,974.385933757945,1.65360024409566e-05,1.97033103019345e-30,974.386193890492,-1.33255302387653e-26,2.02212539133726e-33,-137023.061286164,843.609811774849,843.609811774849,0.000345378595356295,6.85051060787483e-32,843.61036805595,-4.95312213773996e-28,8.1204708618011e-35,-116408.209394541,1125.4339535745,1125.43395359836,3.01049655447066e-06,1.34243461702629e-28,1125.43423796741,-8.46924368009153e-25,1.19281480459508e-31,-160571.78050094,"No MPA"
"3402","Caranx","MT_40",2050,974.385950293944,974.385950292467,8.82126110327352e-06,2.58465612938236e-31,974.386202710277,-1.7479196164704e-27,2.65259929336893e-34,-137023.061286164,843.610157153358,843.610157153357,0.0001939082696384,8.24794607127985e-33,843.610561964219,-5.96327075713344e-29,9.77696147842131e-36,-116408.209394541,1125.43395660885,1125.43395658524,1.50480934668257e-06,1.91536192228233e-29,1125.43423944861,-1.20826431381597e-25,1.70188702073039e-32,-160571.78050094,"No MPA"
"3403","Caranx","MT_40",2051,974.385959113726,974.385959115143,4.7068428240904e-06,3.39072702637463e-32,974.386207418536,-2.29289952015487e-28,3.47985944068507e-35,-137023.061286164,843.610351061579,843.610351061579,0.00010886719323761,9.93083463052711e-34,843.610670831413,-7.17971524831043e-30,1.17718234909301e-36,-116408.209394541,1125.43395809005,1125.43395811341,7.69818260869781e-07,2.73305683653198e-30,1125.43424024179,-1.72393010664514e-26,2.42844649712362e-33,-160571.78050094,"No MPA"
"3404","Caranx","MT_40",2052,974.385963821984,974.385963820625,2.51044599674221e-06,4.44845541456824e-33,974.386209927623,-3.00798091203463e-29,4.56539242930545e-36,-137023.061286164,843.610459928745,843.610459928745,6.11220060582903e-05,1.19575645532299e-34,843.610731953419,-8.64464289833956e-31,1.41742689687e-37,-116408.209394541,1125.43395888323,1125.43395886012,3.76232524022864e-07,3.90019484987142e-31,1125.43424059491,-2.4599000860644e-27,3.46550221275789e-34,-160571.78050094,"No MPA"
"3405","Caranx","MT_40",2053,974.385966331071,974.385966332375,1.33996012208568e-06,5.83649190222506e-34,974.386211268887,-3.94631263628674e-30,5.98991636248484e-37,-137023.061286164,843.610521050736,843.610521050736,3.43161142724056e-05,1.43984826695497e-35,843.610766269533,-1.04088796156827e-31,1.70676855143952e-38,-116408.209394541,1125.43395923635,1125.43395925922,2.01011931331161e-07,5.56626001076136e-32,1125.4342408188,-3.51038789675422e-28,4.94587760882324e-35,-160571.78050094,"No MPA"
"3406","Caranx","MT_40",2054,974.385967672334,974.385967671083,7.14262088937245e-07,7.65809297389143e-35,974.386211981898,-5.17766719895127e-31,7.85940203722581e-38,-137023.061286164,843.610555366841,843.610555366841,1.92663112436448e-05,1.73383468084648e-36,843.610785535844,-1.25336611168932e-32,2.05525433075438e-39,-116408.209394541,1125.43395946024,1125.4339594376,8.99154440849872e-08,7.94474442932858e-33,1125.43424088607,-5.00993732825289e-29,7.05927022759544e-36,-160571.78050094,"No MPA"
"3407","Caranx","MT_40",2055,974.385968385345,974.385968386546,3.81643559849986e-07,1.00488266320848e-35,974.386212364743,-6.79364546496207e-32,1.03129811449667e-38,-137023.061286164,843.610574633148,843.610574633148,1.08168053786518e-05,2.08792817794041e-37,843.61079635265,-1.50927677151227e-33,2.47498990498823e-40,-116408.209394541,1125.43395952751,1125.43395954992,5.653285125722e-08,1.13405819476281e-33,1125.43424096501,-7.15070291273708e-30,1.0076627790087e-36,-160571.78050094,"No MPA"
"3408","Caranx","MT_40",2056,974.38596876819,974.385968767037,2.03046974420313e-07,1.31866935021777e-36,974.386212566637,-8.9145124850308e-33,1.3533333430668e-39,-137023.061286164,843.610585449951,843.610585449951,6.0729464196899e-06,2.51443424205676e-38,843.610802425596,-1.81750974436657e-34,2.98056195217974e-41,-116408.209394541,1125.43395960645,1125.43395958427,1.73669777920168e-08,1.61893505717666e-34,1125.4342409602,-1.02071417251417e-30,1.43849813542949e-37,-160571.78050094,"No MPA"
"3409","Caranx","MT_40",2057,974.385968970084,974.38596897119,1.08863645490136e-07,1.73054212818625e-37,974.386212676607,-1.16981761273403e-33,1.77603306149808e-40,-137023.061286164,843.610591522895,843.610591522895,3.40957206647534e-06,3.02818085404576e-39,843.610805835168,-2.18877676261775e-35,3.58954727148937e-42,-116408.209394541,1125.43395960164,1125.43395962359,1.97505145177923e-08,2.31132968052142e-35,1125.4342410019,-1.45712977054936e-31,2.05372255117227e-38,-160571.78050094,"No MPA"
"3410","Caranx","MT_40",2058,974.385969080054,974.385969078991,5.7562591341563e-08,2.27119284314133e-38,974.386212733107,-1.53519808462718e-34,2.33089591539112e-41,-137023.061286164,843.610594932466,843.610594932466,1.91425727865893e-06,3.64703622747034e-40,843.610807749425,-2.63598535517414e-36,4.32312649653629e-43,-116408.209394541,1125.43395964334,1125.43395962165,1.19696560708856e-09,3.30014065898519e-36,1125.43424098141,-2.08032266157103e-32,2.9323265089636e-39,-160571.78050094,"No MPA"
"3411","Caranx","MT_40",2059,974.385969136554,974.385969137574,3.12054581576182e-08,2.98092658262452e-39,974.386212765333,-2.01482000664744e-35,3.05928649612473e-42,-137023.061286164,843.610596846723,843.610596846723,1.0747333237735e-06,4.39253293716584e-41,843.610808824159,-3.17468952810066e-37,5.20682392498525e-44,-116408.209394541,1125.43395962285,1125.43395964219,9.2753758496945e-09,4.71238530234739e-37,1125.43424101003,-2.97030642441965e-33,4.1871707210881e-40,-160571.78050094,"No MPA"
"3412","Caranx","MT_40",2060,974.38596916878,974.3859691678,1.61721977654614e-08,3.91267562746992e-40,974.386212780525,-2.64443881760549e-36,4.01552852063213e-43,-137023.061286164,843.610597921456,843.610597921456,6.03394170818575e-07,5.2906203299991e-42,843.610809427553,-3.82363305874721e-38,6.27139941150501e-45,-116408.209394541,1125.43395965147,1125.43395963311,3.95543403923426e-10,6.72955925773053e-38,1125.43424099207,-4.24140355958704e-34,5.97952240345118e-41,-160571.78050094,"No MPA"
"3413","Caranx","MT_40",2061,974.385969183972,974.385969184913,9.08486739493009e-09,5.13595922775203e-41,974.386212790551,-3.47101178873327e-37,5.27096869843424e-44,-137023.061286164,843.610598524851,843.610598524851,3.38767364493483e-07,6.37257161577497e-43,843.61080976632,-4.60540445766967e-39,7.55392361567675e-46,-116408.209394541,1125.43395963351,1125.43395964685,4.13707128782673e-09,9.61102341352276e-39,1125.43424100954,-6.05697003919581e-35,8.53983561496284e-42,-160571.78050094,"No MPA"
"3414","Caranx","MT_40",2062,974.385969193998,974.385969193095,4.40798112593268e-09,6.74208628789699e-42,974.386212794056,-4.55621081914992e-38,6.91931618017078e-45,-137023.061286164,843.610598863618,843.610598863618,1.90196254543617e-07,7.67607747456344e-44,843.610809956516,-5.54722657732574e-40,9.09907434293037e-47,-116408.209394541,1125.43395965098,1125.43395964218,1.36159177227578e-11,1.37274392191898e-39,1125.43424100075,-8.65044479633233e-36,1.21974600727235e-42,-160571.78050094,"No MPA"
"3415","Caranx","MT_40",2063,974.385969197503,974.38596919837,2.77299833891671e-09,8.85099144259337e-43,974.386212797696,-5.98103784045958e-39,9.08365833421752e-46,-137023.061286164,843.610599053814,843.610599053814,1.06783059363861e-07,9.24656457665288e-45,843.610810063299,-6.68190858051685e-41,1.09606994926126e-47,-116408.209394541,1125.43395964219,1125.43395964686,1.35349793059071e-10,1.96085734275091e-40,1125.43424100556,-1.23554433330883e-36,1.74231178625531e-43,-160571.78050094,"No MPA"
"3416","Caranx","MT_40",2064,974.385969201143,974.38596920031,1.07474911409618e-09,1.16202177903054e-43,974.386212797938,-7.8518892347278e-40,1.19256796100808e-46,-137023.061286164,843.610599160597,843.610599160597,5.99518965458665e-08,1.11387853244397e-45,843.610810123251,-8.04899369187511e-42,1.32037015073383e-48,-116408.209394541,1125.433959647,1125.43395964555,0,2.80116529070035e-41,1125.43424100411,-1.76487845955643e-37,2.48896398264687e-44,-160571.78050094,"No MPA"
"3417","Caranx","MT_40",2065,974.385969201385,974.385969202185,9.62033093381611e-10,1.5256720976298e-44,974.3862127997,-1.0308524594598e-40,1.56577759166855e-47,-137023.061286164,843.610599220549,843.610599220549,3.36591255506388e-08,1.34187346712621e-46,843.61081015691,-9.69614304393557e-43,1.59063095330672e-49,-116408.209394541,1125.43395964555,1125.43395964713,0,4.00191107276926e-42,1125.43424100569,-2.52120140277898e-38,3.55588174498651e-45,-160571.78050094,"No MPA"
"3418","Caranx","MT_60",2015,67.6714881921237,67.6714881921237,29.5754032308927,0.271258656046524,96.9756496848462,-26482.6647675666,0.00400846199010341,-183012.166535191,25.982213534445,25.982213534445,11.1252994128053,0.0662856516468154,37.0412337911585,-15612.9345660388,0.00255119276067555,-153434.508353896,101.067767733052,101.067767733052,45.7969508498415,1.10855833543411,145.756185514407,-77988.5738072824,0.0109684628755484,-254975.302235268,"No MPA"
"3419","Caranx","MT_60",2016,96.9756254409338,96.9756240233108,41.1945768469947,0.0757451028409263,138.094480011377,-5159.99588562041,0.000781073620473459,-161689.497653245,37.0412245308501,37.0412242446541,15.6754340127894,0.0175028568640816,52.6991646608879,-2891.6685082012,0.000472523644208552,-140713.242296059,145.756149075361,145.75614208455,63.5288857505424,0.327290953161484,208.957773320978,-15964.4810747325,0.00224547092978913,-192951.209502718,"No MPA"
"3420","Caranx","MT_60",2017,138.094445487757,138.094369049775,56.2877461447893,0.0210185247825022,194.361131193402,-1005.43508603845,0.000152203983605663,-157534.936853663,52.6991514860968,52.6991360553375,21.9286098132668,0.00461233572536464,74.6231467076701,-535.58034341618,8.7521998663224e-05,-138357.154131274,208.957721081534,208.957343998799,85.9709466785152,0.096063004807325,294.83227991195,-3268.16280443889,0.000459724943883203,-180254.891232424,"No MPA"
"3421","Caranx","MT_60",2018,194.361082603119,194.360699986362,74.6503654109351,0.00576486857831155,269.005349119001,-195.918324720347,2.9660608289277e-05,-156725.420092345,74.6231280518834,74.6230502042443,30.3116701947003,0.00120975632715045,104.933529298404,-99.2001902692684,1.62115436732315e-05,-137920.773978127,294.83220620388,294.830319156771,111.515462423025,0.0277518961500456,406.318103391716,-669.078283952726,9.41277927516682e-05,-177655.806711938,"No MPA"
"3422","Caranx","MT_60",2019,269.005281867664,269.004890001608,94.9254005584193,0.00155494536134865,363.928802866003,-38.1778801731531,5.78035141198742e-06,-156567.679647797,104.933503065022,104.933416051857,41.1855920071871,0.0003151079173763,146.118719184509,-18.3743346396499,3.00292888360436e-06,-137839.948122497,406.31800181219,406.31612998154,136.173444022366,0.00783128756501922,542.481844295867,-136.985366573398,1.92737887802346e-05,-177123.713794559,"No MPA"
"3423","Caranx","MT_60",2020,363.928711883803,363.928469499203,113.979773365448,0.000409982380086079,477.907923864472,-7.43984727740169,1.12654558836866e-06,-156536.941614902,146.11868265483,146.118618275524,54.6295352369988,8.12802823141631e-05,200.74810876192,-3.40346579661718,5.56261946345212e-07,-137824.977253654,542.481708675406,542.480669741623,153.255161946554,0.00214107132485865,695.733826237312,-28.047608443781,3.94680758922276e-06,-177014.776036429,"No MPA"
"3424","Caranx","MT_60",2021,477.907804387491,477.907698462143,126.905210521873,0.000104932022302418,604.812923528974,-1.4498803302861,2.19565354526055e-07,-156530.951647954,200.748058574893,200.748020412375,70.095410608601,2.06861115461719e-05,270.843460521892,-0.630436320313795,1.03045113294136e-07,-137822.204224178,695.733652303856,695.733289596271,155.336245280927,0.000562338352053279,851.069146472303,-5.74306423059373,8.08266520684193e-07,-176992.471492216,"No MPA"
"3425","Caranx","MT_60",2022,604.812772325743,604.812737649793,128.516845025524,2.58833530630234e-05,733.329707995195,-0.282564639973187,4.27956349367871e-08,-156529.784332264,270.843392811027,270.843373284476,85.9869264921098,5.17020411321413e-06,356.830362317247,-0.11678060202563,1.90892706342361e-08,-137821.69056846,851.068933705016,851.068849073672,138.917083098083,0.000140882748800303,989.986004056293,-1.17603666904081,1.65536196022892e-07,-176987.904464654,"No MPA"
"3426","Caranx","MT_60",2023,733.329524662768,733.329515396509,116.425955536289,6.11723294637186e-06,849.755648147992,-0.0550710950574775,8.3417225297281e-09,-156529.556838719,356.830273109657,356.830264143647,99.41312767986,1.26190626066438e-06,456.243479769191,-0.0216326571795924,3.53643185708638e-09,-137821.595420515,989.985756559792,989.985739657242,108.432997519995,3.35652522283959e-05,1098.41895110849,-0.240841387321623,3.39047745150032e-08,-176986.969269373,"No MPA"
"3427","Caranx","MT_60",2024,849.75543570908,849.75543348173,93.5506789075881,1.38174058053918e-06,943.306323446489,-0.0107337880186618,1.62604459714163e-09,-156529.512501412,456.243365708321,456.243361932912,106.60232069035,2.98917997820571e-07,562.845796385214,-0.00400737046686991,6.55172097975161e-10,-137821.577795228,1098.41867650375,1098.41867366423,74.2710384510199,7.6282669604467e-06,1172.68997909172,-0.0493261314512179,6.94476998356381e-09,-176986.777754117,"No MPA"
"3428","Caranx","MT_60",2025,943.306087619909,943.306087197596,66.9579167653883,2.99007504289901e-07,1010.26423949056,-0.00209222342320614,3.16978161662673e-10,-156529.503859848,562.845655673765,562.845654220633,104.381720823966,6.83201976104201e-08,667.227515687728,-0.000742371606318904,1.21383508679209e-10,-137821.574530229,1172.68968591923,1172.68968564303,45.6266636080021,1.66827164621571e-06,1218.31664075525,-0.0101032017127654,1.422602457588e-09,-176986.738531187,"No MPA"
"3429","Caranx","MT_60",2026,1010.2639869245,1010.26398686701,43.431479088602,6.24282383660452e-08,1053.69571845925,-0.000407839645660766,6.17939702563046e-11,-156529.502175464,667.227348880849,667.227348391726,92.2500381859868,1.50055556373096e-08,759.477553369586,-0.000137530174115972,2.24894137074771e-11,-137821.573925388,1218.31633617609,1218.31633612768,25.9150933032261,3.55056713029924e-07,1244.23173365501,-0.00206954785866164,2.91432211589294e-10,-176986.730497533,"No MPA"
"3430","Caranx","MT_60",2027,1053.69545503532,1053.69545503023,26.1670256064529,1.26939756797863e-08,1079.86274404792,-7.95053105139386e-05,1.20470980923692e-11,-156529.501847129,759.477363500198,759.477363366924,73.3269225968923,3.1646489289403e-09,832.80447583004,-2.5479564381555e-05,4.16687618337082e-12,-137821.573813337,1244.23142259708,1244.23142260807,14.002642132417,7.42883743294634e-08,1258.23437572413,-0.000423959356310574,5.97062205697856e-11,-176986.728851945,"No MPA"
"3431","Caranx","MT_60",2028,1079.86247408223,1079.86247408125,15.0040157835937,2.53633566538044e-09,1094.866759828,-1.54998117689802e-05,2.34875745029683e-12,-156529.501783124,832.804267628921,832.804267601428,52.7959800355623,6.42983634354429e-10,885.600455837466,-4.72068511489154e-06,7.72070339455831e-13,-137821.573792578,1258.23406116554,1258.23406115271,7.34995781930849,1.53918560819203e-08,1265.58433351522,-8.6856718572495e-05,1.22329006255814e-11,-176986.728514842,"No MPA"
"3432","Caranx","MT_60",2029,1094.86648611131,1094.86648611179,8.3449686910608,5.01388527578621e-10,1103.21172851904,-3.02189014825482e-06,4.57944789243023e-13,-156529.501770646,885.600234437352,885.600234433137,35.0028581580197,1.26693566700376e-10,920.603313991144,-8.74656073519699e-07,1.43059509359182e-13,-137821.573788732,1265.58401711914,1265.58401713057,3.79731397853563,3.1721820544891e-09,1269.38164750202,-1.77955656178588e-05,2.50649598804558e-12,-176986.728445781,"No MPA"
"3433","Caranx","MT_60",2030,1103.2114527161,1103.21145271562,4.55986813123905,9.85067669755926e-11,1107.77159664969,-5.89185012507149e-07,8.92908989535757e-14,-156529.501768213,920.603083840316,920.603083839834,21.816804205022,2.44040847341072e-11,942.42011819566,-1.62064503898554e-07,2.65087952250647e-14,-137821.57378802,1269.3813301566,1269.3813301452,1.94549863856864,6.51965158739463e-10,1271.32714612853,-3.64626806196231e-06,5.13608464422389e-13,-176986.728431632,"No MPA"
"3434","Caranx","MT_60",2031,1107.77131970679,1107.77131970724,2.46700875167585,1.92872602925365e-11,1110.23860540179,-1.14880074422806e-07,1.74108637113177e-14,-156529.501767739,942.419882590631,942.419882590587,13.0376379568567,4.62936097036674e-12,955.457756152469,-3.0030003460845e-08,4.91220516305406e-15,-137821.573787888,1271.32682829675,1271.32682830811,0.992429311548941,1.33808022795454e-10,1272.31957545131,-7.47159560757195e-07,1.05250661250275e-13,-176986.728428733,"No MPA"
"3435","Caranx","MT_60",2032,1110.23832784214,1110.23832784172,1.32746961037506,3.76936982148191e-12,1111.56607501175,-2.2400476538433e-08,3.39509885815741e-15,-156529.501767647,955.45751728803,955.457517288026,7.58578255984253,8.69736380683238e-13,963.043538712307,-5.56465744163741e-09,9.10282401375418e-16,-137821.573787863,1272.31925737142,1272.31925736002,0.505126694345117,2.74436025857097e-11,1272.82470213423,-1.5311079721138e-07,2.15697401149983e-14,-176986.728428138,"No MPA"
"3436","Caranx","MT_60",2033,1111.56579712023,1111.56579712062,0.712190684942361,7.35933807995906e-13,1112.27826569708,-4.36806465966553e-09,6.62069331315395e-16,-156529.501767629,963.043297951422,963.043297951422,4.34295601814849,1.62455637497535e-13,967.386494730455,-1.03118378121053e-09,1.68689816158006e-16,-137821.573787859,1272.82438392805,1272.82438393947,0.256807005964687,5.62679283377207e-12,1273.0815091516,-3.1378038747069e-08,4.42071309924867e-15,-176986.728428017,"No MPA"
"3437","Caranx","MT_60",2034,1112.27798762751,1112.27798762715,0.381484765209268,1.43610720015176e-13,1112.65975046192,-8.51804519003801e-10,1.29114021593484e-16,-156529.501767625,967.386252883832,967.386252883832,2.46297363547914,3.02422862987223e-14,969.849468365934,-1.91094259624735e-10,3.12618446334097e-17,-137821.573787858,1273.08119088122,1273.08119086983,0.130485341668078,1.15351492226884e-12,1273.21199448187,-6.43092079782862e-09,9.06080964947454e-16,-176986.728427992,"No MPA"
"3438","Caranx","MT_60",2035,1112.65947229698,1112.65947229733,0.204167800741737,2.8017189778067e-14,1112.86391826301,-1.66115359042658e-10,2.51803750126089e-17,-156529.501767624,969.849225903567,969.849225903568,1.38922049709816,5.61898206348272e-15,971.238688863033,-3.54138158028824e-11,5.79366411671076e-18,-137821.573787858,1273.21167617888,1273.21167619021,0.0662809412229932,2.36466477359763e-13,1273.27827543444,-1.31809833316093e-09,1.85724355711863e-16,-176986.728427987,"No MPA"
"3439","Caranx","MT_60",2036,1112.86364004703,1112.8636400467,0.109219096614767,5.46527279661119e-15,1112.9731373593,-3.23965323745129e-11,4.9109982873212e-18,-156529.501767624,971.238446053361,971.23844605336,0.781159035441878,1.04287185551485e-15,972.019847898474,-6.56313094593665e-12,1.07375444107944e-18,-137821.573787858,1273.27795711487,1273.27795710361,0.0336628177039268,4.84753705947469e-14,1273.31193824089,-2.70177793813727e-10,3.80713089432139e-17,-176986.728427986,"No MPA"
"3440","Caranx","MT_60",2037,1112.97285911601,1112.97285911632,0.0584121963677296,1.06605795093935e-15,1113.03154955597,-6.31838507800896e-12,9.57846973260054e-19,-156529.501767624,972.019604893512,972.019604893512,0.438479365464775,1.93439287452034e-16,972.458327263939,-1.21636109718901e-12,1.99007548940748e-19,-137821.573787858,1273.3116199129,1273.31161992405,0.0170954068190147,9.93776168852852e-15,1273.32903365885,-5.53832697764113e-11,7.8046560234547e-18,-176986.728427985,"No MPA"
"3441","Caranx","MT_60",2038,1113.03127129809,1113.03127129779,0.0312357241771822,2.07945089721806e-16,1113.06278527986,-1.23234533596497e-12,1.86827668815643e-19,-156529.501767624,972.458084149358,972.458084149358,0.245884978496583,3.58688968934466e-17,972.704212242436,-2.25437927477991e-13,3.68847650205902e-20,-137821.573787858,1273.32871532659,1273.32871531557,0.00868142906656197,2.0374046386195e-15,1273.3377150769,-1.13536250423795e-11,1.60006140185551e-18,-176986.728427985,"No MPA"
"3442","Caranx","MT_60",2039,1113.06250701416,1113.06250701444,0.0167020272905419,4.05624884569066e-17,1113.07948730743,-2.40368460605808e-13,3.64422285906432e-20,-156529.501767624,972.703969066383,972.703969066383,0.137808222020096,6.64994656763231e-18,972.842020464456,-4.17834588613123e-14,6.83655574216315e-21,-137821.573787858,1273.33739674247,1273.33739675335,0.00440854511570096,4.17724519591522e-16,1273.3421236329,-2.32764865912429e-12,3.28054776549436e-19,-176986.728427985,"No MPA"
"3443","Caranx","MT_60",2040,1113.07920903756,1113.07920903729,0.00893039176914593,7.912495273581e-18,1113.08841769893,-4.68857871260472e-14,7.10865249410135e-21,-156529.501767624,972.841777253951,972.841777253951,0.0772118238126477,1.23277228400084e-18,972.919232288269,-7.74452328563038e-15,1.26718650928779e-21,-137821.573787858,1273.34180529737,1273.34180528662,0.00223868741197507,8.56501114871106e-17,1273.34436230957,-4.7722934776102e-13,6.7264021112211e-20,-176986.728427985,"No MPA"
"3444","Caranx","MT_60",2041,1113.08813942682,1113.08813942708,0.00477488754595812,1.54353997006417e-18,1113.09319258673,-9.14583928847679e-15,1.38671820272383e-21,-156529.501767624,972.918989058461,972.918989058461,0.0432530890008273,2.28524795771732e-19,972.96248537727,-1.43548233002189e-15,2.3488568031927e-22,-137821.573787858,1273.34404397348,1273.34404398407,0.00113682204398647,1.75627212413522e-17,1273.34549914221,-9.78506249087386e-14,1.37925935522244e-20,-176986.728427985,"No MPA"
"3445","Caranx","MT_60",2042,1113.09291431343,1113.09291431319,0.00255300166948128,3.01119723139791e-19,1113.09574558816,-1.78412178661735e-15,2.70525168193702e-22,-156529.501767624,972.962242136648,972.962242136648,0.0242274785978122,4.23624852831743e-20,972.986712855867,-2.66080985161938e-16,4.35396902962277e-23,-137821.573787858,1273.34518080583,1273.34518079539,0.000577277269189796,3.60148710705863e-18,1273.34607640903,-2.0064424861407e-14,2.82836599295697e-21,-176986.728427985,"No MPA"
"3446","Caranx","MT_60",2043,1113.09546731422,1113.09546731445,0.0013650124674231,5.87459776634095e-20,1113.09711060086,-3.48051857109443e-16,5.27771109504765e-23,-156529.501767624,972.986469609189,972.986469609189,0.0135698688927409,7.85296765237771e-21,973.00028272476,-4.93222213489751e-17,8.07099166783895e-24,-137821.573787858,1273.34575807251,1273.34575808281,0.000293148313754452,7.38581098761167e-19,1273.34636956764,-4.11449352988568e-15,5.80031707361162e-22,-176986.728427985,"No MPA"
"3447","Caranx","MT_60",2044,1113.09683232658,1113.09683232636,0.000729828309692154,1.14613304231659e-20,1113.09784042894,-6.79018946313274e-17,1.02967928979521e-23,-156529.501767624,973.000039474689,973.000039474689,0.0076002842226279,1.45577471611286e-21,973.007883008983,-9.14290458987111e-18,1.49617090761387e-24,-137821.573787858,1273.34605123105,1273.3460512209,0.000148856449251318,1.51474936128386e-19,1273.34651841394,-8.43786381494707e-16,1.18958156043449e-22,-176986.728427985,"No MPA"
"3448","Caranx","MT_60",2045,1113.09756215448,1113.0975621547,0.000390215272460162,2.23619699069343e-21,1113.09823064443,-1.3247632042255e-17,2.00898511296337e-24,-156529.501767624,973.007639757012,973.007639757012,0.00425673479509017,2.69876201537304e-22,973.012139743778,-1.69487819564087e-18,2.7736281098024e-25,-137821.573787858,1273.34620007731,1273.34620008731,7.55946813922914e-05,3.10677339575995e-20,1273.34659401862,-1.73051353497334e-16,2.43984913048625e-23,-176986.728427985,"No MPA"
"3449","Caranx","MT_60",2046,1113.09795236987,1113.09795236967,0.000208634975467477,4.36318146152491e-22,1113.0984392792,-2.58471699034183e-18,3.91985302051809e-25,-156529.501767624,973.011896490743,973.011896490743,0.00238407106152809,5.00318087839261e-23,973.01452381484,-3.14199518917824e-19,5.14195113712568e-26,-137821.573787858,1273.34627568197,1273.34627567212,3.83822452358232e-05,6.3724217204113e-21,1273.34663239101,-3.54930849962774e-17,5.00446755843611e-24,-176986.728427985,"No MPA"
"3450","Caranx","MT_60",2047,1113.09816100459,1113.09816100479,0.000111550198191617,8.51362842104934e-23,1113.0985508296,-5.04319849623153e-19,7.64858535473506e-26,-156529.501767624,973.014280561208,973.014280561208,0.00133524041995394,9.27554949918167e-24,973.01585905526,-5.82485649580774e-20,9.53279655355563e-27,-137821.573787858,1273.34631405436,1273.34631406407,1.94954475768607e-05,1.30715016186883e-21,1273.34665189617,-7.28012196287351e-18,1.02654699719459e-24,-176986.728427985,"No MPA"
"3451","Caranx","MT_60",2048,1113.09827255496,1113.09827255477,5.96420311954777e-05,1.66128554183253e-23,1113.09861047144,-9.84050523198064e-20,1.49248738181751e-26,-156529.501767624,973.015615801295,973.015615801295,0.000747822350894831,1.71967057078212e-24,973.01660687761,-1.07988524982355e-20,1.767361297124e-27,-137821.573787858,1273.34633355951,1273.34633354994,9.89505606668256e-06,2.68146660556517e-22,1273.34666178166,-1.49334314846985e-18,2.10584180008809e-25,-176986.728427985,"No MPA"
"3452","Caranx","MT_60",2049,1113.09833219678,1113.09833219697,3.18886634154108e-05,3.24184330838468e-24,1113.09864236028,-1.92020212991163e-20,2.9124493354741e-27,-156529.501767624,973.016363623458,973.016363623458,0.000418828938771417,3.18832964560319e-25,973.017025706549,-2.00208552052914e-21,3.27674740910587e-28,-137821.573787858,1273.34634344499,1273.34634345442,5.02944315763232e-06,5.50104426214636e-23,1273.34666682053,-3.06341982637193e-19,4.32014660834728e-26,-176986.728427985,"No MPA"
"3453","Caranx","MT_60",2050,1113.09836408562,1113.09836408545,1.70497031779195e-05,6.32641748097412e-25,1113.09865940981,-3.747094605471e-21,5.68360901739957e-28,-156529.501767624,973.016782452293,973.016782452293,0.000234571104361659,5.9114443969945e-26,973.017260277653,-3.71193402910956e-22,6.07537611451552e-29,-137821.573787858,1273.34634848387,1273.34634847457,2.54932154831862e-06,1.12860926892324e-23,1273.34666936056,-6.28462345664323e-20,8.86333076711398e-27,-176986.728427985,"No MPA"
"3454","Caranx","MT_60",2051,1113.09838113515,1113.09838113531,9.11597921434382e-06,1.234643905499e-25,1113.09866852596,-7.31240898480516e-22,1.1091953934736e-28,-156529.501767624,973.017017023338,973.017017023338,0.000131374814165342,1.09606540359343e-26,973.017391652468,-6.8822501463534e-23,1.12646039113495e-29,-137821.573787858,1273.34635102389,1273.34635103305,1.29912640526511e-06,2.3156221860135e-24,1273.34667066885,-1.28937051199371e-20,1.81853240891292e-27,-176986.728427985,"No MPA"
"3455","Caranx","MT_60",2052,1113.09839025129,1113.09839025113,4.87392720533038e-06,2.40959233123109e-26,1113.09867339972,-1.42706691052658e-22,2.16476077041943e-29,-156529.501767624,973.01714839812,973.01714839812,7.35782727567883e-05,2.03231866951578e-27,973.01746523074,-1.27606621302106e-23,2.08867661251595e-30,-137821.573787858,1273.34635233218,1273.34635232315,6.5519040338836e-07,4.75135296545221e-25,1273.34667131501,-2.64546379320024e-21,3.73138994658579e-28,-176986.728427985,"No MPA"
"3456","Caranx","MT_60",2053,1113.09839512506,1113.09839512521,2.60599803257483e-06,4.7028741414016e-27,1113.09867600588,-2.78513459651966e-23,4.22502896983756e-30,-156529.501767624,973.017221976374,973.017221976374,4.12085174361934e-05,3.76842269170156e-28,973.017506439258,-2.36607489798539e-24,3.87292399814008e-31,-137821.573787858,1273.34635297834,1273.34635298724,3.3715187433178e-07,9.74972295135183e-26,1273.34667166106,-5.42814466963607e-22,7.65677028179852e-29,-176986.728427985,"No MPA"
"3457","Caranx","MT_60",2054,1113.09839773121,1113.09839773106,1.393267255799e-06,9.17911920310487e-28,1113.098677399,-5.43583130107079e-24,8.24645595307168e-31,-156529.501767624,973.017263184881,973.017263184881,2.30793913839328e-05,6.98779026663474e-29,973.017529518649,-4.38728915652284e-25,7.18156684786325e-32,-137821.573787858,1273.34635332439,1273.34635331562,1.66825189030304e-07,2.00074862812845e-26,1273.34667181911,-1.11384919257219e-22,1.57125209705736e-29,-176986.728427985,"No MPA"
"3458","Caranx","MT_60",2055,1113.09839912433,1113.09839912447,7.45001309812976e-07,1.79166360857552e-28,1113.09867814414,-1.06097126700409e-24,1.60961794758588e-31,-156529.501767624,973.017286264267,973.017286264267,1.29259267678657e-05,1.29578377036094e-29,973.017542444576,-8.13535467599203e-26,1.33171677904093e-32,-137821.573787858,1273.34635348244,1273.34635349109,8.90335024809993e-08,4.10599044879109e-27,1273.3466719168,-2.28573904560642e-23,3.22456605075603e-30,-176986.728427985,"No MPA"
"3459","Caranx","MT_60",2056,1113.09839986947,1113.09839986933,3.98261211232686e-07,3.49727419522973e-29,1113.09867854226,-2.07089979375432e-25,3.14192646519058e-32,-156529.501767624,973.01729919019,973.01729919019,7.23934069974159e-06,2.40291056356117e-30,973.017549683917,-1.50858281415367e-26,2.46954495550428e-33,-137821.573787858,1273.34635358013,1273.3463535716,4.09530255109291e-08,8.42691040583508e-28,1273.34667194922,-4.69085549107819e-24,6.6179231404044e-31,-176986.728427985,"No MPA"
"3460","Caranx","MT_60",2057,1113.09840026759,1113.09840026773,2.12999840020648e-07,6.82685345066058e-30,1113.09867875539,-4.04233493948781e-26,6.1331969772897e-33,-156529.501767624,973.017306429529,973.017306429529,4.05449100523819e-06,4.45610118162865e-31,973.017553738408,-2.79752657417158e-27,4.57967195255236e-34,-137821.573787858,1273.34635361255,1273.34635362096,2.49947617235115e-08,1.72959225619666e-28,1273.34667198262,-9.6272554551706e-25,1.35830429709219e-31,-176986.728427985,"No MPA"
"3461","Caranx","MT_60",2058,1113.09840048072,1113.0984004806,1.13823232539877e-07,1.33268987921691e-30,1113.09867886909,-7.89083917358725e-27,1.1972791852624e-33,-156529.501767624,973.017310484019,973.017310484019,2.27077266169206e-06,8.26389548329039e-32,973.01755600918,-5.18790069387728e-28,8.49305899111467e-35,-137821.573787858,1273.34635364596,1273.34635363766,8.5522490838786e-09,3.55012691665486e-29,1273.34667198288,-1.97595864692426e-25,2.78802858229272e-32,-176986.728427985,"No MPA"
"3462","Caranx","MT_60",2059,1113.09840059442,1113.09840059454,6.09155031631894e-08,2.601687785143e-31,1113.09867893013,-1.54039362045135e-27,2.33733795083318e-34,-156529.501767624,973.017312754791,973.017312754791,1.27177700370441e-06,1.53259319167799e-32,973.017557280957,-9.6210268092515e-29,1.57509305172653e-35,-137821.573787858,1273.34635364621,1273.34635365439,8.42546590264415e-09,7.28733432400998e-30,1273.34667199949,-4.05581370599123e-26,5.72297747687359e-33,-176986.728427985,"No MPA"
"3463","Caranx","MT_60",2060,1113.09840065546,1113.09840065534,3.25137115904543e-08,5.07924019091537e-32,1113.09867896253,-3.00716868097316e-28,4.56315355238527e-35,-156529.501767624,973.017314026568,973.017314026568,7.12275947585078e-07,2.84237411392423e-33,973.017557993233,-1.78428202295179e-29,2.92119509319759e-36,-137821.573787858,1273.34635366282,1273.34635365475,7.24753277456729e-10,1.49595335498764e-30,1273.34667199214,-8.32535600144212e-27,1.17482017103685e-33,-176986.728427985,"No MPA"
"3464","Caranx","MT_60",2061,1113.09840068786,1113.09840068797,1.74374837380206e-08,9.91653049967955e-33,1113.09867898007,-5.87085510861308e-29,8.90894103739512e-36,-156529.501767624,973.017314738844,973.017314738844,3.98919829735689e-07,5.27166525099579e-34,973.017558392153,-3.30916061410581e-30,5.41785213194729e-37,-137821.573787858,1273.34635365548,1273.34635366296,3.88104295339835e-09,3.07108492658581e-31,1273.34667200351,-1.70903977887051e-27,2.41182153622086e-34,-176986.728427985,"No MPA"
"3465","Caranx","MT_60",2062,1113.0984007054,1113.0984007053,9.27191323460359e-09,1.93614605651198e-33,1113.09867898924,-1.14620517151747e-29,1.73941995716504e-36,-156529.501767624,973.017315137763,973.017315137763,2.23420405078334e-07,9.77747277308529e-35,973.017558615573,-6.13740004213822e-31,1.00486087725302e-37,-137821.573787858,1273.34635366684,1273.34635365948,1.78728905778668e-10,6.30506966887087e-32,1273.34667199632,-3.50853606922681e-28,4.95157352471055e-35,-176986.728427985,"No MPA"
"3466","Caranx","MT_60",2063,1113.09840071457,1113.09840071467,5.00663867663232e-09,3.78036536571193e-34,1113.09867899435,-2.23790026443615e-30,3.39625357308367e-37,-156529.501767624,973.017315361184,973.017315361184,1.25129678627779e-07,1.81350006887274e-35,973.017558740703,-1.13831700094374e-31,1.86378966424102e-38,-137821.573787858,1273.34635365966,1273.3463536652,1.87110240830848e-09,1.29452998179602e-32,1273.34667200374,-7.20317571178894e-29,1.01663593290466e-35,-176986.728427985,"No MPA"
"3467","Caranx","MT_60",2064,1113.09840071968,1113.09840071958,2.62962441907129e-09,7.38153466223292e-35,1113.09867899688,-4.36954672043873e-31,6.63151866185118e-38,-156529.501767624,973.017315486313,973.017315486313,7.0080587108192e-08,3.3637264790175e-36,973.017558810784,-2.11132059075518e-32,3.4570049109606e-39,-137821.573787858,1273.34635366707,1273.34635366321,1.39644081914154e-11,2.65802075167234e-33,1273.34667199989,-1.4789252796279e-29,2.08742898545427e-36,-176986.728427985,"No MPA"
"3468","Caranx","MT_60",2065,1113.09840072221,1113.0984007223,1.45132195235832e-09,1.44137409014949e-35,1113.09867899843,-8.53196912329198e-32,1.29492031330811e-38,-156529.501767624,973.017315556394,973.017315556394,3.92495466944522e-08,6.23930007356758e-37,973.017558850033,-3.91613162734479e-33,6.41232012420539e-40,-137821.573787858,1273.34635366323,1273.34635366534,1.68290887563196e-10,5.45793702684756e-34,1273.34667200218,-3.03663425233847e-30,4.28629307859691e-37,-176986.728427985,"No MPA"
"3469","Cephalopholis","MT",2015,44.8983243757409,44.8983243757409,157.692011828478,11.0467043381434,660.105145990334,-95100.545149925,0.0215142519625582,-201398.680806519,39.9913181813184,39.9913181813184,64.6781803074831,8.26446612712278,513.75674558036,-62652.7347889025,0.0180706068742841,-151603.684490555,57.022707703838,57.022707703838,328.530471557852,14.6090384901432,966.036421667709,-122494.928424993,0.022402549773479,-244442.158230592,"No MPA"
"3470","Cephalopholis","MT",2016,57.7213887912868,57.7213489498343,154.808632456405,0.683097255304018,814.230641349983,-4572.26982807835,0.00103484408267946,-110870.405484673,44.924286738138,44.9242692513027,56.1828246980378,0.476246905029974,569.463305886533,-3213.40755997113,0.000926992992830181,-92164.3572616231,84.4728513636549,84.4727642262695,355.928216670855,0.966096884526986,1320.99845431665,-5462.13758670877,0.00100009379777572,-127409.367392309,"No MPA"
"3471","Cephalopholis","MT",2017,71.1985411727563,71.198319174952,128.829891298737,0.0405443224191553,943.019766328496,-219.910255203723,4.97953604540661e-05,-106518.045911798,49.7954198374471,49.7953240834037,44.2439256085795,0.0270832590637466,613.680052482005,-164.834907159798,4.75594972146516e-05,-89115.7846088117,115.511696640245,115.511206878472,284.538396196027,0.0590364336722251,1605.47732431723,-243.812327976171,4.46922775724125e-05,-122191.042133576,"No MPA"
"3472","Cephalopholis","MT",2018,82.4602124385083,82.459867091214,89.0842998966611,0.0022603848785933,1032.10146049298,-10.581083947853,2.3969914335304e-06,-106308.716740542,53.6618523850892,53.661709829489,32.2562099613143,0.0014975972865993,645.934622290433,-8.45656221444589,2.44036492563263e-06,-88959.4062638664,140.387302531144,140.38657851916,148.893002611424,0.00320966750711744,1754.36639324917,-10.8944956610377,1.99924022775855e-06,-121958.124301261,"No MPA"
"3473","Cephalopholis","MT",2019,90.2497579893776,90.2494168269534,51.9849198171807,0.000119131122301134,1084.08592001662,-0.509316218127072,1.15426584836161e-07,-106298.644972813,56.4822796693134,56.4821302886468,22.1096400602629,8.08939266526871e-05,668.044032076102,-0.433909932714013,1.25235837252005e-07,-88951.3836115846,153.40656754793,153.406036297362,50.0795669941111,0.000157053021227475,1804.44527193969,-0.487324827361103,8.95218904906121e-08,-121947.717130427,"No MPA"
"3474","Cephalopholis","MT",2020,94.7954204758696,94.7951688379326,26.7049731458929,6.02791633165951e-06,1110.79063549666,-0.0245253406713994,5.5603874726006e-09,-106298.160181935,58.4155865764576,58.4154566282725,14.4713376820556,4.29400615713733e-06,682.515235515967,-0.0222671876193138,6.42774184642047e-09,-88950.9719688396,157.785600865101,157.785380624416,12.5475184246962,7.24034529780423e-06,1816.99256288335,-0.0218210531584736,4.01251120145253e-09,-121947.251626653,"No MPA"
"3475","Cephalopholis","MT",2021,97.1305534075657,97.1304015699654,12.6782548078505,2.97641693278011e-07,1123.46873816927,-0.00118143052000516,2.6795524186322e-10,-106298.136838025,59.6809879524415,59.6808876104657,9.17097964010169,2.25193388847296e-07,691.686114588899,-0.00114285172262783,3.29946726471744e-10,-88950.9508445036,158.882770101299,158.882708930031,2.80504151571415,3.27092266314225e-07,1819.79754290071,-0.000978049742229493,1.80018541504634e-10,-121947.23078365,"No MPA"
"3476","Cephalopholis","MT",2022,98.2391611770197,98.2390809962464,5.7718763042167,1.45123033562259e-08,1129.2405342782,-5.69327948266016e-05,1.29174161260708e-11,-106298.135713527,60.4829145541989,60.4828431602257,5.68873128466567,1.17163734600532e-08,697.374774467875,-5.86640357290031e-05,1.69388715342038e-11,-88950.949760316,159.128045180757,159.12803180375,0.608518099098815,1.4711140943207e-08,1820.40604760809,-4.38794854912816e-05,8.0839440425042e-12,-121947.229849479,"No MPA"
"3477","Cephalopholis","MT",2023,98.7438627222983,98.743823905812,2.57498213402644,7.03444417079052e-10,1131.81547759503,-2.74457172101626e-06,6.22936024342548e-13,-106298.135659339,60.9803464414828,60.9802985085807,3.48066034290226,6.06521342722583e-10,700.855386877269,-3.01169168411353e-06,8.69721176611403e-13,-88950.9497046636,159.181254486895,159.181251936619,0.131114733530062,6.61444687253169e-10,1820.53715979068,-1.9704594424943e-06,3.63350084299945e-13,-121947.22980757,"No MPA"
"3478","Cephalopholis","MT",2024,98.9690227671934,98.9690050288871,1.13812769250727,3.40125675329004e-11,1132.9535875492,-1.3235543970276e-07,3.00513395018266e-14,-106298.135656727,61.2847006543453,61.2846698019401,2.1115100215202,3.13010216551848e-11,702.966866046352,-1.5463393560921e-07,4.46611813875111e-14,-88950.9497018066,159.192719292635,159.192718844682,0.0282086449852418,2.97586496292374e-11,1820.56536798768,-8.85664930586295e-08,1.63460819747364e-14,-121947.229805688,"No MPA"
"3479","Cephalopholis","MT",2025,99.0685421961067,99.0685344071716,0.500954421958027,1.64303593728039e-12,1133.45453418222,-6.38501503786653e-09,1.45022357768377e-15,-106298.135656601,61.4693341340018,61.4693148890554,1.27421723214637,1.61238751213819e-12,704.241064033551,-7.94061611088204e-09,2.293689532522e-15,-88950.9497016599,159.195185894079,159.195185819354,0.00606692469475894,1.3399391479413e-12,1820.57143483765,-3.98435339632043e-09,7.36001668297426e-16,-121947.229805604,"No MPA"
"3480","Cephalopholis","MT",2026,99.112346331772,99.1123430092275,0.220091919769746,7.93522094699185e-14,1133.67462277945,-3.08129257343327e-10,7.0009169601887e-17,-106298.135656595,61.5807534705468,61.5807417497825,0.766490607318831,8.29687029450198e-14,705.007542920105,-4.07810272319054e-10,1.17812939065727e-16,-88950.9497016523,159.195716395936,159.195716383881,0.00130472652699373,6.03835218683252e-14,1820.57273955213,-1.79400222359641e-10,3.31673455453238e-17,-121947.2298056,"No MPA"
"3481","Cephalopholis","MT",2027,99.1315914771342,99.1315900905612,0.0966177135528217,3.83274745034857e-15,1133.77123910643,-1.48748588028608e-11,3.38081791387078e-18,-106298.135656594,61.6477764684432,61.6477694622505,0.460184566546005,4.26676464959676e-15,705.467720480458,-2.09467302006994e-11,6.05208395419019e-18,-88950.949701652,159.195830483717,159.195830481814,0.000280581532303047,2.72337453323427e-15,1820.57302013175,-8.08453216844333e-12,1.49588888928968e-18,-121947.2298056,"No MPA"
"3482","Cephalopholis","MT",2028,99.1400398714651,99.1400393026705,0.0423988296025539,1.85165028240434e-16,1133.81363736724,-7.1832285468935e-13,1.63317803687941e-19,-106298.135656594,61.6880156455433,61.6880115195762,0.275964116810731,2.19354873133238e-16,705.743680471302,-1.07603903016692e-12,3.10935386683391e-19,-88950.9497016519,159.195855018362,159.195855018066,6.03383452858541e-05,1.2292566568561e-16,1820.5730804698,-3.64622542019432e-13,6.7520316035853e-20,-121947.2298056,"No MPA"
"3483","Cephalopholis","MT",2029,99.143747290671,99.143747060541,0.0186029727613577,8.94807911936798e-18,1133.83224010987,-3.47001558057722e-14,7.89201931601845e-21,-106298.135656594,61.7121463374779,61.7121439370866,0.165375048347067,1.12754855833161e-17,705.909053119258,-5.52831944892824e-14,1.59767434621931e-20,-88950.9497016519,159.195860294485,159.19586029444,1.29755101896823e-05,5.55282468431981e-18,1820.57309344527,-1.64580601184585e-14,3.0500421784151e-21,-121947.2298056,"No MPA"
"3484","Cephalopholis","MT",2030,99.1453739650676,99.1453738730051,0.00816169498428554,4.32546032906523e-19,1133.84040171279,-1.67681839356435e-15,3.81490327880909e-22,-106298.135656594,61.7266069714633,61.726605589019,0.0990616137709566,5.79572365793039e-19,706.008113350584,-2.84060718448235e-15,8.21029801805937e-22,-88950.9497016519,159.195861429095,159.195861429088,2.79031509810089e-06,2.51021725801431e-19,1820.57309623558,-7.43447016884856e-16,1.37880608422261e-22,-121947.2298056,"No MPA"
"3485","Cephalopholis","MT",2031,99.1460876378185,99.146087601333,0.00358067289854135,2.0915561338986e-20,1133.8439823492,-8.10553003494918e-17,1.8446653788143e-23,-106298.135656594,61.7352690674353,61.7352682780091,0.0593241696476611,2.97914373605068e-20,706.067436730806,-1.4597611615693e-16,4.21970185803325e-23,-88950.9497016519,159.195861673087,159.195861673086,6.00040321403592e-07,1.13559732607982e-20,1820.57309683562,-3.36083637607175e-17,6.23758160783497e-24,-121947.2298056,"No MPA"
"3486","Cephalopholis","MT",2032,99.1464007384022,99.1464007240557,0.00157087843529588,1.0116761097698e-21,1133.84555321329,-3.91936295932642e-18,8.92253366038013e-25,-106298.135656594,61.7404564651021,61.7404560175796,0.0355215951661804,1.53144925563966e-21,706.10295787845,-7.5024762377538e-18,2.16898440460449e-24,-88950.9497016519,159.195861725557,159.195861725556,1.29034693983982e-07,5.14094438084328e-22,1820.57309696465,-1.5204089542543e-18,2.82380553122469e-25,-121947.2298056,"No MPA"
"3487","Cephalopholis","MT",2033,99.1465380990293,99.1465380934253,0.000689155767035859,4.89493647482786e-23,1133.84624236345,-1.8957719001346e-19,4.31711043980613e-26,-106298.135656594,61.7435625308341,61.743562278723,0.0212673777465429,7.87318692916465e-23,706.124225004085,-3.85637516988406e-19,1.11501967953031e-25,-88950.9497016519,159.19586173684,159.19586173684,2.77481325988527e-08,2.3289320769347e-23,1820.5730969924,-6.88301890808748e-20,1.27923019450173e-26,-121947.2298056,"No MPA"
"3488","Cephalopholis","MT",2034,99.1465983601933,99.1465983580166,0.000302336476869215,2.36910584359692e-24,1133.84654469775,-9.17257022514863e-21,2.08944189705325e-27,-106298.135656594,61.745422186125,61.745422044872,0.0127324447171207,4.04800280994611e-24,706.136957307549,-1.98246429068888e-20,5.73270632711046e-27,-88950.9497016519,159.195861739266,159.195861739266,5.9670129017023e-09,1.05573789397828e-24,1820.57309699837,-3.11812039433643e-21,5.79893164258206e-28,-121947.2298056,"No MPA"
"3489","Cephalopholis","MT",2035,99.1466247971266,99.1466247962851,0.000132636391323216,1.14696901983503e-25,1133.8466773333,-4.43943994398148e-22,1.01157341370494e-28,-106298.135656594,61.746535533359,61.7465354545953,0.00762246455370759,2.0815002569729e-25,706.144579693339,-1.01925424900431e-21,2.94772881678119e-28,-88950.9497016519,159.195861739788,159.195861739788,1.2829276899137e-09,4.78884643084375e-26,1820.57309699965,-1.41348813511559e-22,2.63040601815948e-29,-121947.2298056,"No MPA"
"3490","Cephalopholis","MT",2036,99.1466363951397,99.1466363948157,5.81880975754619e-05,5.5545207156387e-27,1133.84673552108,-2.14929136105336e-23,4.89882876290354e-30,-106298.135656594,61.7472020554978,61.747202011763,0.00456320955702665,1.07043245020394e-26,706.149142859161,-5.24095415101627e-23,1.51588283925441e-29,-88950.9497016519,159.1958617399,159.1958617399,2.75908056060326e-10,2.1735595055675e-27,1820.57309699992,-6.41160807950055e-24,1.19388752319233e-30,-121947.2298056,"No MPA"
"3491","Cephalopholis","MT",2037,99.1466414832368,99.1466414831125,2.55273124895941e-05,2.69071051397053e-28,1133.84676104826,-1.04085479080599e-24,2.37308132543569e-31,-106298.135656594,61.7476010711245,61.7476010469304,0.0027317450875367,5.50541497233838e-28,706.151874580055,-2.69518430024406e-24,7.79639121355555e-31,-88950.9497016519,159.195861739924,159.195861739924,5.91798188099581e-11,9.87116664501639e-29,1820.57309699998,-2.91009784682249e-25,5.42201060824354e-32,-121947.2298056,"No MPA"
"3492","Cephalopholis","MT",2038,99.1466437154036,99.146643715356,1.11989060621209e-05,1.30379891772025e-29,1133.84677224712,-5.04208900956758e-26,1.14988988151714e-32,-106298.135656594,61.747839940227,61.7478399268869,0.00163533491164623,2.83184317925646e-29,706.153509901626,-1.38616986781194e-25,4.01024663579567e-32,-88950.9497016519,159.195861739929,159.195861739929,1.26927225329673e-11,4.48551659194923e-30,1820.573097,-1.32161372742283e-26,2.46379373579707e-33,-121947.2298056,"No MPA"
"3493","Cephalopholis","MT",2039,99.1466446946622,99.146644694644,4.91298845694466e-06,6.31939166003634e-31,1133.84677716009,-2.44317254180578e-27,5.5734088720934e-34,-106298.135656594,61.7479829371916,61.7479829298578,0.00097897418877703,1.45678925167042e-30,706.154488868481,-7.13007196422653e-27,2.06299229739905e-33,-88950.9497016519,159.19586173993,159.19586173993,2.69720353825557e-12,2.03936244610661e-31,1820.573097,-6.00549105864369e-28,1.12017608601772e-34,-121947.2298056,"No MPA"
"3494","Cephalopholis","MT",2040,99.1466451242657,99.1466451242588,2.15533895446634e-06,3.06378792845087e-32,1133.84677931543,-1.18418291519833e-28,2.70211812580592e-35,-106298.135656594,61.7480685407152,61.7480685366939,0.000586049774040596,7.49501494834716e-32,706.155074914234,-3.66792490982922e-28,1.06138459311649e-34,-88950.9497016519,159.195861739931,159.195861739931,4.75977094986277e-13,9.27695611178409e-33,1820.573097,-2.73042640337323e-29,5.09562407962139e-36,-121947.2298056,"No MPA"
"3495","Cephalopholis","MT",2041,99.1466453127338,99.1466453127311,9.45551388328688e-07,1.48579419077071e-33,1133.84678026097,-5.74119393150072e-30,1.31040120929548e-36,-106298.135656594,61.7481197861493,61.7481197839494,0.000350830171270839,3.85652603534848e-33,706.155425742205,-1.88710301584307e-29,5.46130187600082e-36,-88950.9497016519,159.195861739931,159.195861739931,0,4.22218378330587e-34,1820.573097,-1.2420570928384e-30,2.31915092575152e-37,-121947.2298056,"No MPA"
"3496","Cephalopholis","MT",2042,99.1466453954151,99.1466453954141,4.14815021830925e-07,7.20730496049429e-35,1133.84678067579,-2.78421117077952e-31,6.35650696898872e-38,-106298.135656594,61.748150463501,61.7481504623001,0.000210019108016264,1.98457582137072e-34,706.155635760112,-9.70999513694625e-31,2.8103952034249e-37,-88950.9497016519,159.195861739931,159.195861739931,0,1.92256476184763e-35,1820.573097,-5.6529245715207e-32,1.05602173569174e-38,-121947.2298056,"No MPA"
"3497","Cephalopholis","MT",2043,99.1466454316876,99.1466454316872,1.81979940640529e-07,3.49702869582586e-36,1133.84678085777,-1.350567870714e-32,3.08421627633108e-39,-106298.135656594,61.7481688280379,61.7481688273835,0.000125724608446802,1.02137781433024e-35,706.155761484066,-4.99677995703791e-32,1.44639193204611e-38,-88950.9497016519,159.195861739931,159.195861739931,0,8.75848440216067e-37,1820.573097,-2.57405033517485e-33,4.81083918937019e-40,-121947.2298056,"No MPA"
"3498","Cephalopholis","MT",2044,99.1466454476004,99.1466454476002,7.98348156931922e-08,1.69720899992745e-37,1133.8467809376,-6.5530383738543e-34,1.49685921288544e-40,-106298.135656594,61.7481798216822,61.7481798213262,7.52629931536806e-05,5.25717029763126e-37,706.155836746704,-2.57163199200519e-33,7.44477434636848e-40,-88950.9497016519,159.195861739931,159.195861739931,0,3.9918413223186e-38,1820.573097,-1.17264084718474e-34,2.19262897430292e-41,-121947.2298056,"No MPA"
"3499","Cephalopholis","MT",2045,99.1466454545813,99.1466454545813,3.50235983799452e-08,8.23908682173558e-39,1133.84678097263,-3.18037873594384e-35,7.26649046436636e-42,-106298.135656594,61.7481864028519,61.7481864026585,4.5054944488343e-05,2.70622660923942e-38,706.155881801455,-1.32365366931257e-34,3.83233624706505e-41,-88950.9497016519,159.195861739931,159.195861739931,0,1.82014654607556e-39,1820.573097,-5.34452763183089e-36,9.99765705136948e-43,-121947.2298056,"No MPA"
"3500","Cephalopholis","MT",2046,99.1466454576439,99.1466454576439,1.5364867813284e-08,4.00062884537493e-40,1133.84678098799,-1.54391218351526e-36,3.52836812919568e-43,-106298.135656594,61.7481903425618,61.7481903424569,2.69713854030437e-05,1.39322846926573e-39,706.155908772735,-6.81375378120025e-36,1.97297580487741e-42,-88950.9497016519,159.195861739931,159.195861739931,0,8.30273041212138e-41,1820.573097,-2.43692640163165e-37,4.56050373687434e-44,-121947.2298056,"No MPA"
"3501","Cephalopholis","MT",2047,99.1466454589875,99.1466454589875,6.74062116200009e-09,1.9430353298101e-41,1133.84678099473,-7.4967283990885e-38,1.71366657505259e-44,-106298.135656594,61.7481927010039,61.7481927009471,1.61459611666307e-05,7.17341828543174e-41,706.15592491864,-3.50787887171713e-37,1.01584058085698e-43,-88950.9497016519,159.195861739931,159.195861739931,0,3.78887251343536e-42,1820.573097,-1.11162164335358e-38,2.08114275646432e-45,-121947.2298056,"No MPA"
"3502","Cephalopholis","MT",2048,99.1466454595769,99.1466454595769,2.95709593854154e-09,9.43917914492674e-43,1133.84678099769,-3.64102962314593e-39,8.3249159437977e-46,-106298.135656594,61.7481941128457,61.7481941128149,9.66550228401422e-06,3.69381524519631e-42,706.155934584111,-1.80612742526465e-38,5.23087765017647e-45,-88950.9497016519,159.195861739931,159.195861739931,0,1.72968398984238e-43,1820.573097,-5.07278025514753e-40,9.50076650419923e-47,-121947.2298056,"No MPA"
"3503","Cephalopholis","MT",2049,99.1466454598354,99.1466454598354,1.29727549672605e-09,4.5865562087414e-44,1133.84678099899,-1.76879598416845e-40,4.04512874720658e-47,-106298.135656594,61.7481949580208,61.7481949580042,5.78608544812754e-06,1.90225590886455e-43,706.15594037018,-9.30030928095104e-40,2.69381848356901e-46,-88950.9497016519,159.195861739931,159.195861739931,0,7.89922994340404e-45,1820.573097,-2.31580945524124e-41,4.33886997254911e-48,-121947.2298056,"No MPA"
"3504","Cephalopholis","MT",2050,99.1466454599489,99.1466454599489,5.69077170514355e-10,2.22913340437719e-45,1133.84678099956,-8.59469036301085e-42,1.96599173868377e-48,-106298.135656594,61.7481954639704,61.7481954639614,3.46373901893386e-06,9.79731405353883e-45,706.15594383391,-4.78951080856713e-41,1.38741508687205e-47,-88950.9497016519,159.195861739931,159.195861739931,0,3.60875766024079e-46,1820.573097,-1.05759846882359e-42,1.98220970428895e-49,-121947.2298056,"No MPA"
"3505","Cephalopholis","MT",2051,99.1466454599987,99.1466454599987,2.49633678101344e-10,1.08362785586494e-46,1133.84678099981,-4.17714522977614e-43,9.55709249277624e-50,-106298.135656594,61.7481957668484,61.7481957668435,2.07350647994545e-06,5.0464850091566e-46,706.155945907411,-2.46677331641124e-42,7.14641723718693e-49,-88950.9497016519,159.195861739931,159.195861739931,0,1.64922404052141e-47,1820.573097,-4.83163118831979e-44,9.05881803504103e-51,-121947.2298056,"No MPA"
"3506","Cephalopholis","MT",2052,99.1466454600205,99.1466454600205,1.09519445529909e-10,5.26886366125552e-48,1133.84678099991,-2.03059669739289e-44,4.64689211059852e-51,-106298.135656594,61.748195948161,61.7481959481584,1.24126797932228e-06,2.5996469296953e-47,706.155947148677,-1.27060686563149e-43,3.68140627401326e-50,-88950.9497016519,159.195861739931,159.195861739931,0,7.53953943539755e-49,1820.573097,-2.20808462660204e-45,4.1413000377856e-52,-121947.2298056,"No MPA"
"3507","Cephalopholis","MT",2053,99.14664546003,99.14664546003,4.80472406195777e-11,2.56238525942497e-49,1133.84678099996,-9.87325777170685e-46,2.25990433836683e-52,-106298.135656594,61.7481960567006,61.7481960566992,7.43063026921794e-07,1.33931497240421e-48,706.155947891738,-6.54540580501632e-45,1.89662776021659e-51,-88950.9497016519,159.195861739931,159.195861739931,0,3.44784460199521e-50,1820.573097,-1.00944084672073e-46,1.89382376773373e-53,-121947.2298056,"No MPA"
"3508","Cephalopholis","MT",2054,99.1466454600342,99.1466454600342,2.11266543312564e-11,1.24640894051184e-50,1133.84678099998,-4.8016217164165e-47,1.09927457695176e-53,-106298.135656594,61.7481961216759,61.7481961216752,4.44821400117139e-07,6.90070726574137e-50,706.155948336559,-3.37213483860768e-46,9.77221431943434e-53,-88950.9497016519,159.195861739931,159.195861739931,0,1.57718620632447e-51,1820.573097,-4.61619068939325e-48,8.66313035671796e-55,-121947.2298056,"No MPA"
"3509","Cephalopholis","MT",2055,99.1466454600361,99.1466454600361,9.25615958994861e-12,6.06405834022473e-52,1133.84678099999,-2.3356301376945e-48,5.34821674483795e-55,-106298.135656594,61.7481961605723,61.7481961605719,2.66284351042466e-07,3.55587561150766e-51,706.155948602843,-1.73746398993601e-47,5.03553870768062e-54,-88950.9497016519,159.195861739931,159.195861739931,0,7.21681570511645e-53,1820.573097,-2.11163585413952e-49,3.96403512553742e-56,-121947.2298056,"No MPA"
"3510","Cephalopholis","MT",2056,99.1466454600369,99.1466454600369,4.09814699402308e-12,2.95087579100479e-53,1133.846781,-1.13633631433597e-49,2.60253487548139e-56,-106298.135656594,61.7481961838568,61.7481961838566,1.5940632861909e-07,1.83248800620395e-52,706.155948762249,-8.95300378044559e-49,2.59501886209357e-55,-88950.9497016519,159.195861739931,159.195861739931,0,3.30316882838645e-54,1820.573097,-9.66232568769114e-51,1.81435660772397e-57,-121947.2298056,"No MPA"
"3511","Cephalopholis","MT",2057,99.1466454600373,99.1466454600373,1.83710037663104e-12,1.43622115468155e-54,1133.846781,-5.52960926871513e-51,1.26668010065246e-57,-106298.135656594,61.7481961977957,61.7481961977956,9.54257484380985e-08,9.44445485431345e-54,706.155948857675,-4.61384869253631e-50,1.33744605152271e-56,-88950.9497016519,159.195861739931,159.195861739931,0,1.51228554999445e-55,1820.573097,-4.42248968595271e-52,8.3066455968532e-59,-121947.2298056,"No MPA"
"3512","Cephalopholis","MT",2058,99.1466454600374,99.1466454600374,7.7723477472852e-13,6.99153700911339e-56,1133.846781,-2.69131687381108e-52,6.1662096910018e-59,-106298.135656594,61.74819620614,61.74819620614,5.71248890320919e-08,4.86803141394927e-55,706.1559489148,-2.37793019784722e-51,6.89370587591044e-58,-88950.9497016519,159.195861739931,159.195861739931,0,6.92548625185481e-57,1820.573097,-2.02474278323e-53,3.80401438605615e-60,-121947.2298056,"No MPA"
"3513","Cephalopholis","MT",2059,99.1466454600375,99.1466454600375,3.53288533967509e-13,3.40410625496427e-57,1133.846781,-1.31013538306178e-53,3.00226301472763e-60,-106298.135656594,61.7481962111352,61.7481962111351,3.41967425410813e-08,2.50940131810151e-56,706.155948948996,-1.22567570921758e-52,3.55360784251394e-59,-88950.9497016519,159.195861739931,159.195861739931,0,3.17231230456442e-58,1820.573097,-9.27227553609376e-55,1.74248005190885e-61,-121947.2298056,"No MPA"
"3514","Cephalopholis","MT",2060,99.1466454600375,99.1466454600375,1.41315413587004e-13,1.6577187376319e-58,1133.846781,-6.37891217126832e-55,1.46203064242055e-61,-106298.135656594,61.7481962141254,61.7481962141254,2.0471257861422e-08,1.29367949291248e-57,706.155948969468,-6.31818486465243e-54,1.83200254113545e-60,-88950.9497016519,159.195861739931,159.195861739931,0,1.45347222943633e-59,1820.573097,-4.2472907612204e-56,7.98359720810666e-63,-121947.2298056,"No MPA"
"3515","Cephalopholis","MT",2061,99.1466454600375,99.1466454600375,7.06577067935019e-14,8.07409952614793e-60,1133.846781,-3.10637842652495e-56,7.12097936109758e-63,-106298.135656594,61.7481962159155,61.7481962159155,1.22547119953377e-08,6.66995093179792e-59,706.155948981722,-3.25723356103867e-55,9.4454361554721e-62,-88950.9497016519,159.195861739931,159.195861739931,0,6.66099029677725e-61,1820.573097,-1.94599981940397e-57,3.65873268574244e-64,-121947.2298056,"No MPA"
"3516","Cephalopholis","MT",2062,99.1466454600375,99.1466454600375,7.06577067935019e-14,3.93324608460308e-61,1133.846781,-1.51299542028888e-57,3.46893967554782e-64,-106298.135656594,61.7481962169871,61.7481962169871,7.33604912922243e-09,3.43920060545336e-60,706.155948989059,-1.67936402671052e-56,4.8703131516667e-63,-88950.9497016519,159.195861739931,159.195861739931,0,3.05329253581013e-62,1820.573097,-8.91815175554267e-59,1.67710516037035e-65,-121947.2298056,"No MPA"
"3517","Cephalopholis","MT",2063,99.1466454600375,99.1466454600375,7.06577067935019e-14,1.91637368177249e-62,1133.846781,-7.37046068555558e-59,1.69015224445258e-65,-106298.135656594,61.7481962176286,61.7481962176286,4.39159474641843e-09,1.77349862068407e-61,706.15594899345,-8.65923878061017e-58,2.51148294257527e-64,-88950.9497016519,159.195861739931,159.195861739931,0,1.39988396680397e-63,1820.573097,-4.08793962687422e-60,7.68924889152073e-67,-121947.2298056,"No MPA"
"3518","Cephalopholis","MT",2064,99.1466454600375,99.1466454600375,7.06577067935019e-14,9.33855454435589e-64,1133.846781,-3.59106869403085e-60,8.23616973725473e-67,-106298.135656594,61.7481962180126,61.7481962180126,2.628912122539e-09,9.14623239499799e-63,706.155948996079,-4.46532488075152e-59,1.29521423816297e-65,-88950.9497016519,159.195861739931,159.195861739931,0,6.41957509966296e-65,1820.573097,-1.87425249097707e-61,3.52612872849837e-68,-121947.2298056,"No MPA"
"3519","Cephalopholis","MT",2065,99.1466454600375,99.1466454600375,7.06577067935019e-14,4.55142995908997e-65,1133.846781,-1.74994006600625e-61,4.01414903261958e-68,-106298.135656594,61.7481962182425,61.7481962182425,1.57378668533481e-09,4.71727500015211e-64,706.155948997653,-2.30284357720633e-60,6.68021703542754e-67,-88950.9497016519,159.195861739931,159.195861739931,0,2.94447526826084e-66,1820.573097,-8.59492994196322e-63,1.61733427408811e-69,-121947.2298056,"No MPA"
"3520","Cephalopholis","MT_20",2015,54.2839395904733,54.2839395904733,191.415025626938,15.9638954200919,796.245408006846,-113637.004901041,0.0257152747552144,-241611.343934267,48.0753717135449,48.0753717135449,80.2162450202777,12.0225372031459,617.986443717132,-75845.9556805518,0.021867399145362,-184173.291159956,68.8375853419666,68.8375853419666,394.305377962834,20.9946427808186,1160.54134888202,-145528.653465793,0.0266689867180639,-290665.928041527,"No MPA"
"3521","Cephalopholis","MT_20",2016,69.625863467383,69.6258097416389,187.636714039458,1.18601963161092,982.69604868895,-6579.51269812866,0.00148953590752365,-134553.851731355,54.0384149437665,54.0383907317175,70.1150047933114,0.843909758371857,687.257514540022,-4735.64582732621,0.00136558633433759,-113062.98130673,101.480891058171,101.480776617531,425.001140541048,1.647503611098,1583.89487137133,-7738.87810381554,0.00141964585615973,-152876.15267955,"No MPA"
"3522","Cephalopholis","MT_20",2017,85.9296144479181,85.9293139286759,155.666853348816,0.08481539149707,1138.27778612703,-381.081906141539,8.63102782256257e-05,-128355.420939368,60.0956657245616,60.0955325115039,55.323613608694,0.0586155348341279,742.522379400825,-295.719793182111,8.52895252739927e-05,-108623.055272586,138.500074162864,138.499428816696,338.145815203487,0.119800678640605,1921.92024055,-411.909068846734,7.56395132940597e-05,-145549.183644581,"No MPA"
"3523","Cephalopholis","MT_20",2018,99.5341045962477,99.533632931516,106.944136748301,0.00569465077369433,1245.21575655982,-22.0800720380547,5.00292895010696e-06,-127996.419105264,64.9281757731577,64.9279746516454,40.2483897077722,0.00395579577528966,782.766612191309,-18.46886866863,5.32753588405803e-06,-108345.804348073,168.057931534826,168.056969979839,175.955277488714,0.00775232249924171,2097.86680416123,-21.9447181090619,4.03372525595262e-06,-145159.219293844,"No MPA"
"3524","Cephalopholis","MT_20",2019,108.885051495233,108.884585105661,61.8245396026184,0.00036122350821689,1307.03946854936,-1.27980000356876,2.90091336013947e-07,-127975.61883323,68.4472409124266,68.4470290264952,27.4417456707344,0.000260520341445587,810.207885455771,-1.15360960867719,3.32821100111171e-07,-108328.489089013,183.443177455699,183.442469245084,58.9109639494957,0.000451668468401283,2156.77660823164,-1.17021791686233,2.15300661267888e-07,-145138.444793651,"No MPA"
"3525","Cephalopholis","MT_20",2020,114.291084970271,114.290742458295,31.4172415192272,2.19927269473983e-05,1338.45634556388,-0.074206312768137,1.68264340266557e-08,-127974.413239539,70.8467804594931,70.8465962109294,17.8255878272859,1.68478391493663e-05,828.033272186654,-0.0720667723682471,2.07945125271694e-08,-108327.407546177,188.594410899373,188.594116437193,14.7316697247843,2.48063532382976e-05,2171.5079586879,-0.0624595441487378,1.1501606512664e-08,-145137.337035279,"No MPA"
"3526","Cephalopholis","MT_20",2021,117.03826211891,117.038056968901,14.751622101781,1.30676696475682e-06,1353.20776120889,-0.00430419805610308,9.76325652626263e-10,-127974.343337424,72.4054807424681,72.4053390622542,11.195185852673,1.07593710343089e-06,839.228315283176,-0.00450264386221589,1.29939060569836e-09,-108327.339982048,189.882560237809,189.882478201591,3.29258091722583,1.33536497865475e-06,2174.80045623354,-0.00333664656358758,6.14948403028775e-10,-145137.277912381,"No MPA"
"3527","Cephalopholis","MT_20",2022,118.328166012008,118.328058643962,6.64433259027324,7.66840790048419e-08,1359.85198635443,-0.000249742280952164,5.66684120666077e-11,-127974.339282968,73.3844057501502,73.3843056069737,6.87645769194208,6.81495860388707e-08,846.104672763792,-0.000281355368340377,8.12051304675967e-11,-108327.335760759,190.170465175501,190.170447189905,0.714505512582888,7.15645877151691e-08,2175.51494368896,-0.000178398002905809,3.29062790384086e-11,-145137.274754133,"No MPA"
"3528","Cephalopholis","MT_20",2023,118.909155124382,118.909103651387,2.93381240185595,4.47425873253919e-09,1362.78574727882,-1.44956322211102e-05,3.29025517194262e-12,-127974.339047722,73.9856931450712,73.9856264570704,4.16463163864439,4.29441044375874e-09,850.269237710141,-1.75831581245408e-05,5.07550984095705e-12,-108327.335496987,190.232941901295,190.232938465779,0.154018252327242,3.83383606342172e-09,2175.66895850194,-9.54618841188818e-06,1.76226603137189e-12,-145137.274585281,"No MPA"
"3529","Cephalopholis","MT_20",2024,119.165691156507,119.16566787447,1.28378911158107,2.60427172227489e-10,1364.0695131081,-8.41637629989697e-07,1.91099152620433e-13,-127974.339034068,74.3498540274321,74.3498114948119,2.50037712970088,2.69764241685796e-10,852.769572306952,-1.09898517424712e-06,3.17269291130938e-13,-108327.335480503,190.246409375308,190.246408770994,0.0331514462111806,2.05495348743629e-10,2175.70210934363,-5.11237470534682e-07,9.44515699921778e-14,-145137.274576246,"No MPA"
"3530","Cephalopholis","MT_20",2025,119.277947131179,119.277937015804,0.559522810873657,1.51447979954475e-11,1364.62902580359,-4.88825758776611e-08,1.11026589914382e-14,-127974.339033275,74.568490082987,74.5684638114637,1.49325807433848,1.69145281514716e-11,854.26280410975,-6.86972646644452e-08,1.98348198448016e-14,-108327.335479473,190.249308175042,190.249308074126,0.00713329247652901,1.10225871062794e-11,2175.70924253518,-2.74006196762608e-08,5.06622072029573e-15,-145137.274575762,"No MPA"
"3531","Cephalopholis","MT_20",2026,119.326872442587,119.326868174307,0.243433463064483,8.80536314762772e-13,1364.87245499837,-2.84002535372849e-09,6.45256925030555e-16,-127974.339033229,74.6990623319209,74.6990464950865,0.888956437384031,1.0594281204654e-12,855.151744710299,-4.29476314309308e-09,1.2401666187443e-15,-108327.335479408,190.249931920707,190.249931904414,0.00153476461837136,5.9168302645062e-13,2175.7107772835,-1.46972238676505e-09,2.71949493476694e-16,-145137.274575736,"No MPA"
"3532","Cephalopholis","MT_20",2027,119.348158553263,119.348156791653,0.105830360847011,5.11995542113973e-14,1364.97828359761,-1.65054680518048e-10,3.75123362871698e-17,-127974.339033226,74.7767937150624,74.7767843480052,0.528200171310796,6.63172071170915e-14,855.679935514552,-2.68528710872943e-10,7.75502250990445e-17,-108327.335479404,190.250066123273,190.2500661207,0.000330203458431913,3.17844456163554e-14,2175.71110748439,-7.88931790641358e-11,1.46087641557344e-17,-145137.274575735,"No MPA"
"3533","Cephalopholis","MT_20",2028,119.357412493728,119.357411779177,0.0459933675393878,2.97766166858733e-15,1365.0242762506,-9.59553653156434e-12,2.18147183076822e-18,-127974.339033226,74.8229801551371,74.8229746981181,0.31348984925695,4.150002527565e-15,855.99341990679,-1.67916585031058e-11,4.8499473499118e-18,-108327.335479404,190.250094996936,190.250094996536,7.10420728800138e-05,1.70864855285911e-15,2175.71117852606,-4.23803637802698e-12,7.85328781464553e-19,-145137.274575735,"No MPA"
"3534","Cephalopholis","MT_20",2029,119.361434216359,119.361433930533,0.0199855753909117,1.73219903038143e-16,1365.04426154016,-5.58013557613333e-13,1.26898771103036e-19,-127974.339033226,74.8503920827585,74.8503889426602,0.185932455992779,2.5966416744442e-16,856.179349222685,-1.0501406263649e-12,3.03348326116221e-19,-108327.335479404,190.250101209013,190.250101208951,1.52843132927763e-05,9.19168767771073e-17,2175.71119381031,-2.27825701682466e-13,4.22468191937958e-20,-145137.274575735,"No MPA"
"3535","Cephalopholis","MT_20",2030,119.363181784419,119.363181671383,0.00868380548215331,1.00795811541249e-17,1365.05294523261,-3.2460301850208e-14,7.38406910398067e-21,-127974.339033226,74.8666502476821,74.8666484592231,0.11023328574633,1.62465525612196e-17,856.289580719972,-6.5682849143065e-14,1.89756418426876e-20,-108327.335479404,190.25010254551,190.2501025455,3.28831685330494e-06,4.94804717293033e-18,2175.71119709862,-1.22559002723538e-14,2.27422057992213e-21,-145137.274575735,"No MPA"
"3536","Cephalopholis","MT_20",2031,119.363941110097,119.363941065815,0.00377303574316093,5.86694882286372e-19,1365.05671822407,-1.88882137320416e-15,4.29796429802278e-22,-127974.339033226,74.8762891895243,74.87628817966,0.0653381555694266,1.01653413403958e-18,856.354917865677,-4.10872260699035e-15,1.18713827779364e-21,-108327.335479404,190.250102833048,190.250102833047,7.07456210382212e-07,2.66538561718182e-19,2175.71119780608,-6.59756667051715e-16,1.22506407134191e-22,-145137.274575735,"No MPA"
"3537","Cephalopholis","MT_20",2032,119.364271030729,119.364271013519,0.00163932805028864,3.41591790134136e-20,1365.05835753491,-1.09940558515033e-16,2.50239997787424e-23,-127974.339033226,74.8820024471965,74.8820018811588,0.0387221578282642,6.36076810087519e-20,856.393639457468,-2.57046465100518e-16,7.42772416188735e-23,-108327.335479404,190.25010289491,190.25010289491,1.52203251150917e-07,1.43669806219384e-20,2175.71119795828,-3.55393929581301e-17,6.60334911932506e-24,-145137.274575735,"No MPA"
"3538","Cephalopholis","MT_20",2033,119.364414376526,119.364414369882,0.000712258892054904,1.98942180874311e-21,1365.05906978716,-6.40105947659718e-18,1.45738956711368e-24,-127974.339033226,74.8853883684667,74.885388053208,0.0229464601676633,3.98045703347333e-21,856.416585602377,-1.60829637458466e-17,4.64792924028835e-24,-108327.335479404,190.250102908219,190.250102908219,3.27452687169238e-08,7.74893154881242e-22,2175.71119799102,-1.91564690109916e-18,3.56156256220225e-25,-145137.274575735,"No MPA"
"3539","Cephalopholis","MT_20",2034,119.3644766578,119.364476655249,0.000309462660284913,1.15896186098734e-22,1365.05937924726,-3.72795611383509e-19,8.49019567464067e-26,-127974.339033226,74.8873948417681,74.8873946671503,0.0135972186405343,2.49113492205665e-22,856.4301826464,-1.00639811935052e-18,2.90878874305776e-25,-108327.335479404,190.250102911083,190.250102911083,7.0447679666489e-09,4.18196784553756e-23,2175.71119799807,-1.03321756309786e-19,1.92211532918479e-26,-145137.274575735,"No MPA"
"3540","Cephalopholis","MT_20",2035,119.364503717833,119.364503716858,0.000134455196708495,6.7535557877172e-24,1365.05951370149,-2.17176502308556e-20,4.9474446975739e-27,-127974.339033226,74.8885838042678,74.888583708016,0.00805696454699372,1.5592128167515e-23,856.438239514695,-6.29828756349021e-20,1.82059536065565e-26,-108327.335479404,190.250102911698,190.250102911698,1.51554132314908e-09,2.25825960351766e-24,2175.71119799958,-5.57610116831799e-21,1.03794088369612e-27,-145137.274575735,"No MPA"
"3541","Cephalopholis","MT_20",2036,119.364515474876,119.364515474505,5.84179327695218e-05,3.93654357808913e-25,1365.05957211905,-1.26554060223913e-21,2.88378897665612e-28,-127974.339033226,74.8892883187382,74.8892882659081,0.00477402848211125,9.76020523863582e-25,856.443013490347,-3.94206457292255e-21,1.13962744655316e-27,-108327.335479404,190.250102911831,190.250102911831,3.26085948938983e-10,1.22014999249509e-25,2175.71119799991,-3.01109058668067e-22,5.60805125982221e-29,-145137.274575735,"No MPA"
"3542","Cephalopholis","MT_20",2037,119.364520583066,119.364520582926,2.53813190281338e-05,2.2951704999794e-26,1365.05959750023,-7.37664038962349e-23,1.68137021039827e-29,-127974.339033226,74.8897057681496,74.8897057392615,0.00282874514442829,6.11024594754623e-26,856.445842206603,-2.46759113288219e-22,7.13444543518215e-29,-108327.335479404,190.25010291186,190.25010291186,6.99568111386645e-11,6.59615335793362e-27,2175.71119799998,-1.62690868269306e-23,3.03172285181845e-30,-145137.274575735,"No MPA"
"3543","Cephalopholis","MT_20",2038,119.364522802465,119.364522802412,1.10276176793966e-05,1.33853652522781e-27,1365.05960852779,-4.30089146750897e-24,9.80570026157931e-31,-127974.339033226,74.8899531187903,74.8899531030465,0.00167609924727859,3.82564730177348e-27,856.447518290107,-1.54479381069779e-23,4.46688758753918e-30,-108327.335479404,190.250102911866,190.250102911866,1.51667883227462e-11,3.56778403376841e-28,2175.711198,-8.79509833741922e-25,1.63982427311497e-31,-145137.274575735,"No MPA"
"3544","Cephalopholis","MT_20",2039,119.364523766746,119.364523766726,4.7912495610638e-06,7.80834392152951e-29,1365.05961331902,-2.50826690796341e-25,5.72014868270186e-32,-127974.339033226,74.8900996800892,74.8900996715343,0.000993124795151825,2.39550834362309e-28,856.448511406347,-9.67197850623105e-25,2.79702876419607e-31,-108327.335479404,190.250102911867,190.250102911867,3.22294251858358e-12,1.93076285829888e-29,2175.711198,-4.75716826473187e-26,8.87416886981011e-33,-145137.274575735,"No MPA"
"3545","Cephalopholis","MT_20",2040,119.364524185704,119.364524185696,2.08168742362982e-06,4.55616158341509e-30,1365.0596154007,-1.46319582147934e-26,3.33770154721466e-33,-127974.339033226,74.8901865208735,74.8901865162372,0.000588446190174487,1.50015739855156e-29,856.449099847901,-6.05629793448506e-26,1.75160255239096e-32,-108327.335479404,190.250102911867,190.250102911867,7.58339416137315e-13,1.0453803083368e-30,2175.711198,-2.57441697964014e-27,4.80477514340027e-34,-145137.274575735,"No MPA"
"3546","Cephalopholis","MT_20",2041,119.364524367732,119.364524367729,9.04444500938114e-07,2.65918662807314e-31,1365.05961630514,-8.53773429350515e-28,1.94803699272326e-34,-127974.339033226,74.8902379758029,74.8902379732962,0.00034866545031349,9.39554781760217e-31,856.449448510844,-3.79267709061477e-27,1.09703516756964e-33,-108327.335479404,190.250102911867,190.250102911867,1.89584854034329e-13,5.66274890350726e-32,2175.711198,-1.39387641749793e-28,2.60271165985296e-35,-145137.274575735,"No MPA"
"3547","Cephalopholis","MT_20",2042,119.364524446818,119.364524446817,3.92959737871679e-07,1.55240872287852e-32,1365.0596166981,-4.98301660664142e-29,1.13724609851142e-35,-127974.339033226,74.8902684638387,74.8902684624862,0.000206590592595145,5.8850915182377e-32,856.449655100084,-2.37536771167358e-28,6.87149898746622e-35,-108327.335479404,190.250102911867,190.250102911867,0,3.06888556711041e-33,2175.711198,-7.55052691528983e-30,1.4105206471941e-36,-145137.274575735,"No MPA"
"3548","Cephalopholis","MT_20",2043,119.36452448118,119.364524481179,1.70731587645415e-07,9.06502337876999e-34,1365.05961686883,-2.90903931285081e-30,6.64075273188221e-37,-127974.339033226,74.8902865285636,74.8902865278352,0.000122408558188449,3.68663233312334e-33,856.449777507914,-1.4878590318529e-29,4.30455230050765e-36,-108327.335479404,190.250102911867,190.250102911867,0,1.66390092707183e-34,2175.711198,-4.09195312546176e-31,7.64761852860506e-38,-145137.274575735,"No MPA"
"3549","Cephalopholis","MT_20",2044,119.364524496109,119.364524496109,7.41788010532634e-08,5.2946277087751e-35,1365.05961694301,-1.69868340627869e-31,3.87867873559976e-38,-127974.339033226,74.8902972322371,74.8902972318454,7.25291738703843e-05,2.30967866334765e-34,856.449850036696,-9.32048018857619e-31,2.69680572522362e-37,-108327.335479404,190.250102911867,190.250102911867,0,9.02528206306797e-36,2175.711198,-2.218591879723e-32,4.14819856209058e-39,-145137.274575735,"No MPA"
"3550","Cephalopholis","MT_20",2045,119.364524502595,119.364524502595,3.22289588718606e-08,3.09316885278039e-36,1365.05961697524,-9.92153671799441e-33,2.26595880091113e-39,-127974.339033226,74.890303574351,74.8903035741407,4.2974758654517e-05,1.4471649805146e-35,856.449893011245,-5.83928886870711e-32,1.68972530084898e-38,-108327.335479404,190.250102911867,190.250102911867,0,4.89749525473869e-37,2175.711198,-1.20340202782205e-33,2.25098591175183e-40,-145137.274575735,"No MPA"
"3551","Cephalopholis","MT_20",2046,119.364524505413,119.364524505413,1.40026598515325e-08,1.80747206378434e-37,1365.05961698924,-5.79625047012966e-34,1.324097527542e-40,-127974.339033226,74.8903073321624,74.8903073320496,2.54632580040285e-05,9.06836274465011e-37,856.44991847439,-3.65869667504807e-33,1.05883167464338e-39,-108327.335479404,190.250102911867,190.250102911867,0,2.65864746706048e-38,2175.711198,-6.5301623590454e-35,1.22196708345502e-41,-145137.274575735,"No MPA"
"3552","Cephalopholis","MT_20",2047,119.364524506638,119.364524506638,6.0837754134947e-09,1.05642191047113e-38,1365.05961699533,-3.38699931941693e-35,7.73901665043147e-42,-127974.339033226,74.890309558729,74.8903095586686,1.50873974786618e-05,5.68307887328966e-38,856.449933561727,-2.29264716900347e-34,6.63562311198977e-41,-108327.335479404,190.250102911867,190.250102911867,0,1.44382562861461e-39,2175.711198,-3.54495486209431e-36,6.63610882704393e-43,-145137.274575735,"No MPA"
"3553","Cephalopholis","MT_20",2048,119.36452450717,119.36452450717,2.64327559170821e-09,6.17588409815e-40,1365.05961699797,-1.97961582003907e-36,4.52425961566714e-43,-127974.339033226,74.8903108780068,74.8903108779745,8.93952722546748e-06,3.56190261013295e-39,856.449942501222,-1.43678574285588e-35,4.15891515727051e-42,-108327.335479404,190.250102911867,190.250102911867,0,7.84386254036015e-41,2175.711198,-1.9251505683199e-37,3.60519472785292e-44,-145137.274575735,"No MPA"
"3554","Cephalopholis","MT_20",2049,119.364524507401,119.364524507401,1.14838201268982e-09,3.61122800156583e-41,1365.05961699912,-1.1572912055486e-37,2.64547273730624e-44,-127974.339033226,74.8903116597005,74.8903116596832,5.29681308766412e-06,2.23266492699128e-40,856.449947798018,-9.00513772833104e-37,2.60688315358043e-43,-108327.335479404,190.250102911867,190.250102911867,0,4.26285551907067e-42,2175.711198,-1.04587535559172e-38,1.95929290752801e-45,-145137.274575735,"No MPA"
"3555","Cephalopholis","MT_20",2050,119.364524507501,119.364524507501,4.98897805498402e-10,2.11204339832611e-42,1365.05961699962,-6.76703503663028e-39,1.54721696548985e-45,-127974.339033226,74.8903121228667,74.8903121228575,3.13844579117174e-06,1.39961246862128e-41,856.449950936454,-5.64458301067588e-38,1.63420229310515e-44,-108327.335479404,190.250102911867,190.250102911867,0,2.31750692154002e-43,2175.711198,-5.68395418571354e-40,1.0651721256343e-46,-145137.274575735,"No MPA"
"3556","Cephalopholis","MT_20",2051,119.364524507545,119.364524507545,2.16837561915722e-10,1.23549519906073e-43,1365.05961699983,-3.95773173810884e-40,9.05085157948142e-47,-127974.339033226,74.8903123973002,74.8903123972953,1.85957851510389e-06,8.77474264752233e-43,856.449952796028,-3.53847485913573e-39,1.02454821066053e-45,-108327.335479404,190.250102911867,190.250102911867,0,1.26033451105251e-44,2175.711198,-3.09008905138291e-41,5.79274727367796e-48,-145137.274575735,"No MPA"
"3557","Cephalopholis","MT_20",2052,119.364524507564,119.364524507564,9.41057877405141e-11,7.2288254970292e-45,1365.05961699993,-2.31517901832761e-41,5.29561156670718e-48,-127974.339033226,74.8903125599063,74.8903125599037,1.10182929730845e-06,5.50177585416016e-44,856.449953897855,-2.21841451372681e-40,6.42393152827984e-47,-108327.335479404,190.250102911867,190.250102911867,0,6.85629900978705e-46,2175.711198,-1.68048942485808e-42,3.1512909507887e-49,-145137.274575735,"No MPA"
"3558","Cephalopholis","MT_20",2053,119.364524507572,119.364524507572,4.07963159968013e-11,4.23039630652568e-46,1365.05961699997,-1.35460057882818e-42,3.099056080659e-49,-127974.339033226,74.8903126562531,74.8903126562517,6.5285092326564e-07,3.44995081544205e-45,856.449954550704,-1.39094898504823e-41,4.02819896217021e-48,-108327.335479404,190.250102911867,190.250102911867,0,3.73102161534452e-47,2175.711198,-9.14196816684011e-44,1.71485150178674e-50,-145137.274575735,"No MPA"
"3559","Cephalopholis","MT_20",2054,119.364524507576,119.364524507576,1.77412550658364e-11,2.47616284971599e-47,1365.05961699999,-7.92728678793937e-44,1.8139594922293e-50,-127974.339033226,74.89031271334,74.8903127133393,3.86824237039209e-07,2.16353539396279e-46,856.449954937528,-8.72210301952079e-43,2.5261667450234e-49,-108327.335479404,190.250102911867,190.250102911867,0,2.03093033730435e-48,2175.711198,-4.97482399594637e-45,9.33455846148727e-52,-145137.274575735,"No MPA"
"3560","Cephalopholis","MT_20",2055,119.364524507577,119.364524507577,7.7135891590594e-12,1.44964083243906e-48,1365.05961699999,-4.64005062907695e-45,1.06196155419567e-51,-127974.339033226,74.8903127471649,74.8903127471645,2.29199265018541e-07,1.3569247972143e-47,856.449955166727,-5.46981090097523e-44,1.58435970413855e-50,-108327.335479404,190.250102911867,190.250102911867,0,1.10582618787513e-49,2175.711198,-2.70797706841593e-46,5.08259638913314e-53,-145137.274575735,"No MPA"
"3561","Cephalopholis","MT_20",2056,119.364524507578,119.364524507578,3.34255530225909e-12,8.48834323878565e-50,1365.059617,-2.71646384536699e-46,6.21829488842442e-53,-127974.339033226,74.8903127672067,74.8903127672065,1.35804073769508e-07,8.51114149836413e-49,856.44995530253,-3.43055263388058e-45,9.93769857423515e-52,-108327.335479404,190.250102911867,190.250102911867,0,6.0228051252701e-51,2175.711198,-1.4744730055066e-47,2.7682006374773e-54,-145137.274575735,"No MPA"
"3562","Cephalopholis","MT_20",2057,119.364524507578,119.364524507578,1.45701128560012e-12,4.97124348205653e-51,1365.059617,-1.59062003492481e-47,3.6417775605888e-54,-127974.339033226,74.8903127790817,74.8903127790816,8.04659840156899e-08,5.33899706248839e-50,856.449955382996,-2.1517713388884e-46,6.23386927564548e-53,-108327.335479404,190.250102911867,190.250102911867,0,3.28115343570221e-52,2175.711198,-8.03061427917666e-49,1.50808316780204e-55,-145137.274575735,"No MPA"
"3563","Cephalopholis","MT_20",2058,119.364524507579,119.364524507579,6.85652369694175e-13,2.91195740799493e-52,1365.059617,-9.31555105467169e-49,2.13320896152108e-55,-127974.339033226,74.8903127861179,74.8903127861178,4.76773082976895e-08,3.34943053180339e-51,856.449955430674,-1.34979554244959e-47,3.91083041192472e-54,-108327.335479404,190.250102911867,190.250102911867,0,1.78799341954228e-53,2175.711198,-4.37498426146373e-50,8.21797222529295e-57,-145137.274575735,"No MPA"
"3564","Cephalopholis","MT_20",2059,119.364524507579,119.364524507579,3.42826184847088e-13,1.70600857414247e-53,1365.059617,-5.45668060740094e-50,1.24976854702637e-56,-127974.339033226,74.8903127902869,74.8903127902869,2.82495026711511e-08,2.1014606958425e-52,856.449955458923,-8.46796944863027e-49,2.45368767026879e-55,-108327.335479404,190.250102911867,190.250102911867,0,9.7456983726024e-55,2175.711198,-2.38405281050933e-51,4.47931618018101e-58,-145137.274575735,"No MPA"
"3565","Cephalopholis","MT_20",2060,119.364524507579,119.364524507579,1.71413092423544e-13,9.99659183592557e-55,1365.059617,-3.19686815371137e-51,7.32319065880444e-58,-127974.339033226,74.8903127927571,74.8903127927571,1.67382834687777e-08,1.31859114483624e-53,856.449955475661,-5.31287477078064e-50,1.53960092639584e-56,-108327.335479404,190.250102911867,190.250102911867,0,5.31329432502051e-56,2175.711198,-1.29946001711387e-52,2.44209540765553e-59,-145137.274575735,"No MPA"
"3566","Cephalopholis","MT_20",2061,119.364524507579,119.364524507579,8.5706546211772e-14,5.85862431463938e-56,1365.059617,-1.8732488552694e-52,4.29184501664105e-59,-127974.339033226,74.8903127942208,74.8903127942208,9.91767425161914e-09,8.27441324657594e-55,856.449955485579,-3.33363818795357e-51,9.66129216736364e-58,-108327.335479404,190.250102911867,190.250102911867,0,2.89744351991818e-57,2175.711198,-7.08457544092704e-54,1.3317224834719e-60,-145137.274575735,"No MPA"
"3567","Cephalopholis","MT_20",2062,119.364524507579,119.364524507579,0,3.43408219433522e-57,1365.059617,-1.09784029106912e-53,2.51570125697683e-60,-127974.339033226,74.890312795088,74.890312795088,5.87637370744734e-09,5.19280496142798e-56,856.449955491455,-2.0919221313731e-52,6.06317383539805e-59,-108327.335479404,190.250102911867,190.250102911867,0,1.58038452604937e-58,2175.711198,-3.8633578241699e-55,7.26376059240823e-62,-145137.274575735,"No MPA"
"3568","Cephalopholis","MT_20",2063,119.364524507579,119.364524507579,8.5706546211772e-14,2.01323978306348e-58,1365.059617,-6.43508372155505e-55,1.47483652581269e-61,-127974.339033226,74.8903127956018,74.8903127956018,3.48184186103522e-09,3.25914851411282e-57,856.449955494937,-1.31283552064367e-53,3.80541617547593e-60,-108327.335479404,190.250102911867,190.250102911867,0,8.62191772156725e-60,2175.711198,-2.1072338017765e-56,3.96280431405274e-63,-145137.274575735,"No MPA"
"3569","Cephalopholis","MT_20",2064,119.364524507579,119.364524507579,0,1.18045264009655e-59,1365.059617,-3.77258487783131e-56,8.64762700028321e-63,-127974.339033226,74.8903127959063,74.8903127959063,2.06305330184255e-09,2.04570596439666e-58,856.449955497,-8.23972008988062e-55,2.38858785766935e-61,-108327.335479404,190.250102911867,190.250102911867,0,4.70473389017937e-61,2175.711198,-1.14961872630071e-57,2.16238896711298e-64,-145137.274575735,"No MPA"
"3570","Cephalopholis","MT_20",2065,119.364524507579,119.364524507579,8.5706546211772e-14,6.92258617138834e-61,1365.059617,-2.21203545473742e-57,5.07127021060234e-64,-127974.339033226,74.8903127960867,74.8903127960867,1.2223904477666e-09,1.28415893469006e-59,856.449955498223,-5.17191667080186e-56,1.49939751464504e-62,-108327.335479404,190.250102911867,190.250102911867,0,2.56775296466263e-62,2175.711198,-6.27314056695574e-59,1.1801901681726e-65,-145137.274575735,"No MPA"
"3571","Cephalopholis","MT_40",2015,61.2798674349257,61.2798674349257,218.237160513686,21.4725630318454,897.564711381841,-135429.692203441,0.0306400678395286,-283005.17364432,55.2344732067754,55.2344732067754,90.6026430802173,16.068976435938,706.198301944279,-88209.283772186,0.0254390946365175,-212334.095006499,79.1244882087476,79.1244882087476,455.335778198189,28.3971727252386,1331.81083627295,-171502.543351144,0.0313825220386447,-339940.920960143,"No MPA"
"3572","Cephalopholis","MT_40",2016,78.4854988416784,78.4854228040083,216.537341693516,1.83660514892486,1112.26537188876,-9040.38602939079,0.00204624537396428,-156615.86747027,61.7518996751908,61.751866114994,79.8001481651985,1.2858571217594,784.712559427522,-6312.55355575909,0.00182082660847908,-130437.364790072,116.457160717371,116.456995340154,493.12532623068,2.57837948884222,1822.35761763757,-10568.7284060248,0.00193607761585324,-179007.106015023,"No MPA"
"3573","Cephalopholis","MT_40",2017,97.2595083674995,97.259080280536,183.182061770918,0.152050003255067,1295.29495556946,-603.698095625863,0.000136705912494606,-148179.179536505,68.6173998297916,68.6172143803801,63.5139514143883,0.102282061603428,848.124043330895,-451.80540716864,0.000130344268057586,-124576.616641482,159.351905076592,159.350967507022,396.405404513646,0.217873255606398,2218.54421132604,-651.939810602822,0.000119561500820732,-169090.317419601,"No MPA"
"3574","Cephalopholis","MT_40",2018,113.264112821978,113.263423960576,128.789697602018,0.0118341800781605,1424.07213013,-40.3291825008938,9.13643818252726e-06,-147615.81062338,74.1622723981273,74.161988301924,46.6855774509628,0.00791458382772634,894.801422101827,-32.341349579414,9.33192690723277e-06,-124157.152583892,193.99553806006,193.994116400282,208.901121301742,0.0163961189713231,2427.42751484903,-40.2564597757725,7.39071285070886e-06,-168478.634068774,"No MPA"
"3575","Cephalopholis","MT_40",2019,124.524739110689,124.524039985176,76.202150404285,0.000869865497766869,1500.27271154327,-2.69518107725667,6.10836194743904e-07,-147578.176621956,78.2438693136504,78.243565938823,32.1998412617898,0.000597903526164837,927.000362085263,-2.3153960401286,6.68199862738262e-07,-124127.126630353,212.260862073812,212.259797524166,70.68812487547,0.00111004501533107,2498.11346512984,-2.48833692882914,4.57297843488221e-07,-168440.865945927,"No MPA"
"3576","Cephalopholis","MT_40",2020,131.187925138846,131.187398804265,39.5153063038169,6.12910071542392e-05,1539.7874302215,-0.18018694010173,4.08534711578952e-08,-147575.661627819,81.0594321747199,81.0591648295173,21.1702304428068,4.43583442067176e-05,948.170280824523,-0.165787542428986,4.78516288728826e-08,-124124.977021855,218.441833761465,218.441385497662,17.7636822848493,7.07509687571612e-05,2515.87662839992,-0.153962437464109,2.83218274516029e-08,-168438.531571436,"No MPA"
"3577","Cephalopholis","MT_40",2021,134.643199580591,134.642877365582,18.8604761748207,4.20869431976862e-06,1558.64757997262,-0.0120509431377884,2.73330261504082e-09,-147575.493491822,82.9105874302899,82.910379093482,13.4572154895926,3.24958213365645e-06,961.627284727726,-0.011872349810403,3.42722016731243e-09,-124124.823106663,219.995093055842,219.994967201838,3.97471885901757,4.41706266691375e-06,2519.85121698787,-0.00953531577910447,1.75567607094327e-09,-168438.387144314,"No MPA"
"3578","Cephalopholis","MT_40",2022,136.292382355576,136.292210544056,8.60946771710095,2.85132517555272e-07,1567.25687559307,-0.000806262947594001,1.82936044535543e-10,-147575.482247142,84.0873044411795,84.087155224968,8.36403560657815,2.36073999418022e-07,969.991170882018,-0.000850312245056614,2.45494564364174e-10,-124124.812084625,220.342641888878,220.34261417682,0.862473213701104,2.74495355216703e-07,2520.71366221502,-0.000591095687532522,1.08933166063705e-10,-168438.378200094,"No MPA"
"3579","Cephalopholis","MT_40",2023,137.045202573303,137.045118856663,3.84575186592171,1.91956109186403e-08,1571.10254372315,-5.39618535905407e-05,1.22479087559113e-11,-147575.481494841,84.8186653879173,84.8185647209486,5.12396359705618,1.70593906029611e-08,975.115033795046,-6.09082490798037e-05,1.75871726090207e-11,-124124.811295221,220.418056444529,220.418051138249,0.185848665748852,1.70523151014523e-08,2520.89950555744,-3.66752800676412e-05,6.76487595466379e-12,-168438.377645674,"No MPA"
"3580","Cephalopholis","MT_40",2024,137.381478250969,137.381439823605,1.70077849906699,1.28877886890875e-09,1572.80328379357,-3.61284131882063e-06,8.20302336418022e-13,-147575.481444492,85.2667098928157,85.2666448645845,3.11081869071856,1.22873944981249e-09,978.225787456305,-4.36343907399946e-06,1.26009740944374e-12,-124124.811238676,220.434307091698,220.434306157012,0.0399860874964009,1.05996159721631e-09,2520.93949070919,-2.27757732897983e-06,4.20469596708235e-13,-168438.377611276,"No MPA"
"3581","Cephalopholis","MT_40",2025,137.530195587038,137.530178659534,0.748804160132641,8.6438635495183e-11,1573.55207102611,-2.41969493150038e-07,5.4958329526676e-14,-147575.481441121,85.5387226510954,85.5386819775473,1.87815623931876,8.83293122463524e-11,980.103903021987,-3.1263398980944e-07,9.02954438791813e-14,-124124.811234626,220.437803502087,220.437803345877,0.00860019131660916,6.5938286569678e-11,2520.94809074423,-1.4156239055788e-07,2.61562353334104e-14,-168438.37760914,"No MPA"
"3582","Cephalopholis","MT_40",2026,137.595671578604,137.595664340528,0.329023050740184,5.79588756237907e-12,1573.88108683877,-1.6211383039883e-08,3.68331484789554e-15,-147575.481440895,85.7029501827549,85.702925358984,1.13011104668559,6.34238969273512e-12,981.233989244896,-2.24025481252182e-08,6.47114092053419e-15,-124124.811234335,220.438555512534,220.438555487305,0.00184956021244195,4.10521851161997e-12,2520.94994027921,-8.80619959987728e-09,1.62844230184004e-15,-168438.377609007,"No MPA"
"3583","Cephalopholis","MT_40",2027,137.624441615857,137.624438589646,0.144445511631943,3.88651144122832e-13,1574.02552932419,-1.08648899921095e-09,2.4693806352184e-16,-147575.48144088,85.8017679947904,85.801753131322,0.67861449726545,4.55115267105397e-13,981.912588878692,-1.60550677546408e-09,4.63819336785805e-16,-124124.811234315,220.438717240901,220.438717236916,0.000397754487113711,2.55788317472287e-13,2520.95033802971,-5.48258866684958e-10,1.01465052274989e-16,-168438.377608999,"No MPA"
"3584","Cephalopholis","MT_40",2028,137.637072059521,137.63707081629,0.0633890376344501,2.60669946447906e-14,1574.08891711859,-7.2840765985465e-11,1.65607191572484e-17,-147575.481440879,85.861106591882,85.8610978268913,0.406996482630011,3.26469259310448e-14,982.319576596331,-1.15074728199691e-10,3.32483028775846e-17,-124124.811234313,220.438752021287,220.438752020666,8.5537104202043e-05,1.59500557154657e-14,2520.95042356619,-3.41609368046674e-11,6.3270011609742e-18,-168438.377608999,"No MPA"
"3585","Cephalopholis","MT_40",2029,137.642614860615,137.642614357012,0.0278131500273536,1.74879785128653e-15,1574.11672976502,-4.88501214693279e-12,1.11099051304764e-18,-147575.481440879,85.896694704512,85.8966895995562,0.243914130995895,2.34150560444782e-15,982.563485622372,-8.2489844056668e-12,2.38364958633175e-18,-124124.811234313,220.438759500829,220.438759500734,1.83945562615671e-05,9.95339537161759e-16,2520.95044196065,-2.13015498413162e-12,3.94827096898552e-19,-168438.377608999,"No MPA"
"3586","Cephalopholis","MT_40",2030,137.645046874041,137.645046672379,0.0122026224085438,1.17359014329941e-16,1574.12893218576,-3.27715363258143e-13,7.45554711216111e-20,-147575.481440879,85.9180227729376,85.9180198301225,0.146113534117475,1.67929852547181e-16,982.709596213674,-5.9138914373514e-13,1.70909927831297e-19,-124124.811234313,220.438761109291,220.438761109276,3.95567661288246e-06,6.2158160360056e-17,2520.95044591631,-1.32929153468896e-13,2.46566371656689e-20,-168438.377608999,"No MPA"
"3587","Cephalopholis","MT_40",2031,137.64611388689,137.646113806904,0.00535354139653541,7.87816316581431e-18,1574.13428564717,-2.19920628503202e-14,5.00477629638702e-21,-147575.481440879,85.9307990803158,85.9307973985303,0.0875040642170953,1.20439504685066e-17,982.797098596106,-4.24031567120723e-14,1.22558592971367e-20,-124124.811234313,220.438761455185,220.438761455183,8.50647969685244e-07,3.88448243436116e-18,2520.95044676696,-8.30131956890788e-15,1.54088012346837e-21,-168438.377608999,"No MPA"
"3588","Cephalopholis","MT_40",2032,137.646582008112,137.646581976639,0.00234867042922955,5.29012001426351e-19,1574.13663428613,-1.4762880977597e-15,3.36065357502031e-22,-147575.481440879,85.9384505265546,85.9384495725103,0.0523958094895796,8.63844041312312e-19,982.849493451551,-3.04070747407837e-15,8.78964788720914e-22,-124124.811234313,220.438761529568,220.438761529567,1.82926896433635e-07,2.42921851860246e-19,2520.95044694989,-5.18778705966313e-16,9.63612165291809e-23,-168438.377608999,"No MPA"
"3589","Cephalopholis","MT_40",2033,137.646787379488,137.646787367187,0.00103038474394153,3.55334266444578e-20,1574.13766465857,-9.91311614203997e-17,2.25732797721587e-23,-147575.481440879,85.9430320751763,85.9430315374021,0.031370623857936,6.19636617847106e-20,982.880863537635,-2.18073221398478e-16,6.30449141053462e-23,-124124.811234313,220.438761545563,220.438761545563,3.93372178036342e-08,1.52015819880514e-20,2520.95044698922,-3.24425933302476e-17,6.03009948348802e-24,-168438.377608999,"No MPA"
"3590","Cephalopholis","MT_40",2034,137.646877478056,137.646877473276,0.000452037802024502,2.38747057219238e-21,1574.1381166916,-6.65857217966472e-18,1.51668473845463e-24,-147575.481440879,85.9457751607987,85.9457748593409,0.0187812561178062,4.44508440184799e-21,982.899644492295,-1.56415904569371e-17,4.52250579996029e-24,-124124.811234313,220.438761549003,220.438761549003,8.45910776227009e-09,9.5189761889549e-22,2520.95044699768,-2.03019505492122e-18,3.7759473615689e-25,-168438.377608999,"No MPA"
"3591","Cephalopholis","MT_40",2035,137.646917005052,137.646917003204,0.000198311915128291,1.60459861838824e-22,1574.13831500166,-4.47385355828094e-19,1.01935059025573e-25,-147575.481440879,85.9474174185396,85.9474172503697,0.0112437438103024,3.1890953307623e-22,982.910888067935,-1.12204424041953e-18,3.24457878302532e-25,-124124.811234313,220.438761549743,220.438761549743,1.81907801212061e-09,5.96432831541373e-23,2520.9504469995,-1.27127416091414e-19,2.36590462240816e-26,-168438.377608999,"No MPA"
"3592","Cephalopholis","MT_40",2036,137.646934345824,137.646934345112,8.7000537760373e-05,1.07874848695991e-23,1574.13840200149,-3.00683797323429e-20,6.85294600023817e-27,-147575.481440879,85.9484005873649,85.9484004939497,0.00673113088759428,2.28823904927534e-23,982.917619105407,-8.04987560522124e-20,2.32802289369898e-26,-124124.811234313,220.438761549902,220.438761549902,3.91277528935888e-10,3.73932691059985e-24,2520.95044699989,-7.96545376735629e-21,1.48330044132779e-27,-168438.377608999,"No MPA"
"3593","Cephalopholis","MT_40",2037,137.646941953325,137.646941953052,3.81675543960682e-05,7.25432938731443e-25,1574.13844016877,-2.02145350759001e-21,4.60844445322847e-28,-147575.481440879,85.9489891675832,85.9489891158881,0.00402957729540065,1.64203583617844e-24,982.921648631008,-5.77587905161604e-21,1.67057320419903e-27,-124124.811234313,220.438761549936,220.438761549936,8.39236474191647e-11,2.34572358199453e-25,2520.95044699998,-4.9939295847309e-22,9.30491745597819e-29,-168438.377608999,"No MPA"
"3594","Cephalopholis","MT_40",2038,137.646945290776,137.646945290671,1.67442660593547e-05,4.87972654074024e-26,1574.13845691293,-1.3593797768222e-22,3.09993480638073e-29,-147575.481440879,85.9493415202579,85.9493414917459,0.00241227853839318,1.17845125101305e-25,982.924060881034,-4.14473104064225e-22,1.19892694676497e-28,-124124.811234313,220.438761549943,220.438761549943,1.84544146157332e-11,1.47232212767207e-26,2520.950447,-3.132750538744e-23,5.8403453722154e-30,-168438.377608999,"No MPA"
"3595","Cephalopholis","MT_40",2039,137.646946754931,137.646946754891,7.34577077577023e-06,3.28331599531953e-27,1574.13846425866,-9.14405875562297e-24,2.08578602530218e-30,-147575.481440879,85.9495524539592,85.9495524382802,0.00144408651666193,8.45840437505673e-27,982.925504951872,-2.97456568319706e-23,8.60534878738771e-30,-124124.811234313,220.438761549945,220.438761549945,3.95451741765713e-12,9.24618871300316e-28,2520.950447,-1.96630923356594e-24,3.66773917512198e-31,-168438.377608999,"No MPA"
"3596","Cephalopholis","MT_40",2040,137.646947397262,137.646947397246,3.22261311024442e-06,2.20976809532219e-28,1574.13846748126,-6.15256486288348e-25,1.40379524768358e-31,-147575.481440879,85.9496787274396,85.9496787188405,0.000864485175998935,6.07173738718158e-28,982.926369428449,-2.1350070779247e-24,6.17721013110569e-31,-124124.811234313,220.438761549945,220.438761549945,6.5908623627619e-13,5.80962488546912e-29,2520.950447,-1.23484296676417e-25,2.3045375177377e-32,-168438.377608999,"No MPA"
"3597","Cephalopholis","MT_40",2041,137.646947679054,137.646947679049,1.41376936267487e-06,1.48763150943804e-29,1574.13846889502,-4.1408568332502e-26,9.45044886564758e-33,-147575.481440879,85.949754319622,85.9497543149169,0.000517512613027877,4.35898115023052e-29,982.926886936356,-1.5325802208252e-25,4.43469753773548e-32,-124124.811234313,220.438761549945,220.438761549945,2.19695412092063e-13,3.65216673310364e-30,2520.950447,-7.75884491657704e-27,1.44872610941235e-33,-168438.377608999,"No MPA"
"3598","Cephalopholis","MT_40",2042,137.646947802678,137.646947802675,6.20224092344109e-07,1.00174348902257e-30,1574.13846951524,-2.78765409892585e-27,6.36375712059023e-34,-147575.481440879,85.9497995719206,85.9497995693515,0.00030980160911133,3.12971051205503e-30,982.927196735396,-1.10025878759197e-26,3.18407254259624e-33,-124124.811234313,220.438761549945,220.438761549945,2.19695412092063e-13,2.29700657966922e-31,2520.950447,-4.87752580420601e-28,9.11166890409416e-35,-168438.377608999,"No MPA"
"3599","Cephalopholis","MT_40",2043,137.646947856912,137.646947856911,2.72093618419805e-07,6.74726894572713e-32,1574.13846978734,-1.87715460651425e-28,4.28632491765795e-35,-147575.481440879,85.949826661591,85.9498266601909,0.000185458149226924,2.24734711623295e-31,982.927382192146,-7.89975813424968e-28,2.28638206746556e-34,-124124.811234313,220.438761549945,220.438761549945,2.19695412092063e-13,1.44535733984613e-32,2520.950447,-3.06768822004098e-29,5.73338258816688e-36,-168438.377608999,"No MPA"
"3600","Cephalopholis","MT_40",2044,137.646947880704,137.646947880704,1.19367970033671e-07,4.54577252881006e-33,1574.1384699067,-1.26436229600343e-29,2.88778440782544e-36,-147575.481440879,85.9498428784334,85.9498428776716,0.000111021684025639,1.61392211582101e-32,982.927493213068,-5.6725671578805e-29,1.64195457880547e-35,-124124.811234313,220.438761549945,220.438761549945,2.19695412092063e-13,9.09875622564738e-34,2520.950447,-1.9302973376046e-30,3.60925627731999e-37,-168438.377608999,"No MPA"
"3601","Cephalopholis","MT_40",2045,137.646947891142,137.646947891142,5.23669352584705e-08,3.06332747794484e-34,1574.13846995907,-8.51826633393886e-31,1.94603431432967e-37,-147575.481440879,85.9498525864047,85.9498525859909,6.64613887089917e-05,1.15915367072016e-33,982.927559674043,-4.0737275499031e-30,1.17928705700564e-36,-124124.811234313,220.438761549945,220.438761549945,2.19695412092063e-13,5.73027323387374e-35,2520.950447,-1.21515312744391e-31,2.27306063897167e-38,-168438.377608999,"No MPA"
"3602","Cephalopholis","MT_40",2046,137.646947895721,137.646947895721,2.29734371350802e-08,2.06482418609594e-35,1574.13846998204,-5.7403310785678e-32,1.31171699663094e-38,-147575.481440879,85.9498583979331,85.9498583977085,3.97860455136543e-05,8.32616609032454e-35,982.927599459864,-2.92583865302179e-31,8.47078302808953e-38,-124124.811234313,220.438761549945,220.438761549945,2.19695412092063e-13,3.61033982357302e-36,2520.950447,-7.65286954454524e-33,1.43213438719885e-39,-168438.377608999,"No MPA"
"3603","Cephalopholis","MT_40",2047,137.64694789773,137.64694789773,1.00784988925279e-08,1.39211319109626e-36,1574.13846999212,-3.86924823812259e-33,8.84365141722338e-40,-147575.481440879,85.9498618769134,85.9498618767918,2.38172676654434e-05,5.98128253023681e-36,982.92762327701,-2.10162099695047e-32,6.08517100702541e-39,-124124.811234313,220.438761549945,220.438761549945,2.19695412092063e-13,2.27558716362704e-37,2520.950447,-4.8216653122146e-34,9.02670326715487e-41,-168438.377608999,"No MPA"
"3604","Cephalopholis","MT_40",2048,137.646947898611,137.646947898611,4.42135034113561e-09,9.38784146934768e-38,1574.13846999654,-2.60866351145477e-34,5.9637964818906e-41,-147575.481440879,85.9498639595494,85.9498639594836,1.42578133602361e-05,4.29722733623388e-37,982.927637534757,-1.50974509862982e-33,4.37186547052953e-40,-124124.811234313,220.438761549945,220.438761549945,2.19695412092063e-13,1.43484486673651e-38,2520.950447,-3.03908225484509e-35,5.69168215283255e-42,-168438.377608999,"No MPA"
"3605","Cephalopholis","MT_40",2049,137.646947898998,137.646947898998,1.93953982395232e-09,6.33219971760601e-39,1574.13846999848,-1.75917588087555e-35,4.02264466455731e-42,-147575.481440879,85.9498652062856,85.94986520625,8.53520111879638e-06,3.08764013352198e-38,982.927646069923,-1.08467000488956e-34,3.14126901677744e-41,-124124.811234313,220.438761549945,220.438761549945,2.19695412092063e-13,9.05057518990288e-40,2520.950447,-1.91625776531634e-36,3.59014402709633e-43,-168438.377608999,"No MPA"
"3606","Cephalopholis","MT_40",2050,137.646947899167,137.646947899167,8.50878435817476e-10,4.27207699038226e-40,1574.13846999933,-1.18658299167489e-36,2.7139143549337e-43,-147575.481440879,85.9498659526237,85.9498659526045,5.10945356750041e-06,2.21875283885008e-39,982.927651179357,-7.79356158769718e-36,2.25729009426226e-42,-124124.811234313,220.438761549945,220.438761549945,2.19695412092063e-13,5.71085444563607e-41,2520.950447,-1.20871847474892e-37,2.26535767588456e-44,-168438.377608999,"No MPA"
"3607","Cephalopholis","MT_40",2051,137.646947899242,137.646947899242,3.73350625630973e-10,2.88281731482329e-41,1574.13846999971,-8.00539168373466e-38,1.83136196069493e-44,-147575.481440879,85.9498663994065,85.9498663993961,3.05868696932976e-06,1.59453714297649e-40,982.927654238034,-5.60038929391821e-37,1.62223246142616e-43,-124124.811234313,220.438761549945,220.438761549945,2.19695412092063e-13,3.60473907144523e-42,2520.950447,-7.6269354490788e-39,1.42991270444644e-45,-168438.377608999,"No MPA"
"3608","Cephalopholis","MT_40",2052,137.646947899274,137.646947899274,1.63819113190718e-10,1.94574873082781e-42,1574.13846999987,-5.4020753394089e-39,1.23607215496625e-45,-147575.481440879,85.9498666668655,85.9498666668599,1.83103017605472e-06,1.14604951486069e-41,982.927656069058,-4.0247965169803e-38,1.16595510353112e-44,-124124.811234313,220.438761549945,220.438761549945,2.19695412092063e-13,2.27608665423217e-43,2520.950447,-4.81418542013337e-40,9.02868462543868e-47,-168438.377608999,"No MPA"
"3609","Cephalopholis","MT_40",2053,137.646947899289,137.646947899289,7.1903838304676e-11,1.3135481503476e-43,1574.13846999994,-3.64611423049291e-40,8.34455275302245e-47,-147575.481440879,85.9498668269753,85.9498668269723,1.09611435787834e-06,8.23786577714216e-43,982.92765716517,-2.89276176579325e-39,8.38094820740645e-46,-124124.811234313,220.438761549945,220.438761549945,2.19695412092063e-13,1.43760831316174e-44,2520.950447,-3.03974933236194e-41,5.70264407566018e-48,-168438.377608999,"No MPA"
"3610","Cephalopholis","MT_40",2054,137.646947899295,137.646947899295,3.14885840324721e-11,8.8693725481764e-45,1574.13846999998,-2.46144146340104e-41,5.6344297005693e-48,-147575.481440879,85.9498669228223,85.9498669228206,6.56169653313137e-07,5.92199708871114e-44,982.927657821338,-2.07933276864942e-40,6.02485548711754e-47,-124124.811234313,220.438761549945,220.438761549945,2.19695412092063e-13,9.0828890884667e-46,2520.950447,-1.91994839124681e-42,3.60296216820747e-49,-168438.377608999,"No MPA"
"3611","Cephalopholis","MT_40",2055,137.646947899298,137.646947899298,1.38314341077217e-11,5.98998225088056e-46,1574.13846999999,-1.66202063766404e-42,3.80524481488636e-49,-147575.481440879,85.9498669801994,85.9498669801985,3.92804389679375e-07,4.25758546588432e-45,982.927658214141,-1.49478067764036e-41,4.33153491206187e-48,-124124.811234313,220.438761549945,220.438761549945,2.19695412092063e-13,5.74029404379508e-47,2520.950447,-1.21303404645191e-43,2.27703565162345e-50,-168438.377608999,"No MPA"
"3612","Cephalopholis","MT_40",2056,137.646947899299,137.646947899299,6.0819071963032e-12,4.04615038184783e-47,1574.13847,-1.12245528825503e-43,2.57039038112566e-50,-147575.481440879,85.9498670145472,85.9498670145467,2.35145392682516e-07,3.0612572404665e-46,982.927658449286,-1.07466389939435e-42,3.11442781661921e-49,-124124.811234313,220.438761549945,220.438761549945,2.19695412092063e-13,3.62882652733053e-48,2520.950447,-7.66625249295429e-45,1.43946761494219e-51,-168438.377608999,"No MPA"
"3613","Cephalopholis","MT_40",2057,137.6469478993,137.6469478993,2.64857248871269e-12,2.73363476414533e-48,1574.13847,-7.58203063542054e-45,1.73659104090464e-51,-147575.481440879,85.9498670351089,85.9498670351086,1.40765579466505e-07,2.2012891841271e-47,982.927658590051,-7.72696794494161e-44,2.23952308718218e-50,-124124.811234313,220.438761549945,220.438761549945,2.19695412092063e-13,2.29464582265499e-49,2520.950447,-4.84635459427685e-46,9.10230435265273e-53,-168438.377608999,"No MPA"
"3614","Cephalopholis","MT_40",2058,137.6469478993,137.6469478993,1.17714332831675e-12,1.84722207764446e-49,1574.13847,-5.12252402203964e-46,1.17348131238065e-52,-147575.481440879,85.9498670474178,85.9498670474177,8.42667845201126e-08,1.58305045145653e-48,982.927658674318,-5.55630893555166e-45,1.61054624683908e-51,-124124.811234313,220.438761549945,220.438761549945,2.19695412092063e-13,1.45136999862365e-50,2520.950447,-3.06453539211832e-47,5.75723334963138e-54,-168438.377608999,"No MPA"
"3615","Cephalopholis","MT_40",2059,137.6469478993,137.6469478993,3.92381109438919e-13,1.24846417551973e-50,1574.13847,-3.46148636638887e-47,7.93109500411186e-54,-147575.481440879,85.9498670547863,85.9498670547862,5.04448254229505e-08,1.13855064135373e-49,982.927658724763,-3.99580274641872e-46,1.15832597781336e-52,-124124.811234313,220.438761549945,220.438761549945,2.19695412092063e-13,9.18225758095811e-52,2520.950447,-1.93832733746015e-48,3.64237924306892e-55,-168438.377608999,"No MPA"
"3616","Cephalopholis","MT_40",2060,137.6469478993,137.6469478993,1.96190554719459e-13,8.43936252755421e-52,1574.13847,-2.33948141633149e-48,5.3612580394876e-55,-147575.481440879,85.9498670591973,85.9498670591973,3.01978687519072e-08,8.189350277739e-51,982.92765875496,-2.87383372720815e-47,8.33159002602873e-54,-124124.811234313,220.438761549945,220.438761549945,2.19695412092063e-13,5.81066256160791e-53,2520.950447,-1.22630486406981e-49,2.30494913873565e-56,-168438.377608999,"No MPA"
"3617","Cephalopholis","MT_40",2061,137.6469478993,137.6469478993,0,5.70581976411714e-53,1574.13847,-1.58144159728718e-49,3.62472544370073e-56,-147575.481440879,85.9498670618379,85.9498670618379,1.80774239670241e-08,5.89095357525182e-52,982.927658773038,-2.06708688889734e-48,5.99327277321067e-55,-124124.811234313,220.438761549945,220.438761549945,2.19695412092063e-13,3.67792501125158e-54,2520.950447,-7.76023074929313e-51,1.45894379464238e-57,-168438.377608999,"No MPA"
"3618","Cephalopholis","MT_40",2062,137.6469478993,137.6469478993,0,3.85833203145279e-54,1574.13847,-1.06920643498096e-50,2.45107536915274e-57,-147575.481440879,85.9498670634186,85.9498670634186,1.08217291811333e-08,4.23799432577944e-53,982.92765878386,-1.48694493276623e-49,4.31160349182728e-56,-124124.811234313,220.438761549945,220.438761549945,2.19695412092063e-13,2.32850650747828e-55,2520.950447,-4.91192638761851e-52,9.23662149031635e-59,-168438.377608999,"No MPA"
"3619","Cephalopholis","MT_40",2063,137.6469478993,137.6469478993,0,2.60947187416134e-55,1574.13847,-7.2300801757989e-52,1.65771431414248e-58,-147575.481440879,85.9498670643649,85.9498670643649,6.47820821246142e-09,3.04911160013768e-54,982.927658790338,-1.0697188676155e-50,3.10207121845593e-57,-124124.811234313,220.438761549945,220.438761549945,2.19695412092063e-13,1.47450385494592e-56,2520.950447,-3.10975686639458e-53,5.848999756027e-60,-168438.377608999,"No MPA"
"3620","Cephalopholis","MT_40",2064,137.6469478993,137.6469478993,0,1.7651250412602e-56,1574.13847,-4.88985673417401e-53,1.1213276817129e-59,-147575.481440879,85.9498670649314,85.9498670649314,3.878061824579e-09,2.19393628090035e-55,982.927658794216,-7.69631093712412e-52,2.23204247156944e-58,-124124.811234313,220.438761549945,220.438761549945,2.19695412092063e-13,9.33909708211439e-58,2520.950447,-1.96922296446969e-54,3.70459367546402e-61,-168438.377608999,"No MPA"
"3621","Cephalopholis","MT_40",2065,137.6469478993,137.6469478993,0,1.1941711123317e-57,1574.13847,-3.30764575588282e-54,7.58618847763565e-61,-147575.481440879,85.9498670652705,85.9498670652705,2.32153728133016e-09,1.57874505678728e-56,982.927658796538,-5.5377493539997e-53,1.60616607200164e-59,-124124.811234313,220.438761549945,220.438761549945,2.19695412092063e-13,5.91631358438474e-59,2520.950447,-1.24725102479885e-55,2.34685834123606e-62,-168438.377608999,"No MPA"
"3622","Cephalopholis","MT_60",2015,73.6851819037879,73.6851819037879,258.394671601753,28.6923843303853,1072.37029607137,-150520.712229976,0.0340494524898894,-323092.667786161,64.6361943035465,64.6361943035465,106.089263137032,20.0112914821054,825.261234054927,-93853.8184103324,0.0270721653208599,-236525.453738405,97.68838238523,97.68838238523,546.943730727122,40.692914303167,1623.42081642396,-199262.457720219,0.0364249973622341,-399651.530407224,"No MPA"
"3623","Cephalopholis","MT_60",2016,93.7709744633154,93.7708693151715,253.153304109491,2.8510958063706,1322.67239922634,-11747.8991423309,0.0026587408246771,-184319.854698516,72.1630861910582,72.163043366753,93.0760225511647,1.83840548799993,916.498808293787,-7721.54538135356,0.00222767914465878,-150393.180709426,141.95633026931,141.956082438001,577.567280419941,4.33567311737033,2196.65217589522,-14593.6076369104,0.00267084424028491,-214982.680323915,"No MPA"
"3624","Cephalopholis","MT_60",2017,115.658070934605,115.657477771938,210.53038859956,0.274695613647448,1532.92749904959,-917.256990147319,0.000207687544537877,-173489.212546332,80.1411477574684,80.1409104224369,73.5056526075674,0.168022902290174,989.836200664032,-635.350332883599,0.000183332722431586,-143306.985660956,192.081238957544,192.079834082202,448.689252433478,0.430619738471068,2644.90940371488,-1069.94619801139,0.000196046606077339,-201459.018885016,"No MPA"
"3625","Cephalopholis","MT_60",2018,134.043348546766,134.042398854955,144.977217184016,0.0248785264217889,1677.87888801537,-71.6466735599258,1.62297482970238e-05,-172643.602229745,86.5539687506926,86.5536044307458,53.46482764467,0.0149363708778774,1043.28572761788,-52.2858341785751,1.50898410273888e-05,-142723.921162251,231.278069769498,231.275977654068,226.883955112856,0.0380993768711946,2871.75316733544,-78.5296728694013,1.44053447663702e-05,-200467.602359874,"No MPA"
"3626","Cephalopholis","MT_60",2019,146.718292120761,146.717342044795,83.9662058481064,0.00212879232939258,1761.84201499518,-5.59856934559498,1.26875586875452e-06,-172577.554125531,91.2277407168006,91.2273537355259,36.438767864188,0.00129594752061929,1079.72281255327,-4.30344881229561,1.24218498049501e-06,-142675.938776885,251.113905248673,251.112386990558,74.1605530446386,0.00304280064097152,2945.90915932132,-5.77003459771345,1.05957613146285e-06,-200394.842721602,"No MPA"
"3627","Cephalopholis","MT_60",2020,154.060256239618,154.059553818391,42.7206193418853,0.000174812118448348,1804.56175710372,-0.437654683472273,9.92218481347168e-08,-172572.393210868,94.4138984959853,94.4135606387799,23.6623490282787,0.000110421919701105,1103.38471330242,-0.354250129693966,1.02269099071382e-07,-142671.989578203,257.59830681806,257.597685935151,18.33505647901,0.000229823060494318,2964.24336509436,-0.424404994542531,7.80145244267043e-08,-200389.497091999,"No MPA"
"3628","Cephalopholis","MT_60",2021,157.795786644567,157.795364274671,20.0725582276238,1.40077420420489e-05,1824.63387895371,-0.0342258973919815,7.76242851439222e-09,-172571.989782082,96.4829594341994,96.4826990921909,14.8576441341877,9.29147891241799e-06,1118.24208780312,-0.0291650568720759,8.42090497392243e-09,-142671.66449313,259.201499621561,259.201328452435,4.08464787698612,1.70434697792878e-05,2968.32782475875,-0.0312479975975573,5.74968900261705e-09,-200389.103935002,"No MPA"
"3629","Cephalopholis","MT_60",2022,159.550947555229,159.550725985982,9.04401992667526,1.10846589210186e-06,1833.67767620267,-0.00267757925045803,6.07501157035338e-10,-172571.958233764,97.7821286577419,97.7819444254423,9.12477746766284,7.7546863793826e-07,1127.36668026302,-0.0024014514277443,6.93472004154262e-10,-142671.637729524,259.558655880261,259.558618542848,0.885766235975452,1.25904519018636e-06,2969.21355239827,-0.00230298297283911,4.24159779039001e-10,-200389.074989988,"No MPA"
"3630","Cephalopholis","MT_60",2023,160.341761776763,160.341655401083,3.99404812612324,8.72120999665603e-08,1837.6716178659,-0.000209551398066648,4.75613253875254e-11,-172571.955765736,98.580007832202,98.579885059796,5.52581916268599,6.43901561720412e-08,1132.89237658891,-0.000197761574727439,5.71155798305275e-11,-142671.635525834,259.636106313354,259.636099196125,0.19091535311499,9.2995648572771e-08,2969.40446054116,-0.000169893115164196,3.13199599220238e-11,-200389.072856898,"No MPA"
"3631","Cephalopholis","MT_60",2024,160.691002895323,160.690954734155,1.74787074832082,6.84516756702718e-09,1839.41944044621,-1.64057784480571e-05,3.72491403573136e-12,-172571.955572591,99.0631897433061,99.0631114047842,3.31744343765383,5.32995918142969e-09,1136.20974168271,-1.62879459688876e-05,4.70473756079266e-12,-142671.635344361,259.652799840447,259.652798589309,0.0410941170077324,6.87351504818341e-09,2969.44555340015,-1.2544907880959e-05,2.31477898977855e-12,-200389.07269955,"No MPA"
"3632","Cephalopholis","MT_60",2025,160.843837254075,160.84381631545,0.761818912790456,5.36800422962045e-10,1840.18123841984,-1.28486915489778e-06,2.91831459470891e-13,-172571.95555747,99.3532691670238,99.3532207635555,1.98116394840032,4.40381886216216e-10,1138.1908572272,-1.34167208227122e-06,3.87588636669419e-13,-142671.635329415,259.656393111769,259.656392902826,0.00884266930526751,5.08463317966738e-10,2969.45439586001,-9.27162391818409e-07,1.71231736335237e-13,-200389.072687932,"No MPA"
"3633","Cephalopholis","MT_60",2026,160.910450940218,160.910442100536,0.331455503696996,4.20881778777198e-11,1840.51268508381,-1.0066410794196e-07,2.28717574607494e-14,-172571.955556286,99.5265032968874,99.5264741118509,1.17939537738999,3.63476377162686e-11,1139.37022341952,-1.10530355940931e-07,3.19345758004415e-14,-142671.635328183,259.657166320501,259.657166286755,0.00190260881040991,3.76453732774983e-11,2969.45629843503,-6.85852198573414e-08,1.26775387865701e-14,-200389.072687073,"No MPA"
"3634","Cephalopholis","MT_60",2027,160.939433537719,160.939429887942,0.144099634135561,3.30031456427575e-12,1840.65678106816,-7.88936470347326e-09,1.79314960609308e-15,-172571.955556193,99.6296302834402,99.6296130182068,0.700768218484608,2.99826656999635e-12,1140.07097437277,-9.10691782514321e-09,2.63151231349623e-15,-142671.635328082,259.657332686835,259.657332681502,0.000409355374212811,2.78951010685318e-12,2969.45670778507,-5.07786583962358e-09,9.39400963177373e-16,-200389.07268701,"No MPA"
"3635","Cephalopholis","MT_60",2028,160.952033682388,160.95203220146,0.0626258737366009,2.58853367351747e-13,1840.71940546097,-6.18527482076212e-10,1.40630980716313e-16,-172571.955556186,99.6909058521341,99.6908957923787,0.415909023144458,2.47249444250394e-13,1140.48687333616,-7.50439204421606e-10,2.16871983306193e-16,-142671.635328074,259.657368481515,259.657368480684,8.80729966724966e-05,2.06870574079404e-13,2969.45679585724,-3.76267991803798e-10,6.96661357403013e-17,-200389.072687005,"No MPA"
"3636","Cephalopholis","MT_60",2029,160.957509729571,160.957509137015,0.0272132430536353,2.03085285730988e-14,1840.74661811147,-4.8509128492024e-11,1.10329301358265e-17,-172571.955556185,99.7272731883221,99.7272673989901,0.246677917714985,2.03866192376455e-14,1140.73354546454,-6.18462632917962e-11,1.78753654409362e-17,-142671.635328073,259.657376182785,259.657376182656,1.89486854866802e-05,1.53537110973567e-14,2969.4568148058,-2.79040984827295e-11,5.17054537340904e-18,-200389.072687005,"No MPA"
"3637","Cephalopholis","MT_60",2030,160.959889277722,160.959889043321,0.0118243740525914,1.59381523952902e-15,1840.75844225112,-3.80568931666972e-12,8.65852597324726e-19,-172571.955556185,99.7488428699294,99.7488395722267,0.146247587023043,1.68090700070022e-15,1140.87978975386,-5.09758982583946e-12,1.47353168079529e-18,-142671.635328073,259.657377839698,259.657377839678,4.07672232406794e-06,1.14041033023999e-15,2969.4568188825,-2.07101206024e-12,3.84046780729015e-19,-200389.072687005,"No MPA"
"3638","Cephalopholis","MT_60",2031,160.960923212643,160.960923120794,0.00513763124100439,1.25122354981284e-16,1840.76357979052,-2.98666440040487e-13,6.79732615272852e-20,-172571.955556185,99.7616308682258,99.7616290059705,0.0866850249061725,1.38597887388607e-16,1140.96647291651,-4.20212921371899e-13,1.21483340683547e-19,-142671.635328073,259.657378196176,259.657378196173,8.77081772226457e-07,8.47678804623424e-17,2969.45681975958,-1.53826232465897e-13,2.85465947587826e-20,-200389.072687005,"No MPA"
"3639","Cephalopholis","MT_60",2032,160.961372453056,160.96137241735,0.00223224258978296,9.82582671049656e-18,1840.7658119974,-2.34466375308936e-14,5.33790803936752e-21,-172571.955556185,99.7692106796595,99.7692096357493,0.0513733848207366,1.14287617563202e-17,1141.01784525742,-3.46438884549544e-14,1.00167376187542e-20,-142671.635328073,259.65737827287,259.65737827287,1.88697861858519e-07,6.3054086962427e-18,2969.45681994828,-1.14340630928812e-14,2.12342158144371e-21,-200389.072687005,"No MPA"
"3640","Cephalopholis","MT_60",2033,160.961567643295,160.961567629507,0.000969876694898712,7.71861177450028e-19,1840.76678186031,-1.84125334094712e-15,4.1931525044505e-22,-172571.955556185,99.7737028168301,99.7737022353626,0.0304435860593732,9.42497583443609e-19,1141.04828826201,-2.85651291377715e-15,8.26014762942176e-22,-142671.635328073,259.657378289371,259.657378289371,4.05967444217374e-08,4.69349466893661e-19,2969.45681998887,-8.50516026173048e-16,1.58059030776489e-22,-200389.072687005,"No MPA"
"3641","Cephalopholis","MT_60",2034,160.961652450745,160.96165244545,0.000421395281942162,6.06517483186869e-20,1840.76720325029,-1.44638236525709e-16,3.29491758091779e-23,-172571.955556185,99.7763648359262,99.7763645138286,0.0180397975460408,7.77329042124396e-20,1141.06632773746,-2.35557912141402e-16,6.81241145343907e-23,-142671.635328073,259.65737829292,259.65737829292,8.73383225966121e-09,3.49598979633815e-20,2969.45681999761,-6.33090197121299e-17,1.177316259595e-23,-200389.072687005,"No MPA"
"3642","Cephalopholis","MT_60",2035,160.961689298231,160.961689296208,0.000183088662745911,4.76737555946827e-21,1840.76738633693,-1.13654599452539e-17,2.5898851039204e-24,-172571.955556185,99.7779422567087,99.7779420791472,0.0106894275901836,6.41174105731118e-21,1141.07701698749,-1.94272242525423e-17,5.61907831678667e-24,-142671.635328073,259.657378293684,259.657378293684,1.87877962942953e-09,2.60570026297844e-21,2969.45681999948,-4.71562668200274e-18,8.77500641002936e-25,-200389.072687005,"No MPA"
"3643","Cephalopholis","MT_60",2036,160.961705307825,160.961705307055,7.95485367958174e-05,3.74839282573021e-22,1840.7674658847,-8.93352707216418e-19,2.03632075055046e-25,-172571.955556185,99.7788769537953,99.7788768563272,0.0063338729774812,5.28926114298139e-22,1141.083350763,-1.6024148672141e-18,4.63532352812068e-25,-142671.635328073,259.657378293848,259.657378293848,4.0442536300788e-10,1.94334161641171e-22,2969.45681999989,-3.51474415006503e-19,6.54443467008234e-26,-200389.072687005,"No MPA"
"3644","Cephalopholis","MT_60",2037,160.961712263698,160.961712263406,3.45622560291171e-05,2.94807307758004e-23,1840.76750044666,-7.02406702314645e-20,1.60154562280051e-26,-172571.955556185,99.7794307963474,99.7794307430453,0.00375300746998958,4.36377883029994e-23,1141.08710371717,-1.3218736049898e-19,3.82424196087714e-26,-142671.635328073,259.657378293884,259.657378293884,8.719855875475e-11,1.45022160170204e-23,2969.45681999998,-2.62131016176405e-20,4.88379420752816e-27,-200389.072687005,"No MPA"
"3645","Cephalopholis","MT_60",2038,160.96171528589,160.961715285779,1.50165871887395e-05,2.31929773864764e-24,1840.76751546314,-5.52435749231123e-21,1.25996234618723e-27,-172571.955556185,99.7797589648641,99.7797589358119,0.00222375283040511,3.60063751290099e-24,1141.08932744095,-1.0905742536933e-20,3.15544492739275e-27,-142671.635328073,259.657378293891,259.657378293891,1.86299591404812e-11,1.0828554111936e-24,2969.45681999999,-1.95615664752245e-21,3.64664474627253e-28,-200389.072687005,"No MPA"
"3646","Cephalopholis","MT_60",2039,160.961716598972,160.96171659893,6.52438780837378e-06,1.82514580603702e-25,1840.76752198749,-4.3461031194256e-22,9.91513480493981e-29,-172571.955556185,99.7799534133176,99.7799533975295,0.00131762460063984,2.97128974792009e-25,1141.09064504976,-8.99850748981098e-22,2.60390635208724e-28,-142671.635328073,259.657378293893,259.657378293893,3.88124148760028e-12,8.0899913259006e-26,2969.45682,-1.46062836771009e-22,2.72440106601739e-29,-200389.072687005,"No MPA"
"3647","Cephalopholis","MT_60",2040,160.961717169478,160.961717169462,2.83470413688459e-06,1.4366769014952e-26,1840.76752482217,-3.4201179452374e-23,7.8047710226006e-30,-172571.955556185,99.7800686286147,99.7800686200574,0.000780720576012818,2.4522195694541e-26,1141.09142576178,-7.42566304756303e-23,2.14901382299158e-29,-142671.635328073,259.657378293893,259.657378293893,1.03499773002674e-12,6.04725080161811e-27,2969.45682,-1.09123256004362e-23,2.03648383128134e-30,-200389.072687005,"No MPA"
"3648","Cephalopholis","MT_60",2041,160.961717417351,160.961717417345,1.23161578356561e-06,1.13119850804396e-27,1840.76752605378,-2.6921709041759e-24,6.14525458967582e-31,-172571.955556185,99.7801368961964,99.7801368915691,0.000462592622019891,2.02405432203362e-27,1141.09188834977,-6.12842797315551e-24,1.77378803867661e-30,-142671.635328073,259.657378293894,259.657378293894,0,4.5226332045025e-28,2969.45682,-8.15693949182444e-25,1.5230506717732e-31,-200389.072687005,"No MPA"
"3649","Cephalopholis","MT_60",2042,160.961717525046,160.961717525044,5.35109043644077e-07,8.90911159187522e-29,1840.76752658889,-2.11973875430359e-25,4.83988959267143e-32,-172571.955556185,99.7801773461484,99.7801773436514,0.000274095033747042,1.67083316580959e-28,1141.09216244231,-5.05838171711971e-25,1.46424068287273e-31,-142671.635328073,259.657378293894,259.657378293894,0,3.38407210715345e-29,2969.45682,-6.10043251107954e-26,1.13962664294726e-32,-200389.072687005,"No MPA"
"3650","Cephalopholis","MT_60",2043,160.961717571837,160.961717571837,2.32492527752657e-07,7.01848756089259e-30,1840.76752682138,-1.66946729161886e-26,3.81280496288333e-33,-172571.955556185,99.7802013135451,99.7802013122002,0.000162406412161157,1.37940481879938e-29,1141.09232484738,-4.17563324205074e-26,1.20884610744371e-32,-142671.635328073,259.657378293894,259.657378293894,0,2.5333452257484e-30,2969.45682,-4.5646645590812e-27,8.5313421925711e-34,-200389.072687005,"No MPA"
"3651","Cephalopholis","MT_60",2044,160.961717592167,160.961717592167,1.0101256025719e-07,5.53049421716841e-31,1840.7675269224,-1.31518561590614e-27,3.00445012017265e-34,-172571.955556185,99.7802155146858,99.7802155139626,9.62287436441127e-05,1.13893177547109e-30,1141.0924210754,-3.44731439945782e-27,9.9810659547197e-34,-142671.635328073,259.657378293894,259.657378293894,0,1.89735074788115e-31,2969.45682,-3.41714679880694e-28,6.38955493510476e-35,-200389.072687005,"No MPA"
"3652","Cephalopholis","MT_60",2045,160.961717601,160.961717601,4.38876397369248e-08,4.35906503776888e-32,1840.76752696628,-1.03635240203062e-28,2.36806928306523e-35,-172571.955556185,99.7802239291255,99.7802239287372,5.70172363279149e-05,9.4048219084979e-32,1141.09247809224,-2.8463401730003e-28,8.24194581858765e-35,-142671.635328073,259.657378293894,259.657378293894,0,1.42164637419975e-32,2969.45682,-2.55927457830808e-29,4.78756372082807e-36,-200389.072687005,"No MPA"
"3653","Cephalopholis","MT_60",2046,160.961717604838,160.961717604838,1.90680628712478e-08,3.4366040380343e-33,1840.76752698535,-8.16839751541133e-30,1.86694082098356e-36,-172571.955556185,99.7802289148337,99.7802289146255,3.37837037036056e-05,7.76693917873248e-33,1141.09251187574,-2.35038838465433e-29,6.80658169942595e-36,-142671.635328073,259.657378293894,259.657378293894,0,1.06566025469611e-33,2969.45682,-1.91761245457457e-30,3.58873800594988e-37,-200389.072687005,"No MPA"
"3654","Cephalopholis","MT_60",2047,160.961717606505,160.961717606505,8.28462678112908e-09,2.71000533768337e-34,1840.76752699364,-6.43980937238561e-31,1.47221487665071e-37,-172571.955556185,99.7802318689544,99.7802318688429,2.00174217388316e-05,6.41497921727034e-34,1141.09253189305,-1.9410599047097e-30,5.62178714741238e-37,-142671.635328073,259.657378293894,259.657378293894,0,7.99138360027595e-35,2969.45682,-1.43743438159906e-31,2.69119373834705e-38,-200389.072687005,"No MPA"
"3655","Cephalopholis","MT_60",2048,160.961717607229,160.961717607229,3.59944662303262e-09,2.13753425171335e-35,1840.76752699723,-5.07824514535281e-32,1.16121901346467e-38,-172571.955556185,99.7802336193224,99.7802336192628,1.18606592174254e-05,5.29890555479674e-35,1141.09254375365,-1.60318734225451e-31,4.643712413056e-38,-142671.635328073,259.657378293894,259.657378293894,0,5.99507033034552e-36,2969.45682,-1.07793168535307e-32,2.01891143523869e-39,-200389.072687005,"No MPA"
"3656","Cephalopholis","MT_60",2049,160.961717607544,160.961717607544,1.56383602602013e-09,1.68638259496452e-36,1840.7675269988,-4.0054987293933e-33,9.16130130628417e-40,-172571.955556185,99.7802346564455,99.7802346564136,7.02763742818545e-06,4.37746044967523e-36,1141.09255078125,-1.32426589026272e-32,3.83620108083057e-39,-142671.635328073,259.657378293894,259.657378293894,0,4.49913500926196e-37,2969.45682,-8.08655495498474e-34,1.51513737426967e-40,-200389.072687005,"No MPA"
"3657","Cephalopholis","MT_60",2050,160.961717607681,160.961717607681,6.79345810431906e-10,1.33075180382841e-37,1840.76752699948,-3.16009127618602e-34,7.22933115838956e-41,-172571.955556185,99.7802352709585,99.7802352709414,4.16399034379773e-06,3.6166206531742e-37,1141.09255494523,-1.09398468028108e-33,3.16943673911302e-40,-142671.635328073,259.657378293894,259.657378293894,0,3.3776902452737e-38,2969.45682,-6.06873656146011e-35,1.13747747484461e-41,-200389.072687005,"No MPA"
"3658","Cephalopholis","MT_60",2051,160.96171760774,160.96171760774,2.95292369114352e-10,1.05034941355014e-38,1840.76752699977,-2.49367917968334e-35,5.70604054093812e-42,-172571.955556185,99.7802356350676,99.7802356350585,2.46723174069413e-06,2.98832554017688e-38,1141.09255741245,-9.03840847923289e-35,2.61882835640827e-41,-142671.635328073,259.657378293894,259.657378293894,0,2.53664993675052e-39,2969.45682,-4.55605627361297e-36,8.5424712010142e-43,-200389.072687005,"No MPA"
"3659","Cephalopholis","MT_60",2052,160.961717607766,160.961717607766,1.28171912856309e-10,8.29209365220636e-40,1840.7675269999,-1.96823664369751e-36,4.50469357514225e-43,-172571.955556185,99.7802358508083,99.7802358508034,1.46187434774207e-06,2.46942943871212e-39,1141.09255887432,-7.46821671184697e-36,2.16409214368363e-42,-142671.635328073,259.657378293894,259.657378293894,0,1.9056595186959e-40,2969.45682,-3.42160441575827e-37,6.41753571178683e-44,-200389.072687005,"No MPA"
"3660","Cephalopholis","MT_60",2053,160.961717607777,160.961717607777,5.57068187527007e-11,6.54766094345679e-41,1840.76752699996,-1.55384506990657e-37,3.55702762430203e-44,-172571.955556185,99.7802359786381,99.7802359786355,8.66183766044164e-07,2.04083853132341e-40,1141.0925597405,-6.17142741481103e-37,1.78849517109873e-43,-142671.635328073,259.657378293894,259.657378293894,0,1.432084051776e-41,2969.45682,-2.57048200842975e-38,4.82271384493813e-45,-200389.072687005,"No MPA"
"3661","Cephalopholis","MT_60",2054,160.961717607782,160.961717607782,2.4155031367873e-11,5.1712757315803e-42,1840.76752699998,-1.22695800399002e-38,2.80930408415468e-45,-172571.955556185,99.7802360543793,99.780236054378,5.13227535046618e-07,1.68679972379729e-41,1141.09256025373,-5.10032262830695e-38,1.47823216390166e-44,-142671.635328073,259.657378293894,259.657378293894,0,1.07652657262898e-42,2969.45682,-1.93169149763358e-39,3.62533162758359e-46,-200389.072687005,"No MPA"
"3662","Cephalopholis","MT_60",2055,160.961717607784,160.961717607784,1.06328367743749e-11,4.08504376672813e-43,1840.76752699999,-9.69038898698963e-40,2.21920677478801e-46,-172571.955556185,99.7802360992572,99.7802360992565,3.0409534230028e-07,1.3943146518245e-42,1141.09256055782,-4.21553330267313e-39,1.22191196436726e-45,-142671.635328073,259.657378293894,259.657378293894,0,8.09485169188474e-44,2969.45682,-1.45209160366329e-40,2.72603785223075e-47,-200389.072687005,"No MPA"
"3663","Cephalopholis","MT_60",2056,160.961717607785,160.961717607785,4.6229725105978e-12,3.22761146580856e-44,1840.767527,-7.65491247869997e-41,1.75340526083095e-47,-172571.955556185,99.7802361258481,99.7802361258477,1.80181219013194e-07,1.15265674570332e-43,1141.092560738,-3.48457482154122e-40,1.01013430947254e-46,-142671.635328073,259.657378293894,259.657378293894,0,6.08857989402806e-45,2969.45682,-1.09188815896851e-41,2.05040189607070e-48,-200389.072687005,"No MPA"
"3664","Cephalopholis","MT_60",2057,160.961717607786,160.961717607786,1.96476331700407e-12,2.55064105536432e-45,1840.767527,-6.04818080218557e-42,1.38563996699857e-48,-172571.955556185,99.7802361416036,99.7802361416034,1.06760168633328e-07,9.52973179701617e-45,1141.09256084476,-2.88064008194345e-41,8.35140997751559e-48,-142671.635328073,259.657378293894,259.657378293894,0,4.58080056577569e-46,2969.45682,-8.2126869574248e-43,1.54263922442748e-49,-200389.072687005,"No MPA"
"3665","Cephalopholis","MT_60",2058,160.961717607786,160.961717607786,9.24594502119563e-13,2.01603970300769e-46,1840.767527,-4.77961440766422e-43,1.0952168991667e-49,-172571.955556185,99.780236150939,99.7802361509389,6.32570828996818e-08,7.87956746163801e-46,1141.09256090802,-2.38160471299452e-42,6.90528335037491e-49,-142671.635328073,259.657378293894,259.657378293894,0,3.44731144785025e-47,2969.45682,-6.17889256869408e-44,1.1609232451645e-50,-200389.072687005,"No MPA"
"3666","Cephalopholis","MT_60",2059,160.961717607786,160.961717607786,3.46722938294836e-13,1.5937807124643e-47,1840.767527,-3.77783161243058e-44,8.65824004980014e-51,-172571.955556185,99.7802361564703,99.7802361564703,3.74807591966733e-08,6.5157533814564e-47,1141.0925609455,-1.96920704600677e-43,5.71010065675261e-50,-142671.635328073,259.657378293894,259.657378293894,0,2.59495075841421e-48,2969.45682,-4.64996604441543e-45,8.73880617133946e-52,-200389.072687005,"No MPA"
"3667","Cephalopholis","MT_60",2060,160.961717607786,160.961717607786,2.31148625529891e-13,1.26018977732218e-48,1840.767527,-2.98656576546934e-45,6.84600178370152e-52,-172571.955556185,99.7802361597477,99.7802361597477,2.22079126600475e-08,5.38848899578838e-48,1141.09256096771,-1.62837205602495e-44,4.72221902079838e-51,-142671.635328073,259.657378293894,259.657378293894,0,1.95381336093636e-49,2969.45682,-3.50024449374331e-46,6.5796995187031e-53,-200389.072687005,"No MPA"
"3668","Cephalopholis","MT_60",2061,160.961717607786,160.961717607786,0,9.96596645052181e-50,1840.767527,-2.36145387976589e-46,5.41402773807288e-53,-172571.955556185,99.7802361616897,99.7802361616896,1.31584920592659e-08,4.45665491951973e-49,1141.09256098087,-1.3466539310133e-45,3.90560334188863e-52,-142671.635328073,259.657378293894,259.657378293894,0,1.47142611547476e-50,2969.45682,-2.63543515661888e-47,4.95520293665952e-54,-200389.072687005,"No MPA"
"3669","Cephalopholis","MT_60",2062,160.961717607786,160.961717607786,0,7.88273981423545e-51,1840.767527,-1.86751000235933e-47,4.28231142640939e-54,-172571.955556185,99.7802361628403,99.7802361628403,7.79663510926134e-09,3.6862959965865e-50,1141.09256098866,-1.11377639837716e-46,3.23049691378043e-53,-142671.635328073,259.657378293894,259.657378293894,0,1.10838726496511e-51,2969.45682,-1.98475872497406e-48,3.73262630895945e-55,-200389.072687005,"No MPA"
"3670","Cephalopholis","MT_60",2063,160.961717607786,160.961717607786,0,6.23602032018734e-52,1840.767527,-1.47713676562799e-48,3.38772834087883e-55,-172571.955556185,99.780236163522,99.780236163522,4.61963894989925e-09,3.04937008739411e-51,1141.09256099328,-9.21253620153601e-48,2.67232492055867e-54,-142671.635328073,259.657378293894,259.657378293894,0,8.35100411476298e-53,2969.45682,-1.49506745303336e-49,2.81230023569192e-56,-200389.072687005,"No MPA"
"3671","Cephalopholis","MT_60",2064,160.961717607786,160.961717607786,0,4.93410857368101e-53,1840.767527,-1.16856005693819e-49,2.68046263382449e-56,-172571.955556185,99.780236163926,99.780236163926,2.73720628510526e-09,2.52271591954856e-52,1141.09256099602,-7.62077498600785e-49,2.21078990941158e-55,-142671.635328073,259.657378293894,259.657378293894,0,6.29327271372282e-54,2969.45682,-1.12643972434336e-50,2.11933464441582e-57,-200389.072687005,"No MPA"
"3672","Cephalopholis","MT_60",2065,160.961717607786,160.961717607786,0,3.90462257345101e-54,1840.767527,-9.24596441280787e-51,2.12119266348347e-57,-172571.955556185,99.7802361641653,99.7802361641653,1.62183976499553e-09,2.08720154975339e-53,1141.09256099764,-6.30459728581214e-50,1.82912554256908e-56,-142671.635328073,259.657378293894,259.657378293894,0,4.74353188233886e-55,2969.45682,-8.48879042980176e-52,1.59744093613015e-58,-200389.072687005,"No MPA"
"3673","Dasyatis","MT",2015,141.04107734036,141.04107734036,114.162947516977,9.25753836075833,641.504182356218,-76706.5398752552,0.0172522540548334,-281039.615982418,10.5367577494727,10.5367577494727,6.23945170004251,0.345654233486499,45.981489566556,-37207.6784020741,0.00862245281230593,-195869.998780985,225.804036858038,225.804036858038,355.117381757802,238.180021298093,976.02161765971,-1322391.97772935,0.27724873235879,-1585542.08037388,"No MPA"
"3674","Dasyatis","MT",2016,168.614699691355,168.614468832619,127.767265525193,1.03394267094932,768.237274351726,-7158.07749016811,0.00161179922858355,-211491.153597331,12.0858994654548,12.085895703534,7.10403046407709,0.0296109937630372,53.0559052749493,-2778.29423403576,0.000643978458805855,-161440.614612947,256.540169932327,256.526000304492,393.593787041318,30.4182795784144,1339.18295549478,-148155.049574023,0.031260932469794,-411305.152218556,"No MPA"
"3675","Dasyatis","MT",2017,201.925569418333,201.9221078274,140.400784974428,0.115806516998928,908.518791218222,-668.723383459514,0.000150749619816454,-205001.799490622,13.9453580831387,13.9453017283916,8.12393640629227,0.00255232569551728,61.177233000799,-207.49927339926,4.81065555385149e-05,-158869.819652311,351.994481225606,351.779248823312,498.145951080535,4.72931513609217,1832.38435903693,-16704.4576797338,0.00354618023194751,-279854.560324266,"No MPA"
"3676","Dasyatis","MT",2018,238.797543895278,238.790330435279,149.534409397913,0.0128229689918416,1058.03316418714,-62.5424951426283,1.41147245968726e-05,-204395.618602305,16.0799898957631,16.0798698124084,9.2707473231717,0.000219895727936258,70.447640344888,-15.5005464681108,3.59442089280503e-06,-158677.82092538,481.628876188032,481.109810704031,603.779256736679,0.738309538224343,2434.90624075138,-1894.82401762807,0.000404561301086555,-265044.926662161,"No MPA"
"3677","Dasyatis","MT",2019,278.096307318924,278.086044233595,153.658372234198,0.00139969675911535,1211.67987363925,-5.85563105740993,1.32296861153445e-06,-204338.93173822,18.5166489126986,18.5164659129206,10.5484301414575,1.8923838633886e-05,80.9958685627289,-1.15816072064782,2.68623902934275e-07,-158663.478539632,639.997362219724,639.149592839141,675.975948325934,0.112593263091241,3109.92182643364,-216.154866341549,4.63980792485397e-05,-263366.257510874,"No MPA"
"3678","Dasyatis","MT",2020,318.481225274839,318.469250493944,151.864515928808,0.000150401953388956,1363.53226438521,-0.548823458450216,1.24130089966354e-07,-204333.624930621,21.2891738348191,21.2889339780941,11.9615271063934,1.62634205902406e-06,92.9571541860553,-0.0865528392267527,2.00793995984129e-08,-158662.406931751,817.420290077733,816.333463597831,682.591819531171,0.0165884313846696,3791.41023105352,-24.7884816289142,5.34724861411951e-06,-263174.891126162,"No MPA"
"3679","Dasyatis","MT",2021,358.394519634043,358.38235221641,144.084275670123,1.58964827007648e-05,1507.60435674122,-0.0514922935317928,1.16585334968433e-08,-204333.127599456,24.4331105990221,24.4328228442185,13.5115062359633,1.39549319623043e-07,106.468372527666,-0.00646969362732549,1.50122709713099e-09,-158662.326848605,996.544551226065,995.418491740252,609.650850675259,0.00234323908175223,4399.93267900389,-2.85659842893367,6.1901065501182e-07,-263152.959242962,"No MPA"
"3680","Dasyatis","MT",2022,396.262819256483,396.251756221215,131.181750372708,1.65241955514006e-06,1638.77504242624,-0.0048360641219058,1.09607074653907e-09,-204333.080943227,27.9844358838663,27.9841107172961,15.1953252844785,1.19522658709858e-08,121.663372633622,-0.000483699056206589,1.1226151771163e-10,-158662.32086261,1156.49024236674,1155.54796844001,476.904088728015,0.000316305625876363,4875.89417749955,-0.330665687258239,7.19498946199467e-08,-263150.43331022,"No MPA"
"3681","Dasyatis","MT",2023,430.740078148004,430.730933173153,114.759395322405,1.69030428408369e-07,1753.52529260477,-0.000454643721031717,1.03145236760705e-10,-204333.076561806,31.9783309357511,31.9779794124419,17.0040620636173,1.02155618241282e-09,138.667083172908,-3.61705481477699e-05,8.39660033573279e-12,-158662.320415082,1281.59325391489,1280.95798659156,328.612504334882,4.09116656132094e-05,5203.87137359944,-0.038432568309647,8.39384570547251e-09,-263150.141077101,"No MPA"
"3682","Dasyatis","MT",2024,460.901345222356,460.894390604296,96.7385934287134,1.70362248347812e-08,1850.25693139838,-4.27827024881102e-05,9.71546381718865e-12,-204333.076149945,36.4476323449638,36.4472653990407,18.9215070276309,8.71035381627923e-11,157.588223254529,-2.70534367344977e-06,6.28149917830983e-13,-158662.320381617,1367.79966993991,1367.45082955077,203.714440020641,5.11207245608898e-06,5407.23696811887,-0.00448348000428176,9.82505750979515e-10,-263150.107128013,"No MPA"
"3683","Dasyatis","MT",2025,486.326551595806,486.321633597592,78.8984403716016,1.69472826962888e-09,1929.15045377008,-4.02968532667295e-06,9.15944836059276e-13,-204333.076111192,41.4209161370701,41.4205440862286,20.9228357522975,7.40683367053156e-12,178.510686955978,-2.02384133086485e-07,4.70012663919361e-14,-158662.320379114,1421.25283453426,1421.09220171431,116.962347989914,6.23680894431113e-07,5524.03868266516,-0.000524783375619909,1.15347612382435e-10,-263150.103169316,"No MPA"
"3684","Dasyatis","MT",2026,507.063139054108,507.059871118148,62.5539292027093,1.66732179361736e-10,1991.70111503666,-3.79898502310244e-07,8.64279164000505e-14,-204333.076107543,46.9202332590028,46.9198654517825,22.9735509459569,6.27921033927224e-13,201.483870094713,-1.51431523155021e-08,3.51755902818443e-15,-158662.320378927,1451.95331406866,1451.88865278839,63.9157388178669,7.50067105857982e-08,5587.88976012775,-6.16095798107846e-05,1.35784405498725e-11,-263150.102706142,"No MPA"
"3685","Dasyatis","MT",2027,523.504124561361,523.502062960126,48.4495076746325,1.62565719117293e-11,2040.14856111004,-3.58463471907264e-08,8.16216157705846e-15,-204333.076107199,52.9585670414341,52.9582116116475,25.0289387619531,5.30515122377679e-14,226.51245342688,-1.13329004274961e-09,2.63304297446032e-16,-158662.320378913,1468.7361044969,1468.71234865843,33.9236355794418,8.95335396176088e-09,5621.78963985978,-7.25248134952956e-06,1.60228492677712e-12,-263150.102651785,"No MPA"
"3686","Dasyatis","MT",2028,536.23818272521,536.236935760035,36.8288271019697,1.57388077115592e-12,2076.97614124684,-3.38524667683167e-09,7.71454358090372e-16,-204333.076107166,59.5371477870073,59.5368114918535,27.0343188782947,4.46529401238766e-15,253.546436010021,-8.48300930050081e-11,1.97132549602081e-17,-158662.320378911,1477.64644085604,1477.63818196464,17.7147792222642,1.06523425122789e-09,5639.49616018958,-8.558052122159e-07,1.89483336272504e-13,-263150.102645388,"No MPA"
"3687","Dasyatis","MT",2029,545.918043801589,545.917314118414,27.5886330330656,1.51561237794193e-13,2104.56404459673,-3.19956555688535e-10,7.2972082081735e-17,-204333.076107163,66.6428331123548,66.6425212401898,28.9263623569965,3.74281964728241e-16,282.472486494852,-6.35099887348446e-12,1.4761880020207e-18,-158662.320378911,1482.30047069731,1482.29768084279,9.16989635840422,1.26615889896176e-10,5648.66326669333,-1.01205798521851e-07,2.24516382356129e-14,-263150.102644634,"No MPA"
"3688","Dasyatis","MT",2030,553.169323164056,553.168906790286,20.4365900769277,1.45376579033993e-14,2125.00021829988,-3.026455207974e-11,6.90768221039374e-18,-204333.076107163,74.2458346981629,74.2455510387206,30.6356837904649,3.12307899622652e-17,313.107886625875,-4.75572231191536e-13,1.10562291476444e-19,-158662.320378911,1484.70997784112,1484.70904581079,4.72477905275859,1.50532896545885e-11,5653.38711371574,-1.19917341265243e-08,2.66492975557526e-15,-263150.102644545,"No MPA"
"3689","Dasyatis","MT",2031,558.540822503533,558.540589254871,15.0115124526089,1.39054112050105e-15,2140.01149750383,-2.86488665701073e-12,6.54372262574393e-19,-204333.076107163,82.2981263824414,82.2978732564133,32.0907689593914,2.59326760939247e-18,345.198402459238,-3.56182389553667e-14,8.28234830693112e-21,-158662.320378911,1485.95160660829,1485.951295234,2.42854033978799,1.79109114674566e-12,5655.81534268125,-1.42337556481875e-09,3.16817360346477e-16,-263150.102644534,"No MPA"
"3690","Dasyatis","MT",2032,562.486427855099,562.4862988681,10.9576461353737,1.32751192517309e-16,2150.9690146522,-2.71392724984429e-13,6.20329359893554e-20,-204333.076107163,90.7328846256521,90.7326629718342,33.223077054493,2.14214450042591e-19,378.421257859913,-2.66814268422744e-15,6.2055475291787e-22,-158662.320378911,1486.58984889736,1486.58974419564,1.24669440388435,2.13327319984874e-13,5657.0619323834,-1.69216458103859e-10,3.77182259578381e-17,-263150.102644533,"No MPA"
"3691","Dasyatis","MT",2033,565.366531390122,565.366460661186,7.961669251884,1.2657475166266e-17,2158.93061317515,-2.57273088302367e-14,5.88454564004765e-21,-204333.076107163,99.4652700727722,99.4650795895918,33.9728849165689,1.75979208160858e-20,412.393952293302,-1.99905833156836e-16,4.65035301924253e-23,-158662.320378911,1486.91750591668,1486.91747036138,0.639570821866466,2.54357817061313e-14,5657.70146764997,-2.01458144867955e-11,4.49628836367173e-18,-263150.102644533,"No MPA"
"3692","Dasyatis","MT",2034,567.459179545711,567.459140953926,5.7653236972277,1.20593481953744e-18,2164.69589828059,-2.44052924912145e-15,5.58579706056986e-22,-204333.076107163,108.394745245564,108.394584580193,34.2951775767124,1.43741507043001e-21,446.688969204644,-1.49803117996671e-17,3.48553918810838e-24,-158662.320378911,1487.0856031012,1487.08559089152,0.327995605518818,3.03603139101852e-15,5658.02945104581,-2.40152824994443e-12,5.36619227681045e-19,-263150.102644533,"No MPA"
"3693","Dasyatis","MT",2035,568.974542724044,568.974521714668,4.16462134653582,1.148483161433e-19,2168.86049861776,-2.31662400665829e-16,5.30551735167612e-23,-204333.076107163,117.408940532922,117.408807506371,34.1647143406143,1.1671762722309e-22,480.853550518707,-1.12277923208619e-18,2.61295101299308e-25,-158662.320378911,1487.17181114678,1487.1718069068,0.168178027670555,3.62750017980473e-16,5658.1976248335,-2.8661555624501e-13,6.41124301577789e-20,-263150.102644533,"No MPA"
"3694","Dasyatis","MT",2036,570.069177575224,570.069166140193,3.0029859529828,1.09360719423954e-20,2171.86347313571,-2.20037978265166e-17,5.04231229493422e-24,-204333.076107163,126.388851774019,126.388743625957,33.5793908766582,9.42066628006365e-24,514.432833247302,-8.41676456601e-20,1.95915512410389e-26,-158662.320378911,1487.21601440139,1487.2160129135,0.086224230911602,4.33830902720861e-17,5658.28384757652,-3.42433117558265e-14,7.66729851969103e-21,-263150.102644533,"No MPA"
"3695","Dasyatis","MT",2037,570.858487544592,570.858481312744,2.16257656609162,1.04138912226047e-21,2174.02604346995,-2.09121791915212e-18,4.79491061868533e-25,-204333.076107163,135.214921546998,135.21483518107,32.561218761989,7.55805931160546e-25,546.993965643364,-6.31062575845634e-21,1.46920243212461e-27,-158662.320378911,1487.23867742109,1487.23867689404,0.0442046095481127,5.19297558938318e-18,5658.32805165901,-4.09520728684612e-15,9.17765126193726e-22,-263150.102644533,"No MPA"
"3696","Dasyatis","MT",2038,571.426903398298,571.426899994133,1.55591527718026,9.91823733307811e-23,2175.58195534297,-1.98861088195858e-19,4.56215203402242e-26,-204333.076107163,143.773377924331,143.773310134562,31.1546352537375,6.02769433362198e-26,578.148533107333,-4.73233240367654e-22,1.10196728348347e-28,-158662.320378911,1487.25029614206,1487.25029595383,0.0226617826716092,6.22109634556842e-19,5658.35071325346,-4.901906982385e-16,1.0994584069322e-22,-263150.102644533,"No MPA"
"3697","Dasyatis","MT",2039,571.83586349619,571.835861630989,1.11868940003943,9.44850131037742e-24,2176.7006428778,-1.8920772578526e-20,4.342976502714e-27,-204333.076107163,151.962128958902,151.962076620743,29.4223487298386,4.77934534204235e-27,607.570829499013,-3.54938196700182e-23,8.26663942005598e-30,-158662.320378911,1487.25625257702,1487.25625250933,0.0116175408850167,7.45841563871351e-20,5658.36233072665,-5.87235521937979e-17,1.31812537198275e-23,-263150.102644533,"No MPA"
"3698","Dasyatis","MT",2040,572.129902362846,572.129901337314,0.803940224370874,9.00373633089625e-25,2177.50458207664,-1.8011772748833e-21,4.13641460573893e-28,-204333.076107163,159.695565165181,159.695525380415,27.4393857031088,3.76841224116564e-28,635.010175417356,-2.66258816934358e-24,6.2024246673651e-31,-158662.320378911,1487.2593061452,1487.25930612071,0.00595567271891724,8.94811818000361e-21,5658.36828637488,-7.04028488001008e-18,1.58139717059357e-24,-263150.102644533,"No MPA"
"3699","Dasyatis","MT",2041,572.341211922956,572.341211357008,0.577547148487094,8.58280610537356e-26,2178.08212865918,-1.71550878785147e-22,3.94157889553811e-29,-204333.076107163,166.907797289304,166.907767480904,25.2863043055897,2.95560141257039e-29,660.296449914546,-1.9976899089047e-25,4.65441587754218e-32,-158662.320378911,1487.26087154393,1487.26087153503,0.00305313106581723,1.07423931165262e-21,5658.37133949704,-8.44645495725225e-19,1.89849662885918e-25,-263150.102644533,"No MPA"
"3700","Dasyatis","MT",2042,572.493015833595,572.493015520098,0.414803982950843,8.18448365763829e-27,2178.49693232864,-1.63470367795809e-23,3.75765612787039e-30,-204333.076107163,173.554110279808,173.554088239527,23.0426019680283,2.30663027180514e-30,683.339029842294,-1.49907719840579e-26,3.49332528959728e-33,-158662.320378911,1487.26167403485,1487.2616740316,0.00156516065276425,1.29043276802198e-22,5658.37290465444,-1.01401258047013e-19,2.28057278428228e-26,-263150.102644533,"No MPA"
"3701","Dasyatis","MT",2043,572.602043955436,572.602043781138,0.297865800514984,7.80751576675136e-28,2178.79479795485,-1.55842462157558e-24,3.58390028048382e-31,-204333.076107163,179.610684502536,179.610668398989,20.7811775358505,1.79191836720987e-31,704.120191274597,-1.12509906850623e-27,2.62229771251067e-34,-158662.320378911,1487.26208542506,1487.26208542387,0.000802364510472271,1.55102005862891e-23,5658.37370701776,-1.21808459304449e-20,2.74110611789668e-27,-263150.102644533,"No MPA"
"3702","Dasyatis","MT",2044,572.68033576474,572.680335667488,0.213866380951637,7.45066394076738e-29,2179.00866423855,-1.48636218833182e-25,3.41962627585905e-32,-204333.076107163,185.072861352694,185.072849710401,18.5643865151905,1.38624456880237e-32,722.684566147494,-8.44553861262584e-29,1.96876128494906e-35,-158662.320378911,1487.26229632042,1487.26229631998,0.000411324031251951,1.86522601598496e-24,5658.37411834136,-1.46406163961991e-21,3.29639948254323e-28,-263150.102644533,"No MPA"
"3703","Dasyatis","MT",2045,572.736548958967,572.736548904522,0.15354097411835,7.11272952606309e-30,2179.16220515823,-1.41823223325858e-26,3.26420433420316e-33,-204333.076107163,189.952372009435,189.952363669679,16.4418613616118,1.06836578782204e-33,739.12641916935,-6.34063444185636e-30,1.47832932882362e-36,-158662.320378911,1487.26240443382,1487.26240443366,0.00021086096695279,2.2442090179784e-25,5658.37432920216,-1.76065129311717e-22,3.96617291653428e-29,-263150.102644533,"No MPA"
"3704","Dasyatis","MT",2046,572.77690607085,572.776906040274,0.110224278359805,6.79256820943947e-31,2179.27242940601,-1.35377355174071e-27,3.11705489080422e-34,-204333.076107163,194.273993264447,194.27398733747,14.4499545001589,8.20604876308772e-35,753.576367742532,-4.7610835069265e-31,1.11023615972311e-37,-158662.320378911,1487.26245985705,1487.26245985699,0.000108095629466982,2.70146883040916e-26,5658.37443729773,-2.11838629117862e-23,4.77428440261935e-30,-263150.102644533,"No MPA"
"3705","Dasyatis","MT",2047,572.805877711176,572.805877693954,0.0791242415022577,6.48909751500567e-32,2179.35155363029,-1.29274576949277e-28,2.97764401891526e-35,-204333.076107163,198.072056950133,198.072052765921,12.6124578403909,6.28422654793662e-36,766.18882139871,-3.57557207079673e-32,8.33920332562674e-39,-158662.320378911,1487.26248826918,1487.26248826916,5.54140592876761e-05,3.25334084957959e-27,5658.37449271177,-2.55000950322147e-24,5.74960332800684e-31,-263150.102644533,"No MPA"
"3706","Dasyatis","MT",2048,572.82667493695,572.826674927225,0.0567972110561586,6.20129974552785e-33,2179.40835083162,-1.23492744285691e-29,2.84547930562137e-36,-204333.076107163,201.387148486709,201.387145549139,10.9421704430277,4.79991526844962e-37,777.130988904167,-2.68565893123338e-33,6.26466366551956e-40,-158662.320378911,1487.26250283436,1487.26250283435,2.84074153777097e-05,3.91959510952683e-28,5658.37452111918,-3.07094045717975e-25,6.92706909833458e-32,-263150.102644533,"No MPA"
"3707","Dasyatis","MT",2049,572.841603667439,572.841603661933,0.0407693516425471,5.92822202303061e-34,2179.44912017776,-1.18011434741934e-30,2.72010613374447e-37,-204333.076107163,204.263217479944,204.26321542688,9.44290288379149,3.65786920638074e-38,786.573889734895,-2.0175332209153e-34,4.7068888765014e-41,-158662.320378911,1487.26251030104,1487.26251030104,1.45627508277256e-05,4.72416232906687e-29,5658.37453568192,-3.69984075946093e-26,8.34897427067531e-33,-263150.102644533,"No MPA"
"3708","Dasyatis","MT",2050,572.852319592985,572.852319589861,0.0292639501660324,5.66897453878459e-35,2179.4783841248,-1.12811793533201e-31,2.60110432783235e-38,-204333.076107163,206.745215152883,206.745213723166,8.1115845109784,2.78209296356094e-39,794.685472816157,-1.51584215422798e-35,3.53697599204742e-42,-158662.320378911,1487.26251412875,1487.26251412875,7.46543450768296e-06,5.69601401895644e-30,5658.37454314736,-4.45929943353885e-27,1.00665199573432e-33,-263150.102644533,"No MPA"
"3709","Dasyatis","MT",2051,572.860011408218,572.860011406442,0.0210051893257384,5.4227277515718e-36,2179.49938931235,-1.07876394384209e-32,2.48808512673066e-39,-204333.076107163,208.877285656686,208.877284663862,6.94024087413013,2.11245045701365e-40,801.625712697463,-1.13906801178816e-36,2.65822206326662e-43,-158662.320378911,1487.26251609099,1487.26251609099,3.82707249664886e-06,6.87022942723848e-31,5658.37454697443,-5.37666368204316e-28,1.21417014282993e-34,-263150.102644533,"No MPA"
"3710","Dasyatis","MT",2052,572.865532468701,572.86553246769,0.0150770477281115,5.18870902119236e-37,2179.51446635907,-1.03189113940948e-33,2.38068844920827e-40,-204333.076107163,210.70147713596,210.701476448002,5.91770584814398,1.60170314663889e-41,807.543417857649,-8.5606486091322e-38,1.99806857658357e-44,-158662.320378911,1487.2625170969,1487.2625170969,1.96190685012873e-06,8.28928908740104e-32,5658.37454893634,-6.48504601236117e-29,1.46495941874922e-35,-263150.102644533,"No MPA"
"3711","Dasyatis","MT",2053,572.869495360564,572.869495359987,0.0108218918366686,4.9661989939283e-38,2179.52528825033,-9.87350183460838e-35,2.27858042265004e-41,-204333.076107163,212.256902814997,212.256902339044,5.03101142609351,1.21298212348856e-42,812.57442880779,-6.43463600763658e-39,1.50206428125449e-45,-158662.320378911,1487.26251761258,1487.26251761258,1.00574987579053e-06,1.00046432117643e-32,5658.37454994209,-7.82454526075371e-30,1.76811257813342e-36,-263150.102644533,"No MPA"
"3712","Dasyatis","MT",2054,572.872339815823,572.872339815493,0.00776762116798701,4.75452794213515e-39,2179.53305587116,-9.4500260731313e-36,2.18145114799378e-42,-204333.076107163,213.579267382265,213.579267053351,4.2664530230035,9.17672710612929e-44,816.84088150188,-4.83727267330603e-40,1.12933988333379e-46,-158662.320378911,1487.26251787693,1487.26251787693,5.1558652128395e-07,1.2078613460042e-33,5658.37455045767,-9.44372705253735e-31,2.13464367786781e-37,-263150.102644533,"No MPA"
"3713","Dasyatis","MT",2055,572.874381478357,572.874381478169,0.00557534088392288,4.55307218346361e-40,2179.53863121186,-9.04719885120896e-37,2.089012676912e-43,-204333.076107163,214.700673383266,214.700673156132,3.61036112161859,6.93673852451931e-45,820.451242396364,-3.63693388042454e-41,8.49215395762348e-48,-158662.320378911,1487.26251801245,1487.26251801245,2.64309328667673e-07,1.45866990969216e-34,5658.37455072198,-1.14014189466876e-31,2.57789564244059e-38,-263150.102644533,"No MPA"
"3714","Dasyatis","MT",2056,572.875846916032,572.875846915924,0.00400178514981578,4.36125065423145e-41,2179.5426329969,-8.66382594879496e-38,2.00099717975934e-44,-204333.076107163,215.649630435681,215.649630278899,3.04962593807234,5.23986276300157e-46,823.500868177655,-2.73481208366081e-42,6.38656204326136e-49,-158662.320378911,1487.26251808192,1487.26251808192,1.35495209280827e-07,1.76203737020564e-35,5658.37455085748,-1.37688872972292e-32,3.11403452424479e-39,-263150.102644533,"No MPA"
"3715","Dasyatis","MT",2057,572.876898756069,572.876898756007,0.00287233677822229,4.1785216778601e-42,2179.54550533362,-8.29879658566454e-39,1.9171552850584e-45,-204333.076107163,216.45120234967,216.451202241469,2.57202586229154,3.95581162542653e-47,826.072893931745,-2.05672311999243e-43,4.8036520400949e-50,-158662.320378911,1487.26251811754,1487.26251811754,6.94604337751902e-08,2.12904769806625e-36,5658.37455092694,-1.66324771639761e-33,3.76264893553858e-40,-263150.102644533,"No MPA"
"3716","Dasyatis","MT",2058,572.877653728844,572.877653728808,0.0020616569878504,4.00437994740475e-43,2179.54756699057,-7.95107653439922e-40,1.83725457330693e-46,-204333.076107163,217.127240576781,217.127240502106,2.16640743006178,2.98502864137495e-48,828.239301287132,-1.5469612876396e-44,3.6135172371704e-51,-158662.320378911,1487.26251813579,1487.26251813579,3.56079863267227e-08,2.57313285343649e-37,5658.37455096255,-2.00968139592419e-34,4.54747707186504e-41,-263150.102644533,"No MPA"
"3717","Dasyatis","MT",2059,572.878195620351,572.87819562033,0.00147977973094768,3.83835372720056e-44,2179.54904677028,-7.61970187349218e-41,1.76107820968569e-47,-204333.076107163,217.696664963534,217.696664911989,1.82275803770865,2.25163403028446e-49,830.062059273296,-1.1636901815215e-45,2.71857907103446e-52,-158662.320378911,1487.26251814515,1487.26251814515,1.82540528338253e-08,3.11057175292588e-38,5658.3745509808,-2.42886865776937e-35,5.4972885320869e-42,-263150.102644533,"No MPA"
"3718","Dasyatis","MT",2060,572.878584569664,572.878584569653,0.00106212947305303,3.68000226991386e-45,2179.55010889974,-7.30377331658859e-42,1.68842370185108e-48,-204333.076107163,218.17576361776,218.175763582171,1.5322048689658,1.69791792973329e-50,831.594264106673,-8.75484877282051e-47,2.04553130788929e-53,-158662.320378911,1487.26251814995,1487.26251814995,9.35756718685783e-09,3.7610955060017e-39,5658.37455099016,-2.93617573157434e-36,6.64695394784314e-43,-263150.102644533,"No MPA"
"3719","Dasyatis","MT",2061,572.878863742653,572.878863742647,0.000762355690680243,3.52891344006208e-46,2179.55087125543,-7.00245106054025e-43,1.61910177043074e-49,-204333.076107163,218.578492493036,218.578492468456,1.28696596079199,1.28006842797947e-51,832.881230042885,-6.58737428237219e-48,1.53929444108797e-54,-158662.320378911,1487.26251815241,1487.26251815241,4.7972686903258e-09,4.54862158917897e-40,5658.37455099495,-3.55022749063169e-37,8.0387424837103e-44,-263150.102644533,"No MPA"
"3720","Dasyatis","MT",2062,572.87906412229,572.879064122286,0.000547189417203924,3.38470153215497e-47,2179.55141844484,-6.71495010090836e-44,1.55293532112209e-50,-204333.076107163,218.916762111249,218.916762094265,1.08027269711995,9.64874545489903e-53,833.961502723021,-4.95709811287429e-49,1.15847795662351e-55,-158662.320378911,1487.26251815367,1487.26251815367,2.45910154577379e-09,5.50214446665359e-41,5658.37455099741,-4.29360046417019e-38,9.72389582390955e-45,-263150.102644533,"No MPA"
"3721","Dasyatis","MT",2063,572.87920794704,572.879207947037,0.000392751298447244,3.24700527020954e-48,2179.55181119613,-6.44053596886901e-45,1.48975850843948e-51,-204333.076107163,219.200703913276,219.200703901535,0.906277549255506,7.2719261672595e-54,834.867780260536,-3.73072516367968e-50,8.71973843338881e-57,-158662.320378911,1487.26251815432,1487.26251815432,1.26077940307531e-09,6.65681604092211e-42,5658.37455099867,-5.19366352482167e-39,1.17645376440284e-45,-263150.102644533,"No MPA"
"3722","Dasyatis","MT",2064,572.879311178856,572.879311178855,0.000281901570620914,3.11548597495852e-49,2179.5520930977,-6.17852084823072e-46,1.42941588218027e-52,-204333.076107163,219.438912359967,219.438912351847,0.759956583610279,5.48006321188732e-55,835.627736836026,-2.80807472943168e-51,6.56398934233353e-58,-158662.320378911,1487.26251815465,1487.26251815465,6.46310179672794e-10,8.0552564473594e-43,5658.37455099932,-6.28359776314587e-40,1.4235990167773e-46,-263150.102644533,"No MPA"
"3723","Dasyatis","MT",2065,572.879385274629,572.879385274628,0.000202337932765426,2.98982588524653e-50,2179.55229543564,-5.92826003552475e-47,1.37176160859602e-53,-204333.076107163,219.638661408031,219.638661402413,0.637013006254557,4.12945729113529e-56,836.264749836663,-2.11384353232508e-52,4.94174272717544e-59,-158662.320378911,1487.26251815482,1487.26251815482,3.31268410424464e-10,9.74914436116012e-44,5658.37455099965,-7.60363379174457e-41,1.7229584703682e-47,-263150.102644533,"No MPA"
"3724","Dasyatis","MT_20",2015,169.50475890903,169.50475890903,137.169665534852,13.3349742274769,768.725154407375,-91913.8351978623,0.0206778902627516,-337304.817979367,13.0622247969284,13.0622247969284,7.72439703078277,0.519412344583431,56.9009593161993,-45107.1609121165,0.0104517991336441,-237508.058395885,270.84238958408,270.84238958408,425.664270886261,329.282755802065,1126.8167380842,-1521322.74262456,0.31955696821329,-1834298.0722845,"No MPA"
"3725","Dasyatis","MT_20",2016,202.053805135778,202.053481116485,153.244928085793,1.78248832375051,920.187270150125,-10295.8099113927,0.00231884593371526,-255686.792692897,14.9560025189725,14.9559969549885,8.77815589446901,0.0538161231495066,65.6252935235349,-4080.89152021372,0.000945789513565209,-196481.789003982,296.17556849186,296.156695926074,457.603545754913,48.1603646934444,1536.24104657988,-202948.994620258,0.0428888236266382,-515924.324280202,"No MPA"
"3726","Dasyatis","MT_20",2017,241.864518554323,241.859646619274,168.410495705001,0.239528409233523,1088.35336551084,-1154.54608343436,0.000260317511999059,-246545.528864939,17.2491301911472,17.2490466499235,10.0317077210876,0.00561769645362633,75.6513000069451,-369.280411721194,8.56030755351034e-05,-192770.17789549,403.789764505015,403.502495125129,578.520822402254,8.85075336294345,2105.6238462393,-27237.5010858806,0.00578942729480059,-340212.830745824,"No MPA"
"3727","Dasyatis","MT_20",2018,286.065751293551,286.055408640797,179.452803305866,0.0318375758258734,1267.76398858813,-129.606327447918,2.92544495815528e-05,-245520.589108953,19.8843929358024,19.8842122664502,11.4419641742366,0.000586258238041606,87.0924972535915,-33.4232436792965,7.74952405339427e-06,-192434.320727448,553.447884303033,552.744598178245,706.545374518151,1.64644132878273,2809.81949330388,-3676.52170570665,0.000785733738883818,-316651.85136565,"No MPA"
"3728","Dasyatis","MT_20",2019,333.222526204205,333.207640020581,184.509442317444,0.00417203663510217,1452.25437268531,-14.5645504572421,3.29100188429766e-06,-245405.547331962,22.891628260079,22.8913507547792,13.0116607761406,6.11123810793085e-05,100.103819412051,-3.02573819723361,7.01698922923011e-07,-192403.923221966,738.540578660278,737.373461947124,800.263624811185,0.299915261747164,3608.61608614017,-498.942102519438,0.000107178113574519,-313474.271762463,"No MPA"
"3729","Dasyatis","MT_20",2020,381.714479282721,381.69697456726,182.470108874599,0.000538183564795828,1634.70643866089,-1.63838180381509,3.70597095065747e-07,-245392.621163309,26.3115594759256,26.311194119748,14.7454500988956,6.36157317881361e-06,114.848897793196,-0.273970509931807,6.35500665223039e-08,-192401.171454278,948.498442256523,946.975022422065,820.054248954671,0.0528421578916458,4427.09407310249,-68.0534910316798,1.46880878081927e-05,-313043.383150975,"No MPA"
"3730","Dasyatis","MT_20",2021,429.670675296196,429.652787144261,173.234307782287,6.82861366169429e-05,1807.9227900051,-0.184489233860582,4.17737147263402e-08,-245391.167270739,30.1871958810234,30.1867563938977,16.6442455899725,6.61142184601254e-07,131.492703234901,-0.0248121996798951,5.75665110368186e-09,-192400.922295968,1163.62941688048,1162.01723948513,744.931758256041,0.00893206414000832,5170.40472189904,-9.32563240062131,2.02157454050195e-06,-312984.655292344,"No MPA"
"3731","Dasyatis","MT_20",2022,475.199331019471,475.182994229588,157.823019898672,8.52105436642084e-06,1965.72946459284,-0.0207948146371709,4.71325010481618e-09,-245391.003576319,34.5618988579652,34.5614014522481,18.7032741787005,6.85822631403947e-08,150.195479939302,-0.00224757883491739,5.21568992049135e-10,-192400.899731347,1359.00320441195,1357.62112794287,593.032591520553,0.00144268240599755,5762.0537942681,-1.28343640269333,2.79331309443995e-07,-312976.613096346,"No MPA"
"3732","Dasyatis","MT_20",2023,516.677665497619,516.664113032942,138.150087964114,1.04631427839762e-06,2103.86599904596,-0.00234615607726082,5.32283402367546e-10,-245390.985127661,39.4777874275832,39.4772492655062,20.9103798218453,7.09898605247509e-09,171.105321591971,-0.000203634815934981,4.72651249394336e-11,-192400.897687403,1514.51385173737,1513.55795166715,415.191953128013,0.000223078618636514,6176.28962424728,-0.177329733557768,3.8734771979744e-08,-312975.506989677,"No MPA"
"3733","Dasyatis","MT_20",2024,552.985846977696,552.975510785942,116.521272969071,1.26582655338978e-07,2220.3769356967,-0.000264951103506721,6.01670729371364e-11,-245390.983046456,44.9737869359712,44.9732250229804,23.2443249811462,7.33024788049057e-10,194.349084659394,-1.84533730031717e-05,4.28406706416674e-12,-192400.897502222,1623.3927211109,1622.8549745166,260.642615839371,3.32758901569102e-05,6436.39446021645,-0.0245893526280268,5.38875671035908e-09,-312975.354249296,"No MPA"
"3734","Dasyatis","MT_20",2025,583.609897661146,583.60257133269,95.0793373893738,1.51140809589701e-08,2315.4489467425,-2.99481649487024e-05,6.80701394952583e-12,-245390.982811453,51.0832406809417,51.0826710698066,25.6732255244118,7.54812180154689e-11,220.021740572595,-1.67257383688168e-06,3.88380404413484e-13,-192400.897485441,1691.75938186146,1691.50673836714,150.955282062543,4.83905232430663e-06,6587.09709394561,-0.00342077667476939,7.51877398630503e-10,-312975.33308072,"No MPA"
"3735","Dasyatis","MT_20",2026,608.598882974791,608.594005729738,75.4138661655627,1.784673022729e-09,2390.85793566122,-3.38811863328502e-06,7.70769185359183e-13,-245390.982784893,57.831111211083,57.8305484348573,28.1533576308114,7.74832800112244e-12,248.174535427173,-1.51628143713474e-07,3.52162518854155e-14,-192400.89748392,1731.37047096708,1731.26727038362,82.9408316659911,6.92846515285646e-07,6669.9347243353,-0.000477284596676028,1.05184538561376e-10,-312975.330137228,"No MPA"
"3736","Dasyatis","MT_20",2027,628.419586206776,628.416504959431,58.4294442335225,2.08835041031547e-10,2449.28429864719,-3.83635584488413e-07,8.73474200665772e-14,-245390.982781888,65.2308681891927,65.2303248668046,30.6286413024503,7.92628203806828e-13,278.802633407234,-1.37486000843359e-08,3.19383799564587e-15,-192400.897483782,1753.1437384772,1753.10546433334,44.1605018091461,9.83804658943432e-08,6714.05695190221,-6.67696550327132e-05,1.47499252904016e-11,-312975.329726713,"No MPA"
"3737","Dasyatis","MT_20",2028,643.77652996473,643.774664282008,44.4268718606858,2.42639156787915e-11,2493.70930482513,-4.34749275629417e-08,9.90653870932137e-15,-245390.982781548,73.2812405563018,73.2807271339271,33.0311407970614,8.07722391347548e-14,311.833260781921,-1.24686788980858e-09,2.89711479510852e-16,-192400.89748377,1764.74094447449,1764.72756733988,23.1009830144273,1.3916903579852e-08,6737.14455776812,-9.36300733309308e-06,2.07280421377117e-12,-312975.329669306,"No MPA"
"3738","Dasyatis","MT_20",2029,655.453319113582,655.452226562215,33.2872078928275,2.80397250146096e-12,2526.99542016659,-4.93067468852274e-09,1.12441868118611e-15,-245390.98278151,81.9631002675565,81.9626248737588,35.2829047171568,8.1963935488823e-15,347.11569010528,-1.13100587290545e-10,2.62845603280108e-17,-192400.897483768,1770.80935343696,1770.80482367896,11.9694381209719,1.9662599174402e-09,6749.10946612913,-1.31577898314118e-06,2.91853725246869e-13,-312975.329661259,"No MPA"
"3739","Dasyatis","MT_20",2030,664.202331975161,664.20170824285,24.6617263475273,3.22746120963905e-13,2551.65652278181,-5.59640560376335e-10,1.27719332572904e-16,-245390.982781505,91.236829712139,91.2363981152903,37.2993718913097,8.2792501867446e-16,384.414630399741,-1.02610286058319e-11,2.38515731530627e-18,-192400.897483768,1773.95424241136,1773.95272828245,6.17040373216099,2.77827273069726e-10,6755.2783557321,-1.85263321928704e-07,4.11650314116491e-14,-312975.329660129,"No MPA"
"3740","Dasyatis","MT_20",2031,670.684323092116,670.683973594627,18.1171671513626,3.7044031276164e-14,2569.77334043568,-6.35675307165786e-11,1.45176412372929e-17,-245390.982781505,101.04058437116,101.040200033751,38.9943770992017,8.32172650681039e-17,423.408623161533,-9.31102992658998e-13,2.16477982301759e-19,-192400.897483768,1775.5756900908,1775.57518454384,3.17246406667676,3.92842055459714e-11,6758.45031425177,-2.61307829090721e-08,5.81533499792184e-15,-312975.329659969,"No MPA"
"3741","Dasyatis","MT_20",2032,675.446196595187,675.446003308837,13.2257627710234,4.24355305725464e-15,2582.99890992035,-7.22558437021607e-12,1.65133365646659e-18,-245390.982781505,111.289871219372,111.289535445392,40.2865089491135,8.32050052212994e-18,463.694796336666,-8.45054086521465e-14,1.96512374198843e-20,-192400.897483768,1776.40941627364,1776.40924648656,1.62882904706791,5.56014763460897e-12,6760.07897351176,-3.69146357578743e-09,8.22695650014768e-16,-312975.329659947,"No MPA"
"3742","Dasyatis","MT_20",2033,678.922441159508,678.922335180749,9.61026175599835,4.85496265553922e-16,2592.60906569759,-8.21883849525834e-13,1.87958373466124e-19,-245390.982781505,121.878798273112,121.878510442006,41.1062402486357,8.27326088520952e-19,504.800748754196,-7.67097256622928e-15,1.78420440150936e-21,-192400.897483768,1776.83749749209,1776.83743992158,0.835677767273545,7.8780036792383e-13,6760.91459370852,-5.22231409332961e-10,1.16537154735658e-16,-312975.329659944,"No MPA"
"3743","Dasyatis","MT_20",2034,681.44840057635,681.448342762343,6.95945048569477,5.55012256312339e-17,2599.56845836928,-9.35483959955904e-14,2.14074797524618e-20,-245390.982781505,132.683198326984,132.682956201683,41.4029445920728,8.17893591282748e-20,546.203451220968,-6.96457591375186e-16,1.62023083728785e-22,-192400.897483768,1777.05713417164,1777.05711443318,0.428585278501605,1.11739073568699e-13,6761.34315924857,-7.39755438004775e-11,1.65272127123971e-17,-312975.329659943,"No MPA"
"3744","Dasyatis","MT_20",2035,683.277626227009,683.277594761841,5.0273767507877,6.34215535280937e-18,2604.5958036549,-1.06546582369054e-14,2.43969546434953e-21,-245390.982781505,143.565596968882,143.565397057803,41.1507299691708,8.03785537261523e-21,587.353981279059,-6.324357788481e-17,1.47158652949637e-23,-192400.897483768,1777.16977950088,1777.16977265685,0.219760212230887,1.5864740688743e-14,6761.56291261676,-1.04911562726454e-11,2.34638892257841e-18,-312975.329659943,"No MPA"
"3745","Dasyatis","MT_20",2036,684.599027301069,684.599010180994,3.62518214077051,7.24605638708731e-19,2608.2209686756,-1.21425277684368e-15,2.7820272113069e-22,-245390.982781505,154.381713930739,154.3815518767,40.3520510429052,7.8518183276732e-22,627.705870267925,-5.74400584038687e-18,1.33681209122572e-24,-192400.897483768,1777.22754007237,1777.22753767401,0.112671778431563,2.2546184865286e-15,6761.67558199683,-1.48944246175001e-12,3.33446351935716e-19,-312975.329659943,"No MPA"
"3746","Dasyatis","MT_20",2037,685.551875510182,685.551866183689,2.61069236925908,8.27898202899929e-20,2610.83165171836,-1.38463244219565e-16,3.17418736199526e-23,-245390.982781505,164.987913907248,164.987784872277,39.0383477979604,7.62405040814046e-23,666.744089030916,-5.21782090481947e-19,1.21458970637356e-25,-192400.897483768,1777.2571543979,1777.25715354938,0.0577639480091812,3.20698449367943e-16,6761.73334509632,-2.11665314985339e-13,4.74288429667097e-20,-312975.329659943,"No MPA"
"3747","Dasyatis","MT_20",2038,686.238074523925,686.238069431382,1.87834642147156,9.46058723159717e-21,2612.70999304729,-1.57981208044268e-17,3.62359144418791e-24,-245390.982781505,175.248825237599,175.248724253248,37.267461219801,7.35904846507848e-24,704.011449266365,-4.74065627780356e-20,1.10372913701593e-26,-192400.897483768,1777.27233700768,1777.27233670497,0.0296132080685162,4.56537789338341e-17,6761.76295800167,-3.01069148807492e-14,6.75178635475616e-21,-312975.329659943,"No MPA"
"3748","Dasyatis","MT_20",2039,686.731782854761,686.731780065636,1.35052697499365,1.08134168904615e-21,2614.06051723316,-1.80348241814649e-18,4.13877426934494e-25,-245390.982781505,185.044279308233,185.044201566593,35.1181767580307,7.06232683011482e-25,739.129548282756,-4.30786314426372e-21,1.00315513911774e-27,-192400.897483768,1777.28012054406,1777.2801204353,0.0151812267979482,6.50409541646569e-18,6761.7781391197,-4.28590376302896e-15,9.61893437682853e-22,-312975.329659943,"No MPA"
"3749","Dasyatis","MT_20",2040,687.086758295747,687.086756762859,0.970555500668912,1.23633574224203e-22,2615.03107120094,-2.05989125871473e-19,4.72956052164603e-26,-245390.982781505,194.274815729104,194.274756799203,32.6827785741587,6.74009370857049e-26,771.812267927014,-3.91524152277239e-22,9.11896142271486e-29,-192400.897483768,1777.28411079031,1777.28411075099,0.00778259232221066,9.27264859334803e-19,6761.7859216727,-6.10591402347729e-16,1.37133286578911e-22,-312975.329659943,"No MPA"
"3750","Dasyatis","MT_20",2041,687.341861333751,687.341860488159,0.697246160952765,1.41401569226844e-23,2615.7283165163,-2.35392838494067e-20,5.40726153466523e-27,-245390.982781505,202.865230428619,202.865186393907,30.058813432415,6.39889525788405e-27,801.871037324717,-3.55899615388142e-23,8.29074064215067e-30,-192400.897483768,1777.28615637766,1777.28615636337,0.0039896924585164,1.32283614808275e-19,6761.78991135087,-8.70495653918399e-17,1.95634136218786e-23,-312975.329659943,"No MPA"
"3751","Dasyatis","MT_20",2042,687.525127184067,687.525126715849,0.500775526745425,1.61780240773976e-24,2616.22909157483,-2.69122349530917e-21,6.1849022987409e-28,-245390.982781505,210.765958926553,210.7659264494,27.341288009858,6.04526676552765e-28,829.212292857422,-3.23569681745357e-24,7.53895144351284e-31,-192400.897483768,1777.28720503549,1777.28720503028,0.00204528216872825,1.88831460715947e-20,6761.79195662783,-1.24184776377312e-17,2.79262537274282e-24,-312975.329659943,"No MPA"
"3752","Dasyatis","MT_20",2043,687.656752259053,687.656751998828,0.359601830824303,1.85163178855014e-25,2616.58869314543,-3.07825918633404e-22,7.07748336920986e-29,-245390.982781505,217.952408707595,217.952385034071,24.6162810662769,5.68542517011294e-29,853.828550250175,-2.94224261832482e-25,6.85641692535158e-32,-192400.897483768,1777.28774262164,1777.28774261973,0.00104849472478791,2.69706400750146e-21,6761.79300512065,-1.77270472352307e-18,3.98868232681699e-25,-312975.329659943,"No MPA"
"3753","Dasyatis","MT_20",2044,687.751270911468,687.751270766322,0.258193047935044,2.12003422707012e-26,2616.84688604822,-3.52250130529807e-23,8.10228307044401e-30,-245390.982781505,224.422612584613,224.422595506387,21.9565448986669,5.32502690887384e-30,875.785078070616,-2.67582982924373e-26,6.23664660158013e-33,-192400.897483768,1777.28801821033,1777.28801820963,0.000537500382787472,3.85425964158362e-22,6761.79354262033,-2.5319386086455e-19,5.70005564894522e-26,-312975.329659943,"No MPA"
"3754","Dasyatis","MT_20",2045,687.819135034515,687.819134953282,0.185364631240724,2.42822619234913e-27,2617.03225059822,-4.03254935848177e-24,9.27920622830416e-31,-245390.982781505,230.193725924997,230.193713715279,19.4192313753375,4.96900265589077e-31,895.204297236235,-2.433922925187e-27,5.67376950174527e-34,-192400.897483768,1777.28815948821,1777.28815948795,0.000275544023735295,5.51073037356586e-23,6761.79381816409,-3.61828538494521e-20,8.14980572658885e-27,-312975.329659943,"No MPA"
"3755","Dasyatis","MT_20",2046,687.867856755733,687.867856710126,0.133070026818909,2.78221582776729e-28,2617.16532057944,-4.61831007687998e-25,1.06311866318565e-31,-245390.982781505,235.29792617483,235.297917512817,17.0455180857177,4.62146882555804e-32,912.249806659939,-2.21422848364143e-28,5.16247391314159e-35,-192400.897483768,1777.28823191288,1777.28823191278,0.000141254734399478,7.88284127487539e-24,6761.79395941873,-5.17333948404566e-21,1.16579142855552e-27,-312975.329659943,"No MPA"
"3756","Dasyatis","MT_20",2047,687.902833230613,687.902833204933,0.0955240722323151,3.18892474653158e-29,2617.26084462599,-5.29119772329814e-26,1.21846515443925e-32,-245390.982781505,239.778214116224,239.778208010803,14.8616896609446,4.28570679839489e-33,927.111490215463,-2.01467166124313e-29,4.69795309404136e-36,-192400.897483768,1777.28826904063,1777.2882690406,7.24127260020028e-05,1.12810593623807e-24,6761.79403183142,-7.40021913376062e-22,1.66835301845702e-28,-312975.329659943,"No MPA"
"3757","Dasyatis","MT_20",2048,687.927941030166,687.927941015667,0.0685694217476771,3.65632854801008e-30,2617.32941403324,-6.0643652817494e-27,1.39700578775642e-33,-245390.982781505,243.684499341705,243.684495061295,12.8811534793283,3.96419555634878e-34,939.992639414382,-1.83337498849438e-30,4.27585635608484e-37,-192400.897483768,1777.28828807378,1777.28828807377,3.71215998936232e-05,1.61510033244578e-25,6761.79406895301,-1.05903831736626e-22,2.38856777482815e-29,-312975.329659943,"No MPA"
"3758","Dasyatis","MT_20",2049,687.945963999196,687.94596399099,0.0492195264280753,4.19361896884416e-31,2617.37863355146,-6.95297131399098e-28,1.6022511138108e-34,-245390.982781505,247.070215543707,247.070212555793,11.1069053830236,3.65868162667278e-35,951.099541809491,-1.66863925157572e-31,3.89224497546056e-38,-192400.897483768,1777.28829783092,1777.28829783091,1.90299835767483e-05,2.31324451422703e-26,6761.79408798299,-1.51621675339462e-23,3.42105141126431e-30,-312975.329659943,"No MPA"
"3759","Dasyatis","MT_20",2050,687.958900990898,687.958900986243,0.0353294342069761,4.81139103464577e-32,2617.41396298101,-7.97448801243751e-29,1.83824799857768e-35,-245390.982781505,249.989583902264,249.989581823757,9.53406254865133,3.37027110878914e-36,960.633602279636,-1.51892625409204e-32,3.54355244769135e-39,-192400.897483768,1777.28830283281,1777.28830283281,9.75551248058254e-06,3.31441308675958e-27,6761.7940977385,-2.17161745152817e-24,4.90167704551952e-31,-312975.329659943,"No MPA"
"3760","Dasyatis","MT_20",2051,687.96818707401,687.968187071364,0.0253589000498419,5.52185910060647e-33,2617.43932187841,-9.14905683929537e-30,2.10966212402934e-36,-245390.982781505,252.495542222142,252.495540780124,8.15220377636641,3.09953105256306e-37,968.785804613983,-1.38284327250825e-33,3.22654865032037e-40,-192400.897483768,1777.28830539697,1777.28830539697,5.00105665602458e-06,4.75057416625031e-28,6761.79410273955,-3.11149004623179e-25,7.0256119863797e-32,-312975.329659943,"No MPA"
"3761","Dasyatis","MT_20",2052,687.974852475402,687.974852473896,0.0182020447390293,6.33910627366421e-34,2617.45752392165,-1.04998991367709e-30,2.42187324866618e-37,-245390.982781505,254.638289200627,254.638288202211,6.94737183018879,2.84659061689026e-38,975.733175445756,-1.2591290375522e-34,2.93830752216972e-41,-192400.897483768,1777.28830671147,1777.28830671147,2.56373666968609e-06,6.81132885796939e-29,6761.79410530329,-4.4597229807866e-26,1.00732568227858e-32,-312975.329659943,"No MPA"
"3762","Dasyatis","MT_20",2053,687.979636749828,687.979636748969,0.0130649303056629,7.27937240783593e-35,2617.47058885109,-1.20537902436649e-31,2.78108521009713e-38,-245390.982781505,256.464354998268,256.464354308007,5.90368239656152,2.61123556779824e-39,981.636857152057,-1.14664109040209e-35,2.67617790765665e-42,-192400.897483768,1777.28830738532,1777.28830738532,1.3142707835448e-06,9.76913939322029e-30,6761.79410661756,-6.3943091407589e-27,1.44475552509922e-33,-312975.329659943,"No MPA"
"3763","Dasyatis","MT_20",2054,687.983070771329,687.983070770838,0.00937760583714307,8.36138667275696e-36,2617.47996645644,-1.38416069839306e-32,3.19445296095079e-39,-245390.982781505,258.01609471464,258.01609423791,5.00454562719032,2.39299236570221e-40,986.641402302517,-1.04434437734369e-36,2.43775725037236e-43,-192400.897483768,1777.28830773077,1777.28830773077,6.73746294590133e-07,1.40156221500989e-30,6761.79410729131,-9.17102941265819e-28,2.07276677300514e-34,-312975.329659943,"No MPA"
"3764","Dasyatis","MT_20",2055,687.98553560656,687.985535606279,0.00673093481795652,9.60675163051674e-37,2617.48669739098,-1.58989599310203e-33,3.67022928680613e-40,-245390.982781505,259.331502939318,259.331502610277,4.23354204266503,2.19120017197296e-41,990.874944016141,-9.51300960007045e-38,2.22086785217817e-44,-192400.897483768,1777.28830790786,1777.28830790786,3.45388878800053e-07,2.01137664774322e-31,6761.7941076367,-1.31575236851952e-28,2.97461977668669e-35,-312975.329659943,"No MPA"
"3765","Dasyatis","MT_20",2056,687.987304783654,687.987304783494,0.0048312303251653,1.10403868373774e-37,2617.49152862114,-1.82669236306848e-34,4.21793426815963e-41,-245390.982781505,260.444258528926,260.4442583019,3.57501081192678,2.00507056861425e-42,994.449954601042,-8.66660730438975e-39,2.0235354428309e-45,-192400.897483768,1777.28830799864,1777.28830799864,1.77059413386061e-07,2.88730786155035e-32,6761.79410781376,-1.88823126055132e-29,4.27003220682134e-36,-312975.329659943,"No MPA"
"3766","Dasyatis","MT_20",2057,687.988574637298,687.988574637206,0.00346768264249682,1.26910412378569e-38,2617.49499630369,-2.09928800220381e-35,4.84855102646401e-42,-245390.982781505,261.383924010065,261.383923853444,3.01441151239554,1.83373571466742e-43,997.464365956816,-7.89653031263058e-40,1.84396983095185e-46,-192400.897483768,1777.28830804518,1777.28830804518,9.07678969058428e-08,4.14577301511187e-33,6761.79410790452,-2.71053408562412e-30,6.13117310141271e-37,-312975.329659943,"No MPA"
"3767","Dasyatis","MT_20",2058,687.989486092387,687.989486092334,0.00248897425217317,1.45918850655106e-39,2617.49748527789,-2.41314926758316e-36,5.574751847135e-43,-245390.982781505,262.176240068914,262.176239960858,2.5385158622497,1.6762861770273e-44,1000.00288171101,-7.19579091125175e-41,1.68054743030725e-47,-192400.897483768,1777.28830806904,1777.28830806904,4.65313067698696e-08,5.95422275215418e-34,6761.79410795106,-3.89195042831116e-31,8.80568478888422e-38,-312975.329659943,"No MPA"
"3768","Dasyatis","MT_20",2059,687.990140301118,687.990140301088,0.00178649199193588,1.67811936382906e-40,2617.49927176985,-2.77458322204936e-37,6.411159411872e-44,-245390.982781505,262.84347043674,262.843470362173,2.1354776031438,1.53179989033437e-45,1002.13835923959,-6.55805194609226e-42,1.53179547614489e-48,-192400.897483768,1777.28830808127,1777.28830808127,2.38537842822657e-08,8.55355114177579e-35,6761.79410797491,-5.58967886223507e-32,1.26498248914705e-38,-312975.329659943,"No MPA"
"3769","Dasyatis","MT_20",2060,687.990609867512,687.990609867495,0.00128227585285417,1.93031373721758e-41,2617.50055404569,-3.19086765090681e-38,7.3746486122702e-45,-245390.982781505,263.404765143902,263.40476509243,1.79481931735348,1.39936372227295e-46,1003.93317850547,-5.97756513915322e-43,1.39637776497855e-49,-192400.897483768,1777.28830808754,1777.28830808754,1.22283663926651e-08,1.22903604882352e-35,6761.79410798714,-8.02986485458642e-33,1.81761826698329e-39,-312975.329659943,"No MPA"
"3770","Dasyatis","MT_20",2061,687.990946904372,687.990946904362,0.000920368302860415,2.22086945760206e-42,2617.50147441398,-3.6704012761372e-39,8.484695272249e-46,-245390.982781505,263.876520309091,263.876520273548,1.50736600492308,1.27808902579366e-47,1005.44054447485,-5.44911536897905e-44,1.27308176794895e-50,-192400.897483768,1777.28830809075,1777.28830809075,6.26876192359461e-09,1.76634199403719e-36,6761.79410799341,-1.15378901813452e-33,2.61223865416245e-40,-312975.329659943,"No MPA"
"3771","Dasyatis","MT_20",2062,687.991188816471,687.991188816465,0.00066060475970525,2.55567061809189e-43,2617.50213501873,-4.22287731737909e-40,9.76377909649149e-47,-245390.982781505,264.272720469966,264.272720445412,1.26514746545152,1.16712240493261e-48,1006.70569191575,-4.96797032635755e-45,1.16080698291571e-51,-192400.897483768,1777.2883080924,1777.2883080924,3.21377405958364e-09,2.53905691012337e-37,6761.79410799662,-1.65819871348533e-34,3.75500476585326e-41,-312975.329659943,"No MPA"
"3772","Dasyatis","MT_20",2063,687.991362451616,687.991362451613,0.000474156425476981,2.94150945539783e-44,2617.50260917516,-4.8594840414778e-41,1.12378493069568e-47,-245390.982781505,264.605255255677,264.605255238705,1.0612851752339,1.06565274363497e-49,1007.76697707401,-4.52983501617594e-46,1.05855440392638e-52,-192400.897483768,1777.28830809325,1777.28830809325,1.64749824570947e-09,3.65050735949514e-38,6761.79410799827,-2.38360459981232e-35,5.39872599075146e-42,-312975.329659943,"No MPA"
"3773","Dasyatis","MT_20",2064,687.991487080177,687.991487080175,0.000340330998199883,3.38622720130897e-45,2617.50294950615,-5.59313651221786e-42,1.29368627539824e-48,-245390.982781505,264.884206325941,264.884206314205,0.889874393208286,9.7291537052211e-51,1008.65685145548,-4.1308106293955e-47,9.65416998825479e-54,-192400.897483768,1777.28830809368,1777.28830809368,8.4442059762345e-10,5.24944111027548e-39,6761.79410799911,-3.42700712971196e-36,7.76338502242492e-43,-312975.329659943,"No MPA"
"3774","Dasyatis","MT_20",2065,687.991576533699,687.991576533698,0.000244276293358228,3.89887686699476e-46,2617.50319378245,-6.43874441103881e-43,1.48954058207666e-49,-245390.982781505,265.118103322597,265.118103314477,0.7458685013095,8.88194069830185e-52,1009.40271994867,-3.76735735682889e-48,8.80571096650547e-55,-192400.897483768,1777.2883080939,1777.2883080939,4.32820436303581e-10,7.55001904776718e-40,6761.79410799955,-4.92804707409238e-37,1.11657038460186e-43,-312975.329659943,"No MPA"
"3775","Dasyatis","MT_40",2015,189.680093414545,189.680093414545,155.302697826028,18.7266239522397,858.224740673789,-115391.390113178,0.0259497797387737,-400243.984664717,14.6692405102933,14.6692405102933,8.68615800077455,0.695608126950099,63.8005068738245,-53781.276148663,0.0124638714011211,-274003.60311327,314.669111314563,314.669111314563,495.102915599676,484.019994424641,1208.25939117503,-1930049.93142179,0.404301292711376,-2298500.31312923,"No MPA"
"3776","Dasyatis","MT_40",2016,225.57811920242,225.577646769244,173.806668073133,3.00622204480753,1029.02471426894,-15558.7306380258,0.00350301059166493,-300411.325189565,16.7694983174912,16.7694906933353,9.85843695832876,0.0854540245945865,73.5734821834027,-5778.21001715848,0.0013394003964758,-226000.536981766,317.582176384174,317.552897125384,498.766179170981,79.4767599616453,1627.51953112558,-313572.489777067,0.0661168494888335,-682022.871484508,"No MPA"
"3777","Dasyatis","MT_40",2017,270.471647642497,270.464517585914,192.070781167482,0.487113960651451,1220.60125141918,-2100.23287060039,0.000473408389243604,-286952.82742214,19.3382536619427,19.3381388996961,11.2679136758564,0.0105920269866054,84.8306890700259,-620.938559811499,0.000143966262118035,-220843.265524419,427.781649021535,427.335060064483,629.727673985816,17.5752646822603,2239.22535147208,-51278.046791711,0.0108794314837001,-419728.428499153,"No MPA"
"3778","Dasyatis","MT_40",2018,320.826144414214,320.810639445358,206.107932881485,0.0781718717801528,1426.61550746003,-283.821768209746,6.40483081213244e-05,-285136.416319749,22.2971284608251,22.2968769138077,12.8583130893328,0.00131296474866548,97.6874376475927,-66.7415750953714,1.54775853524195e-05,-220289.068539703,588.564066399301,587.453671638556,781.99511487669,4.00133052964955,3016.10874105838,-8437.34374303162,0.00180060535626128,-376887.725450474,"No MPA"
"3779","Dasyatis","MT_40",2019,374.975490388667,374.952751072387,213.594410517621,0.0123744776148904,1640.17480418376,-38.3972337849325,8.67453865960804e-06,-284890.991785325,25.6764311373116,25.6760418730714,14.6312995109693,0.00016258215888343,112.318185312163,-7.17523440376564,1.66432126788305e-06,-220229.502199011,792.762204202798,790.875256219866,908.926809005191,0.897726541324061,3922.25087553931,-1396.34540166882,0.000299619105411673,-369846.727109111,"No MPA"
"3780","Dasyatis","MT_40",2020,431.107995325903,431.080816387266,213.031777500487,0.00192890468512601,1853.17747384092,-5.20020597200116,1.17609204840081e-06,-284857.794757512,29.5220165466857,29.5215016523116,16.5926365177334,2.01052385713129e-05,128.910286830284,-0.771554875757237,1.7900364429666e-07,-220223.098519483,1030.93506119338,1028.3920589299,963.002158344562,0.195532473158531,4882.51449914724,-232.334819304162,5.01042639598408e-05,-368682.716526746,"No MPA"
"3781","Dasyatis","MT_40",2021,487.094194894835,487.065993509609,204.030738450079,0.000295789681088133,2057.1797151161,-0.705013448349567,1.59617718483305e-07,-284853.299564988,33.88312952408,33.8825080625104,18.7443941332897,2.48234290352986e-06,147.654057019661,-0.0829827586928228,1.92564661453477e-08,-220222.409947366,1283.3333572177,1280.52837030901,909.843040562504,0.0409569403819608,5789.51159586067,-38.8497382356017,8.4168614660552e-06,-368489.231445678,"No MPA"
"3782","Dasyatis","MT_40",2022,540.714697449682,540.688561572847,187.50789657779,4.46083152300364e-05,2244.66143120874,-0.0956797161053951,2.16847263644038e-08,-284852.690231256,38.8097929325044,38.8090876360077,21.0824882949264,3.05931275457928e-07,168.735839712159,-0.00892685436997963,2.07195608218746e-09,-220222.335891462,1521.73093480098,1519.20200071711,755.22554123871,0.00820376529837228,6542.19999925021,-6.52580168031458,1.41976635840259e-06,-368456.907509122,"No MPA"
"3783","Dasyatis","MT_40",2023,589.992900345367,589.97091311538,165.505350690705,6.6189914505382e-06,2410.14478805046,-0.0129980085376998,2.94881611693533e-09,-284852.607549548,44.3509858902771,44.3502209401721,23.5947102212019,3.76251773246738e-08,192.329784945631,-0.000960500848576046,2.22983611918274e-10,-220222.327925108,1719.56959679152,1717.71990828999,549.887163606053,0.00157114005418143,7090.23590321468,-1.10071752869375,2.403830760467e-07,-368451.482424971,"No MPA"
"3784","Dasyatis","MT_40",2024,633.488994813994,633.472004748052,140.658809135068,9.67361707727954e-07,2550.78660615223,-0.0017674881947392,4.01374602317316e-10,-284852.596319028,50.5524824658163,50.5516819125269,26.2587593355985,4.61634324706097e-09,218.587743723324,-0.000103367722215282,2.40023064891092e-11,-220222.327067975,1863.61684061095,1862.51723703341,356.422378130785,0.000289428895887538,7445.55838833903,-0.186356658665765,4.0836731398342e-08,-368450.568064101,"No MPA"
"3785","Dasyatis","MT_40",2025,670.455671845114,670.443485653012,115.54282354799,1.39482460644089e-07,2666.31724336863,-0.000240572944967461,5.46824408203303e-11,-284852.594792113,57.4541955887872,57.4533822180836,29.0403904617673,5.64864714055966e-10,247.627320813823,-1.11265156409289e-05,2.58416240845989e-12,-220222.326975734,1957.01076659094,1956.46884762424,211.195645084079,5.1802131994444e-05,7656.21206265428,-0.0316577729202182,6.95841250782716e-09,-368450.413365215,"No MPA"
"3786","Dasyatis","MT_40",2026,700.822057965693,700.813860838818,92.1620742588916,1.98810538155484e-08,2758.47112048077,-3.27744177258283e-05,7.45639552771658e-12,-284852.594584314,65.0870368156266,65.0862313405357,31.8919302348535,6.89080874567395e-11,279.518445573517,-1.19789734312671e-06,2.78273964132651e-13,-220222.326965805,2012.37954985138,2012.14998699473,117.746631323034,9.1021038681292e-06,7773.72912201856,-0.00539426981611111,1.18890324351793e-09,-368450.387101712,"No MPA"
"3787","Dasyatis","MT_40",2027,725.044033039315,725.03880878316,71.7344306038082,2.80703559857865e-09,2830.20032682562,-4.46897793762786e-06,1.01760729831246e-12,-284852.594556009,73.4693865680859,73.4686070646867,34.7515007986452,8.37761009857464e-12,314.269166868754,-1.28992759583e-07,2.997163364961e-14,-220222.326964736,2043.26805255847,2043.1807966745,63.2367242888337,1.58293147861977e-06,7836.87858884049,-0.00092164817345138,2.03628276145835e-10,-368450.38262909,"No MPA"
"3788","Dasyatis","MT_40",2028,743.897532236331,743.894346163001,54.7423602280662,3.93374056336832e-10,2884.93950097996,-6.09892650319089e-07,1.38991717750495e-13,-284852.59455215,82.6033604320331,82.6026219653193,37.54333881523,1.01469057926147e-12,351.811767217269,-1.38929830321819e-08,3.2287352627871e-15,-220222.326964621,2059.86642974245,2059.83547515252,33.2416979315012,2.73915922541337e-07,7870.08933190815,-0.000157853667965785,3.49522894098657e-11,-368450.381865296,"No MPA"
"3789","Dasyatis","MT_40",2029,758.285325278438,758.283448822545,41.1320354402012,5.48124043278521e-11,2926.06965996421,-8.33023904270045e-08,1.89995073169688e-14,-284852.594551623,92.4711593607115,92.4704737680881,40.1795919094204,1.22390481426973e-13,391.990673534066,-1.49661206219355e-09,3.47886625465946e-16,-220222.326964609,2068.5956315511,2068.58506534364,17.2698212147266,4.73087094608364e-08,7887.34858686811,-2.70951236425173e-05,6.01120900496353e-12,-368450.381734537,"No MPA"
"3790","Dasyatis","MT_40",2030,769.096087851981,769.095011861014,30.5391741671662,7.605231201054e-12,2956.6077581404,-1.13869494014796e-08,2.59912914249765e-15,-284852.594551551,103.031892102391,103.031267917829,42.5638829966726,1.469605504324e-14,434.553932346177,-1.61252207713093e-10,3.74908580444115e-17,-220222.326964607,2073.13210094913,2073.12855664387,8.9157147479561,8.16848245919177e-09,7896.26075730264,-4.65990190680931e-06,1.03564388924131e-12,-368450.381712102,"No MPA"
"3791","Dasyatis","MT_40",2031,777.122804426471,777.122199515078,22.4709437579059,1.05202655506541e-12,2979.07809698691,-1.5577233106587e-09,3.55822198511323e-16,-284852.594551541,114.219334522688,114.21877703398,44.5967333642943,1.75605400014354e-15,479.150108221763,-1.73773649837585e-11,4.04105202855474e-18,-220222.326964607,2075.47460000486,2075.47341575108,4.5875216618976,1.41112929157896e-09,7900.84709470934,-8.02832791192682e-07,1.78708558377225e-13,-368450.381708245,"No MPA"
"3792","Dasyatis","MT_40",2032,783.028969250918,783.028633902117,16.4235896910892,1.45220358063297e-13,2995.5013513292,-2.13252235330576e-10,4.87467468894177e-17,-284852.59455154,125.941114379252,125.940625813976,46.1826284590205,2.0874465490221e-16,525.332248115508,-1.87302313591607e-12,4.35656267502531e-19,-220222.326964607,2076.68008537157,2076.6796879964,2.35635169754679,2.43990642126723e-10,7903.20304903147,-1.38535111156055e-07,3.08815805397751e-14,-368450.38170758,"No MPA"
"3793","Dasyatis","MT_40",2033,787.345701978534,787.345517794519,11.9443294281951,2.00181140904529e-14,3007.44549657338,-2.92149265128691e-11,6.68272595023171e-18,-284852.59455154,138.079753321069,138.079333154022,47.2381333547885,2.46778265316516e-17,572.569961303249,-2.01921457811692e-13,4.69756704873735e-20,-220222.326964607,2077.2993307973,2077.29919629183,1.2092143707483,4.22296221608777e-11,7904.4121288967,-2.39394379019522e-08,5.34335535413847e-15,-368450.381707466,"No MPA"
"3794","Dasyatis","MT_40",2034,790.48513351898,790.485032927447,8.65522307200331,2.75704018360878e-15,3016.10061905385,-4.00508555677483e-12,9.16738215615478e-19,-284852.59455154,150.495842011251,150.495487378317,47.7000974157821,2.900741209232e-18,620.269704086097,-2.17721374740208e-14,5.06617896540713e-21,-220222.326964607,2077.61712862932,2077.61708260985,0.620235771299635,7.31655824421801e-12,7905.03231864853,-4.14217503890549e-09,9.25629652429583e-16,-368450.381707446,"No MPA"
"3795","Dasyatis","MT_40",2035,792.760069393094,792.760014607303,6.25526661090047,3.79537821433364e-16,3022.35583087896,-5.49417828123514e-13,1.25837255325361e-19,-284852.59455154,163.033371813697,163.033078006589,47.5327402108104,3.3895815893688e-19,667.8021504898,-2.3479999273847e-15,5.4646908241587e-22,-220222.326964607,2077.78014098626,2077.78012506398,0.318053043222427,1.26889995107654e-12,7905.35035576948,-7.1754910704649e-10,1.60517996669644e-16,-368450.381707443,"No MPA"
"3796","Dasyatis","MT_40",2036,794.404206239596,794.40417641921,4.51211155826394,5.22371895491556e-17,3026.86791261684,-7.54164556902404e-14,1.72836001512345e-20,-284852.59455154,175.526928981973,175.526689987994,46.7323924628395,3.93708647704833e-20,714.53430395866,-2.53263529945924e-16,5.89558889660913e-23,-220222.326964607,2077.86373472596,2077.86372915765,0.163073485965674,2.2026967735433e-13,7905.51342368712,-1.24433721545113e-10,2.78633668914764e-17,-368450.381707442,"No MPA"
"3797","Dasyatis","MT_40",2037,795.590174044857,795.590157797134,3.25020593298622,7.18956983304144e-18,3030.1181023021,-1.03583530365366e-14,2.37525060560439e-21,-284852.59455154,187.810134984061,187.809944028374,45.3289388397769,4.54555957507229e-21,759.86305184275,-2.73227203139311e-17,6.36156993904089e-24,-220222.326964607,2077.90659593984,2077.90659397342,0.0836056183444979,3.82702974015584e-14,7905.59702733905,-2.15997113505047e-11,4.84096292689994e-18,-368450.381707442,"No MPA"
"3798","Dasyatis","MT_40",2038,796.444462719496,796.444453847911,2.33887343115444,9.89655391690604e-19,3032.45696686167,-1.42352683949107e-15,3.26606211009059e-22,-284852.59455154,199.724466054808,199.72431610217,43.3835488343402,5.21688450656471e-22,803.246450724452,-2.94815996596446e-18,6.86555924359846e-25,-220222.326964607,2077.92857055053,2077.92856985012,0.0428617899342763,6.65459993778565e-15,7905.63988842858,-3.75271953422977e-12,8.41758049999262e-19,-368450.381707442,"No MPA"
"3799","Dasyatis","MT_40",2039,797.059216225673,797.059211367475,1.68185643361417,1.36258540842723e-19,3034.13881843709,-1.95740396296482e-16,4.49333798867234e-23,-284852.59455154,211.127476316036,211.12736049538,40.9829660423612,5.95264254903593e-23,844.229300946158,-3.18165496392687e-19,7.41073025454126e-26,-220222.326964607,2077.93983627558,2077.93983602426,0.0219733146908604,1.1580033765094e-15,7905.66186149195,-6.52531720415969e-13,1.46478133693587e-19,-368450.381707442,"No MPA"
"3800","Dasyatis","MT_40",2040,797.501278656619,797.501275987153,1.20877464993758,1.87658852608741e-20,3035.34759041756,-2.69292940526021e-17,6.18491321141084e-24,-284852.59455154,221.899519854782,221.899431782383,38.2312697380629,6.75427820650343e-24,882.460482611822,-3.43422796214431e-20,8.00052588649075e-27,-220222.326964607,2077.94561173517,2077.94561164443,0.0112645912439323,2.01651880290554e-16,7905.67312599245,-1.13550002194529e-13,2.55072736253547e-20,-368450.381707442,"No MPA"
"3801","Dasyatis","MT_40",2041,797.818995563364,797.818994091185,0.868439101521422,2.58533619901811e-21,3036.2160280469,-3.70671664678083e-18,8.51743044962057e-25,-284852.59455154,231.948307364981,231.948241357211,35.2404450265131,7.62329509055237e-25,917.700861630565,-3.7074748142172e-21,8.63868169342579e-28,-220222.326964607,2077.94857252705,2077.94857249411,0.00577473642805073,3.51380975017488e-17,7905.67890069593,-1.977326513283e-14,4.44466865019036e-21,-368450.381707442,"No MPA"
"3802","Dasyatis","MT_40",2042,798.047258065932,798.047257250997,0.623758755292523,3.56301512812919e-22,3036.83978598726,-5.10463038024591e-19,1.17350514433756e-25,-284852.59455154,241.210984193415,241.210935374817,32.1211928714875,8.56146163548052e-26,949.822005683454,-4.00312698703528e-22,9.32925105002698e-29,-220222.326964607,2077.95009036578,2077.95009035377,0.00296037709749676,6.12658809913578e-18,7905.68186106102,-3.44551177442656e-15,7.74960402021458e-22,-368450.381707442,"No MPA"
"3803","Dasyatis","MT_40",2043,798.211208295231,798.211207842444,0.447929901343016,4.91219965068123e-23,3037.28771543582,-7.03300052346906e-20,1.61753664892494e-26,-284852.59455154,249.65379284094,249.653757164565,28.9751845765888,9.57100724612196e-27,978.797154583667,-4.32306319240856e-23,1.00766325209789e-29,-220222.326964607,2077.95086847617,2077.95086847177,0.00151761205710614,1.06882443830895e-18,7905.68337866868,-6.00750111973209e-16,1.35196995919275e-22,-368450.381707442,"No MPA"
"3804","Dasyatis","MT_40",2044,798.328943286722,798.328943034245,0.321620109635552,6.77475505595795e-24,3037.60933529297,-9.69415017723112e-21,2.23052792185951e-27,-284852.59455154,257.269699587451,257.269673790457,25.8895212001537,1.06547938771947e-27,1004.68664998683,-4.66932203845712e-24,1.08855996091414e-30,-220222.326964607,2077.95126736828,2077.95126736667,0.000777989593494363,1.86563089069474e-19,7905.68415665666,-1.04804852242554e-16,2.35986037048819e-23,-368450.381707442,"No MPA"
"3805","Dasyatis","MT_40",2045,798.413478722532,798.413478581271,0.230904852116587,9.34694202779248e-25,3037.84024000383,-1.33679019294875e-21,3.07707180091284e-28,-284852.59455154,264.074564797419,264.074546315918,22.9336479739886,1.18164543096921e-28,1027.62027947932,-5.04411579116441e-25,1.17613330902217e-31,-220222.326964607,2077.95147185675,2077.95147185616,0.000398828649596397,3.25808610822135e-20,7905.68455548472,-1.82936622035079e-17,4.12119437566704e-24,-368450.381707442,"No MPA"
"3806","Dasyatis","MT_40",2046,798.474170343178,798.47417026389,0.16576462106338,1.29003453082172e-25,3038.00600454561,-1.84413706753633e-22,4.24655159226486e-29,-284852.59455154,270.102502192161,270.102489056434,20.1585339843831,1.30604948689667e-29,1047.77880032797,-5.44984534283704e-26,1.27094561598436e-32,-220222.326964607,2077.9515766858,2077.95157668558,0.000204455409634647,5.69251195404087e-21,7905.68475993991,-3.19475417800228e-18,7.20053009209883e-25,-368450.381707442,"No MPA"
"3807","Dasyatis","MT_40",2047,798.517740345057,798.517740300423,0.1189948914884,1.78108782160216e-26,3038.12499939246,-2.54502444321657e-23,5.86268696947379e-30,-284852.59455154,275.401022502089,275.4010132283,17.5976399235243,1.43923656957722e-30,1065.37643097771,-5.88911649151107e-27,1.37360726388354e-33,-220222.326964607,2077.95163042536,2077.95163042528,0.000104811915663081,9.95034329263496e-22,7905.68486475174,-5.58185843672742e-19,1.25863142723017e-25,-368450.381707442,"No MPA"
"3808","Dasyatis","MT_40",2048,798.549017273437,798.549017248243,0.0854178761428627,2.45989870861056e-27,3038.21041724341,-3.51359943924891e-24,8.09676596289873e-31,-284852.59455154,280.026431484438,280.026424973519,15.2690789668861,1.58185052220597e-31,1080.64550343367,-6.36475764381248e-28,1.48478085042683e-34,-220222.326964607,2077.95165797439,2077.95165797436,5.37307091272285e-05,1.74001907034833e-22,7905.68491848242,-9.75692394990309e-20,2.20097195893346e-26,-368450.381707442,"No MPA"
"3809","Dasyatis","MT_40",2049,798.571468733119,798.571468718863,0.0613137273826129,3.39853908263902e-28,3038.27173095653,-4.85251762891168e-25,1.11859898292462e-31,-284852.59455154,284.039795913758,284.039791363285,13.1783968143314,1.73463671225476e-32,1093.82389569753,-6.87983906349516e-29,1.605185703742e-35,-220222.326964607,2077.9516720971,2077.95167209709,2.75444681493905e-05,3.04397951300222e-23,7905.68494602688,-1.70619575790787e-20,3.85036786108919e-27,-368450.381707442,"No MPA"
"3810","Dasyatis","MT_40",2050,798.587584595821,798.587584587736,0.0440107136751388,4.69683723360763e-29,3038.31574166212,-6.70393740435153e-26,1.54589110175778e-32,-284852.59455154,287.503640289369,287.503637120563,11.3215036662201,1.89844380530608e-33,1105.14539619495,-7.43769379883249e-30,1.73560279055554e-36,-220222.326964607,2077.95167933696,2077.95167933696,1.41203717880302e-05,5.32711276883562e-24,7905.68496014725,-2.98480918136957e-21,6.738331726099e-28,-368450.381707442,"No MPA"
"3811","Dasyatis","MT_40",2051,798.59915248908,798.599152484485,0.0315902582197553,6.49309735118321e-30,3038.34733191575,-9.26476534415638e-27,2.13707129319987e-33,-284852.59455154,290.47941419534,290.479411994931,9.6874312570459,2.0742253486522e-34,1114.83282525158,-8.04194043418372e-31,1.87688005223979e-37,-220222.326964607,2077.9516830484,2077.9516830484,7.23865457630445e-06,9.32600890146893e-25,7905.6849673859,-5.22356178130559e-22,1.17965855564465e-28,-368450.381707442,"No MPA"
"3812","Dasyatis","MT_40",2052,798.607455757047,798.607455754431,0.0226748114834322,8.97896883177811e-31,3038.37000672462,-1.28077999223262e-27,2.95521474370634e-34,-284852.59455154,293.025684330581,293.025682805921,8.26072374064452,2.26304174538075e-35,1123.09354746757,-8.69650782435659e-32,2.02993820625956e-38,-220222.326964607,2077.95168495103,2077.95168495103,3.71081723123726e-06,1.63322277570883e-25,7905.68497109671,-9.14472542570942e-23,2.0658839587544e-29,-368450.381707442,"No MPA"
"3813","Dasyatis","MT_40",2053,798.613415665326,798.613415663835,0.0162753800712409,1.24200752375276e-31,3038.3862821032,-1.77110605142863e-28,4.08774283910095e-35,-284852.59455154,295.19695496917,295.196953914414,7.02338103594819,2.46606304074385e-36,1130.11692744876,-9.40566198484456e-33,2.19577705385956e-39,-220222.326964607,2077.95168592639,2077.95168592639,1.9023099199761e-06,2.86110045824508e-26,7905.68497299902,-1.60147539928258e-23,3.61904182712225e-30,-368450.381707442,"No MPA"
"3814","Dasyatis","MT_40",2054,798.617693529987,798.617693529135,0.0116819784353006,1.71846384027871e-32,3038.39796408078,-2.44984770443876e-29,5.65584386159478e-36,-284852.59455154,297.042999217857,297.042998488997,5.9563502884871,2.68457280144249e-37,1136.07327700839,-1.01740353266743e-33,2.375482338436e-40,-220222.326964607,2077.9516864264,2077.9516864264,9.75198257018558e-07,5.01362371436963e-27,7905.68497397422,-2.80548499858853e-24,6.34179546932758e-31,-368450.381707442,"No MPA"
"3815","Dasyatis","MT_40",2055,798.620764052669,798.620764052181,0.00838494245937883,2.37832023777053e-33,3038.40634902275,-3.38963496842978e-30,7.82754683845393e-37,-284852.59455154,298.608582295685,298.608581792397,5.04060760090597,2.91997325750618e-38,1141.11388410601,-1.10066584415407e-34,2.57023320295551e-41,-220222.326964607,2077.95168668272,2077.95168668272,4.99924005586204e-07,8.78809220440819e-28,7905.68497447415,-4.91616646151377e-25,1.11161679643685e-31,-368450.381707442,"No MPA"
"3816","Dasyatis","MT_40",2056,798.622967973565,798.622967973286,0.00601842208849678,3.29237695759915e-34,3038.41236744456,-4.69117024558286e-31,1.08358678182004e-37,-284852.59455154,299.93346914039,299.933468793011,4.25789467492548,3.17379179822037e-39,1145.37177843355,-1.19089946612497e-35,2.78131029905023e-42,-220222.326964607,2077.95168681412,2077.95168681412,2.56280665537001e-07,1.54083233705886e-28,7905.68497473043,-8.61726499873619e-26,1.94901813319642e-32,-368450.381707442,"No MPA"
"3817","Dasyatis","MT_40",2057,798.624549871881,798.624549871721,0.00431980743176922,4.55883396520601e-35,3038.41668725183,-6.49410366787076e-32,1.50040001615719e-38,-284852.59455154,301.05262563711,301.052625397385,3.59118096496991,3.44768886474943e-40,1148.9629591588,-1.28869776353723e-36,3.01010460506163e-43,-220222.326964607,2077.95168688148,2077.95168688148,1.31379334511047e-07,2.70226597328169e-29,7905.68497486181,-1.51088088943332e-26,3.41813009488635e-33,-368450.381707442,"No MPA"
"3818","Dasyatis","MT_40",2058,798.625685301744,798.625685301653,0.00310059861827744,6.31391738071248e-36,3038.41978785036,-8.99213002913289e-33,2.07802879940843e-39,-284852.59455154,301.996541321807,301.996541156372,3.02491793244123,3.74346725686894e-41,1151.9878769258,-1.39470521925965e-37,3.25812701535923e-44,-220222.326964607,2077.95168691601,2077.95168691601,6.73500192439074e-08,4.74031354514703e-30,7905.68497492916,-2.64973801423334e-27,5.99608200961725e-34,-368450.381707442,"No MPA"
"3819","Dasyatis","MT_40",2059,798.626500271473,798.62650027142,0.00222549330800035,8.74663486356878e-37,3038.42201334361,-1.24539489176368e-33,2.87867887727157e-40,-284852.59455154,302.791618914289,302.791618800104,2.5451429528083,4.06308286329621e-42,1154.53301976443,-1.509621877471e-38,3.52701876876301e-45,-220222.326964607,2077.95168693372,2077.95168693372,3.45266805759254e-08,8.31738773800851e-31,7905.68497496368,-4.64816902701055e-28,1.05207679845389e-34,-368450.381707442,"No MPA"
"3820","Dasyatis","MT_40",2060,798.627085226158,798.627085226127,0.00159737445845385,1.21192669209573e-37,3038.42361071804,-1.72523690155e-34,3.98867137867418e-41,-284852.59455154,303.460591162965,303.460591084132,2.13947967134231,4.40865682896305e-43,1156.67249935694,-1.63420817576483e-39,3.81856278988715e-46,-220222.326964607,2077.95168694279,2077.95168694279,1.76994420144496e-08,1.45969674800003e-31,7905.68497498138,-8.15571031344509e-29,1.84638870967248e-35,-368450.381707442,"No MPA"
"3821","Dasyatis","MT_40",2061,798.627505084386,798.627505084369,0.00114653406700062,1.67958274508537e-38,3038.42475725209,-2.39047262368475e-35,5.5278096811802e-42,-284852.59455154,304.022937783468,304.022937729023,1.79707109193594,4.78248918386152e-44,1158.46957039443,-1.76929020017849e-40,4.13469602374383e-47,-220222.326964607,2077.95168694744,2077.95168694744,9.07322581553356e-09,2.56229609586879e-32,7905.68497499045,-1.43132245328803e-29,3.24108044271626e-36,-368450.381707442,"No MPA"
"3822","Dasyatis","MT_40",2062,798.627806442506,798.627806442496,0.000822937847147273,2.32815976183023e-39,3038.42558018993,-3.31290208050001e-36,7.66239070516194e-43,-284852.59455154,304.495284810416,304.495284772798,1.50847241692897,5.18707397367799e-45,1159.97804277374,-1.91576540038364e-41,4.477522851044e-48,-220222.326964607,2077.95168694983,2077.95168694983,4.65146657480671e-09,4.49865180546674e-33,7905.68497499511,-2.51248893923066e-30,5.69040104645983e-37,-368450.381707442,"No MPA"
"3823","Dasyatis","MT_40",2063,798.62802274572,798.628022745714,0.000590672834162734,3.22780479122703e-40,3038.42617086276,-4.59218959565074e-37,1.06232807289138e-43,-284852.59455154,304.89177578308,304.891775757077,1.26552300990591,5.62511595022792e-46,1161.24356575764,-2.07460880556268e-42,4.84932967936059e-49,-220222.326964607,2077.95168695105,2077.95168695105,2.38433646201838e-09,7.89982503330425e-34,7905.68497499749,-4.41120482558431e-31,9.99258768631764e-38,-368450.381707442,"No MPA"
"3824","Dasyatis","MT_40",2064,798.628177999769,798.628177999765,0.000423961948172126,4.47591468164646e-41,3038.4265948247,-6.36669691046946e-38,1.47310299146598e-44,-284852.59455154,305.224409277533,305.22440925955,1.06121084033665,6.09954889844056e-47,1162.30477658,-2.24687978507434e-43,5.25260081373355e-50,-220222.326964607,2077.95168695168,2077.95168695168,1.22253921931299e-09,1.38749185444945e-34,7905.68497499871,-7.74626439543867e-32,1.75505583493085e-38,-368450.381707442,"No MPA"
"3825","Dasyatis","MT_40",2065,798.628289435077,798.628289435075,0.000304303328975511,6.20773958165971e-42,3038.42689912803,-8.82853470893061e-39,2.04307702948402e-45,-284852.59455154,305.503340809145,305.503340796703,0.889538216883228,6.61355569563432e-48,1163.19431478444,-2.43372940190846e-44,5.69003571945631e-51,-220222.326964607,2077.951686952,2077.951686952,6.27524504804908e-10,2.43734687924347e-35,7905.68497499934,-1.36052111353967e-32,3.08303061271913e-39,-368450.381707442,"No MPA"
"3826","Dasyatis","MT_60",2015,218.735229753959,218.735229753959,178.477985439406,24.1352862505774,986.533279088829,-129020.230816232,0.0290021142194107,-453930.718254168,17.8444130600592,17.8444130600592,10.5264016316699,0.945550546202013,77.4709320254679,-60085.6079309246,0.013927668565275,-307294.676174104,357.400700195545,357.400700195545,563.573394653909,590.198973946723,1333.12564270719,-2078724.58552318,0.434049232240163,-2505759.18168154,"No MPA"
"3827","Dasyatis","MT_60",2016,259.303083540494,259.302448568228,199.179416157323,4.35562418816678,1181.35643608572,-19618.2243389585,0.00441533755220266,-344528.711776895,20.3626699522126,20.3626593225803,11.9200927447677,0.128768239745984,89.2622459008573,-7169.14517647776,0.00166215794693707,-254378.213419657,350.402360699025,350.364423675875,554.307146645704,107.528276692979,1779.86657563676,-385926.00919735,0.0811599261078966,-812960.605355713,"No MPA"
"3828","Dasyatis","MT_60",2017,310.510930680781,310.501324865903,219.770547084966,0.794973241690911,1400.32240411412,-2986.61652554358,0.000672991385549233,-327897.10396348,23.4619308810545,23.4617706181087,13.6041547774517,0.0177102599757668,102.848530155387,-855.576686790502,0.000198408638088146,-248064.64492997,467.824959518386,467.245211290027,697.362319164063,26.9432884411372,2449.70585813133,-72159.6193196348,0.0152779459164641,-499194.215477998,"No MPA"
"3829","Dasyatis","MT_60",2018,368.064539772037,368.043408124845,235.534693306056,0.143795663436466,1635.69217010954,-455.206836431884,0.000102696586706267,-325365.694274368,27.0329866941043,27.0326329391259,15.5019230869736,0.00243633493465541,118.347663152448,-102.127941413538,2.3688774002832e-05,-247311.196184593,643.887333803231,642.430189849835,871.866525586042,7.02172975542714,3313.09351000854,-13583.0959359391,0.00289409137227071,-440617.692094302,"No MPA"
"3830","Dasyatis","MT_60",2019,429.92976762445,429.898572434592,243.771130432129,0.0256602539777793,1879.40644509784,-69.4604793109243,1.5688890790081e-05,-324979.947917247,31.1068208601995,31.1062718958676,17.611112502508,0.000334790987859128,135.957891899636,-12.1933646973014,2.82889997807228e-06,-247221.261607877,870.822486593339,868.312089025902,1025.90908442734,1.81146164384607,4334.6807352246,-2572.89286621532,0.000551410436225783,-429607.489024579,"No MPA"
"3831","Dasyatis","MT_60",2020,493.988288859201,493.950870089082,242.790944989831,0.0045092191949714,2122.15546209835,-10.6109893830163,2.39942043563007e-06,-324921.098427319,35.7355411606611,35.7348146091915,19.9354551510771,4.59394800710716e-05,155.892574559764,-1.4561131913569,3.37897398698776e-07,-247210.524356371,1139.33924443527,1135.89760403682,1105.01343513532,0.45483248081541,5435.79769748066,-490.179924451862,0.000105618646542636,-427524.776082815,"No MPA"
"3832","Dasyatis","MT_60",2021,557.7930990657,557.754201910426,232.19779320117,0.00077955072599337,2354.31357859352,-1.62275119455253,3.67354982970519e-07,-324912.110189131,40.975227233843,40.9743509133143,22.4740041273804,6.29312272965663e-06,178.365696073493,-0.173923595153047,4.03685896611011e-08,-247209.242166775,1428.75981412497,1424.8808490242,1065.01760433104,0.110008333479003,6496.82632837745,-93.8836215012901,2.03281909405975e-05,-427128.479779865,"No MPA"
"3833","Dasyatis","MT_60",2022,618.814168250261,618.778092140008,213.088020774263,0.000132546892603477,2567.36539071064,-0.248435840931959,5.63012571081625e-08,-324910.735873777,46.8821234620902,46.8811304487437,25.2179012904878,8.60402983810453e-07,203.582603490231,-0.0207784357236931,4.82384092518522e-09,-247209.089021615,1707.64345804056,1704.05328688866,903.499647456603,0.0254628888810648,7396.71034179327,-18.0683173994405,3.92958172329461e-06,-427052.664475763,"No MPA"
"3834","Dasyatis","MT_60",2023,674.81328455669,674.78293086851,187.826370063461,2.21752698965664e-05,2755.16138491065,-0.038074179955646,8.63752956673646e-09,-324910.525512116,53.5102038209755,53.509129177485,28.1480266646466,1.17373721132648e-07,231.729555394013,-0.00248288915355756,5.76543695383794e-10,-247209.070726069,1944.1714135121,1941.46663536783,671.894071233288,0.00563326593250861,8065.89400161636,-3.49252563339948,7.62590543610372e-07,-427038.088683997,"No MPA"
"3835","Dasyatis","MT_60",2024,724.174093162753,724.150643627021,159.42888220181,3.65450597070709e-06,2914.56681392222,-0.00584101125264398,1.32643733090763e-09,-324910.493278948,60.9084250220462,60.9073034768693,31.2327899385641,1.5971299095575e-08,262.961223771429,-0.000296750248070034,6.89224140654759e-11,-247209.06853993,2120.06146215527,2118.40447961576,443.355443070139,0.00119720445011688,8507.59126494254,-0.67774384152808,1.48510019529097e-07,-427035.273902205,"No MPA"
"3836","Dasyatis","MT_60",2025,766.072648591084,766.05583630185,130.817230797727,5.94246910051361e-07,3045.36723183647,-0.000896960613995785,2.03889988288695e-10,-324910.488334897,69.1174414698825,69.1163057508081,34.4261933373777,2.16704149970861e-09,297.386281387565,-3.54742524050342e-05,8.24094225232754e-12,-247209.068278654,2236.1583691726,2235.31949339235,266.194331879809,0.000246772473388393,8772.94647426962,-0.131982794777944,2.90119114540749e-08,-427034.728141158,"No MPA"
"3837","Dasyatis","MT_60",2026,800.452585297198,800.441281665942,104.248593030126,9.55303073266342e-08,3149.60452113981,-0.000137870962514861,3.13691807427514e-11,-324910.487575807,78.1658170088891,78.1646966558168,37.6664914389611,2.93089564968399e-10,335.051652473161,-4.24153374958287e-06,9.85554197650311e-13,-247209.068247421,2305.90505230081,2305.5421022557,149.70224127555,4.98567690797879e-05,8922.28571564329,-0.0257828162064344,5.68337055198975e-09,-427034.62194118,"No MPA"
"3838","Dasyatis","MT_60",2027,827.850597213454,827.843396221628,81.0803539879228,1.52142235112807e-08,3230.67767412069,-2.12115462608716e-05,4.83052873428084e-12,-324910.487459148,88.0658853311788,88.0648058728198,40.8758620934384,3.94985728319122e-11,375.926435108201,-5.0724668898671e-07,1.17888244009726e-13,-247209.068243687,2345.15778366083,2345.01777973553,80.8213264046041,9.95820828653221e-06,9002.96702816438,-0.00505074841641558,1.11612543564814e-09,-427034.601209112,"No MPA"
"3839","Dasyatis","MT_60",2028,849.160084694413,849.155694648478,61.8371834407084,2.40519165019616e-09,3292.51046751306,-3.26631293225943e-06,7.44485990463861e-13,-324910.487441203,98.809524092258,98.8085065124627,43.9615339484736,5.30210230874835e-12,419.886951476874,-6.06738053833124e-08,1.41041171900369e-14,-247209.06824324,2366.36427873227,2366.31415050009,42.6131298715195,1.97771686242445e-06,9045.530027826,-0.000991883070573498,2.19674998689577e-10,-427034.597150246,"No MPA"
"3840","Dasyatis","MT_60",2029,865.412383862031,865.409798991709,46.4412157982603,3.78095868132004e-10,3338.94909844062,-5.03402131664518e-07,1.14835193977394e-13,-324910.48743844,110.364225479481,110.363285929155,46.8187662465429,7.08659577056291e-13,466.70477817309,-7.25885410600095e-09,1.68774099219157e-15,-247209.068243187,2377.55165303675,2377.53445271703,22.1753863936534,3.91867520728535e-07,9067.68821350806,-0.000195221163494448,4.33217336071878e-11,-427034.596353584,"No MPA"
"3841","Dasyatis","MT_60",2030,877.618439603037,877.616957639285,34.4688291222743,5.91897073103108e-11,3373.41644559908,-7.7647964256565e-08,1.77270518404816e-14,-324910.487438014,122.669950065078,122.669099796329,49.3359151628621,9.42738121938865e-14,516.039843067203,-8.68598000962282e-10,2.01998997816845e-16,-247209.06824318,2383.37577067658,2383.36998652069,11.4586715670418,7.76058699308763e-08,9079.14110084161,-3.84991785477742e-05,8.55850962438182e-12,-427034.596196862,"No MPA"
"3842","Dasyatis","MT_60",2031,886.67793064008,886.677097561237,25.3556721599685,9.23841697722465e-12,3398.7712846802,-1.19864068928686e-08,2.73859406036342e-15,-324910.487437948,135.637312367878,135.636557878068,51.4015334686699,1.24783776006345e-14,567.440622046063,-1.03956731681572e-10,2.41810515917248e-17,-247209.06824318,2386.38607865502,2386.38414440778,5.89889403320909,1.53752850124701e-08,9085.0380606122,-7.60577465897714e-06,1.69347366848985e-12,-427034.596165969,"No MPA"
"3843","Dasyatis","MT_60",2032,893.342265331839,893.341803496859,18.5283366923487,1.43898815540139e-12,3417.29915953757,-1.851732619978e-09,4.2338484427033e-16,-324910.487437938,149.147632564995,149.146975939749,52.913056062995,1.64286895643266e-15,620.353021483813,-1.24442451609388e-11,2.89522765497463e-18,-247209.068243179,2387.93605155957,2387.93540263935,3.03074394756764,3.04862783019353e-09,9088.06815563651,-1.50495526887893e-06,3.35565781850018e-13,-427034.596159868,"No MPA"
"3844","Dasyatis","MT_60",2033,898.212182225474,898.211928560033,13.4730949694917,2.23835814552142e-13,3430.77200084162,-2.86275739076221e-10,6.55007979293875e-17,-324910.487437937,163.055271184553,163.054710621479,53.7861886836533,2.15084721392697e-16,674.138649604393,-1.48992967651232e-12,3.46713553054341e-19,-247209.068243179,2388.73248995641,2388.73227046581,1.55552303874681,6.05072143446201e-10,9089.62345918405,-2.98210359519688e-07,6.65787422158717e-14,-427034.596158662,"No MPA"
"3845","Dasyatis","MT_60",2034,901.753420385649,901.753281835345,9.7619838297277,3.47889090984239e-14,3440.53384612104,-4.4288892988756e-11,1.01402569512736e-17,-324910.487437936,177.192431600175,177.191962081543,53.9637510929806,2.79954583818595e-17,728.101931178741,-1.78419935212705e-13,4.15277566142417e-20,-247209.068243179,2389.14129016038,2389.1412151378,0.79793136621447,1.20211386932085e-10,9090.42131552756,-5.91671431053732e-08,1.32251228722484e-14,-427034.596158423,"No MPA"
"3846","Dasyatis","MT_60",2035,904.319250282779,904.319174814788,7.05460008537726,5.40450637804546e-15,3447.58837073843,-6.85640508507038e-12,1.57083367260035e-18,-324910.487437936,191.37628693156,191.375900998434,53.4225593843618,3.62223607010323e-18,781.524104629977,-2.13698021379194e-14,4.97490336521858e-21,-247209.068243179,2389.35100088629,2389.35097495653,0.409193193500724,2.39060758242222e-11,9090.83048279127,-1.1752890949206e-08,2.6298094448456e-15,-427034.596158375,"No MPA"
"3847","Dasyatis","MT_60",2036,906.173480672138,906.173439588897,5.08841289927721,8.39448132193305e-16,3452.67674255446,-1.06212880176772e-12,2.43488504077147e-19,-324910.487437936,205.417915935839,205.417604503191,52.1770689781708,4.65854869675713e-19,833.700862175499,-2.55997813988121e-15,5.96085172332482e-22,-247209.068243179,2389.45854751996,2389.45853846107,0.209808856545557,4.75853048507623e-12,9091.04028258892,-2.33705675895576e-09,5.23442879562672e-16,-427034.596158366,"No MPA"
"3848","Dasyatis","MT_60",2037,907.510922125018,907.510899737551,3.66518607790895,1.30388165555292e-16,3456.34190624491,-1.64636098760052e-13,3.77643710915522e-20,-324910.487437936,219.132196444647,219.131949591287,50.2789666743905,5.95550571795834e-20,883.979581996529,-3.06725403358958e-16,7.1434569936552e-23,-247209.068243179,2389.51369186796,2389.51368867184,0.107567925628989,9.48010912773599e-13,9091.14784731843,-4.65172754340372e-10,1.04279695538471e-16,-427034.596158364,"No MPA"
"3849","Dasyatis","MT_60",2038,908.474283693003,908.474271467225,2.63742037499476,2.02556969363067e-17,3458.97931439412,-2.55345723554014e-14,5.86044364273531e-21,-324910.487437936,232.347591568574,232.347399240237,47.812613517649,7.56878468152461e-21,931.792003185841,-3.67569994477537e-17,8.56217190855939e-24,-247209.068243179,2389.54196447329,2389.54196333581,0.0551469884361558,1.89018203872164e-13,9091.20299316939,-9.267118676865e-11,2.07914563757823e-17,-427034.596158363,"No MPA"
"3850","Dasyatis","MT_60",2039,909.167507206231,909.167500510267,1.89649872017791,3.14746160559021e-18,3460.87580641834,-3.96256710483454e-15,9.09939412936334e-22,-324910.487437936,244.914738069071,244.914590647412,44.8870196733752,9.56429024507285e-22,976.678875437558,-4.40561184838216e-18,1.0264405150953e-24,-247209.068243179,2389.55645915836,2389.5564587505,0.0282715531270571,3.77154265783207e-14,9091.23126431465,-1.84769328305422e-11,4.14856280370325e-18,-427034.596158363,"No MPA"
"3851","Dasyatis","MT_60",2040,909.665986315058,909.665982635266,1.36302086896046,4.89219685402887e-19,3462.23882360751,-6.15259702765353e-16,1.41357191892276e-22,-324910.487437936,256.712925349797,256.712814061347,41.6256602500619,1.20201166223678e-22,1018.30442439917,-5.28137877503829e-19,1.23071331327546e-25,-247209.068243179,2389.56389002288,2389.5638898757,0.0144934303114804,7.53072429628092e-15,9091.24575759778,-3.68674107000415e-12,8.28350316622543e-19,-427034.596158363,"No MPA"
"3852","Dasyatis","MT_60",2041,910.024245450925,910.024243421289,0.979246174109411,7.60665858634097e-20,3463.21806775198,-9.55792905815728e-17,2.19703462830339e-23,-324910.487437936,267.653897568981,267.653814731309,38.1557453707885,1.5028991435819e-23,1056.46008693229,-6.33231201926027e-20,1.47588396370228e-26,-247209.068243179,2389.56769947674,2389.56769942334,0.00743000318737624,1.50465211718316e-15,9091.25318754756,-7.36137615423538e-13,1.65505603665574e-19,-427034.596158363,"No MPA"
"3853","Dasyatis","MT_60",2042,910.281632638548,910.281631514886,0.703340835297295,1.18314999910747e-20,3463.92140746361,-1.48553443316268e-17,3.41633121565876e-24,-324910.487437936,277.682835425498,277.682774547788,34.5984786862944,1.87012980504892e-24,1091.05850474087,-7.59364300737051e-21,1.77018502589502e-27,-247209.068243179,2389.5696523849,2389.56965236544,0.00380894404203406,3.00814204730288e-16,9091.25699647214,-1.47081371151346e-13,3.30883101069416e-20,-427034.596158363,"No MPA"
"3854","Dasyatis","MT_60",2043,910.466500356515,910.46649973212,0.505076124978908,1.84096722311135e-21,3464.4264829642,-2.30996679756749e-18,5.31469108731787e-25,-324910.487437936,286.776777427814,286.776733196272,31.0614421172359,2.31687824262944e-25,1122.11990262656,-9.10772426028153e-22,2.1235142289524e-28,-247209.068243179,2389.57065353297,2389.57065352585,0.00195262487045611,6.01736709491869e-17,9091.25894908989,-2.94048896871985e-14,6.61885050357036e-21,-427034.596158363,"No MPA"
"3855","Dasyatis","MT_60",2044,910.599255771358,910.599255423154,0.362650487055985,2.86558791251602e-22,3464.78913310305,-3.59355054116867e-19,8.27146405510107e-26,-324910.487437936,294.941039517662,294.941007701491,27.6336836784699,2.85890646450216e-26,1149.75355448886,-1.09254749402494e-22,2.54777272097606e-29,-247209.068243179,2389.57116676432,2389.5711667617,0.00100099561502584,1.20432920613493e-17,9091.2599500829,-5.88203411596705e-15,1.32471114603495e-21,-427034.596158363,"No MPA"
"3856","Dasyatis","MT_60",2045,910.694575717724,910.694575522882,0.26036158013929,4.46212324608492e-23,3465.04949448835,-5.59278456576049e-20,1.28784843021728e-26,-324910.487437936,302.204343543246,302.204320855331,24.3835306530256,3.51510967044144e-27,1174.13706245397,-1.31081209725224e-23,3.05727228826905e-30,-247209.068243179,2389.57142986803,2389.57142986707,0.000513150754377958,2.41157334998823e-18,9091.26046323269,-1.17724311042632e-15,2.65262830809962e-22,-427034.596158363,"No MPA"
"3857","Dasyatis","MT_60",2046,910.763009810596,910.763009701224,0.186910975263061,6.9506697193123e-24,3465.23640535424,-8.70783993539163e-21,2.00593663391523e-27,-324910.487437936,308.613370929253,308.613354869628,21.3587301648278,4.30817382372789e-28,1195.49577655918,-1.57292899806649e-24,3.66922565440214e-31,-247209.068243179,2389.57156474572,2389.57156474536,0.000263061562540261,4.83124970148673e-19,9091.2607262939,-2.35733534021695e-16,5.31416927391477e-23,-427034.596158363,"No MPA"
"3858","Dasyatis","MT_60",2047,910.812137969676,910.8121379081,0.134174703595257,1.08309133966132e-24,3465.37057999626,-1.35632223168151e-21,3.12559148342266e-28,-324910.487437936,314.227353290856,314.227341993003,18.5882894059401,5.26536611426183e-29,1214.08405466726,-1.8877533628095e-25,4.40433686443391e-32,-247209.068243179,2389.57163388944,2389.57163388931,0.000134855780700319,9.68301265207485e-20,9091.26086114955,-4.72259117299922e-17,1.0650901941542e-23,-427034.596158363,"No MPA"
"3859","Dasyatis","MT_60",2048,910.8474047966,910.84740476184,0.0963142715250039,1.68831030436358e-25,3465.46689423302,-2.11338137357225e-22,4.87194735855924e-29,-324910.487437936,319.113146738784,319.113138830986,16.0853378923618,6.41948430778133e-30,1230.16938465183,-2.26593648522438e-26,5.28751225036659e-33,-247209.068243179,2389.57166933526,2389.57166933521,6.91323889020343e-05,1.94152367920964e-20,9091.26093028189,-9.46523396235542e-18,2.13559341092776e-24,-427034.596158363,"No MPA"
"3860","Dasyatis","MT_60",2049,910.872720291892,910.872720272221,0.0691352074864673,2.63259014067268e-26,3465.53602942084,-3.29418693560436e-23,7.59663912834967e-30,-324910.487437936,323.341058511427,323.341052999006,13.8504131937643,7.80999689228389e-31,1244.01979233317,-2.72029154355963e-27,6.34871668312949e-34,-247209.068243179,2389.5716875062,2389.57168750618,3.54399778035545e-05,3.89444912611734e-21,9091.26096572185,-1.89785723253763e-18,4.28372824846045e-25,-427034.596158363,"No MPA"
"3861","Dasyatis","MT_60",2050,910.890891972221,910.890891961065,0.049624909962996,4.10632073596074e-27,3465.58565431965,-5.13649824864752e-24,1.18490204721585e-30,-324910.487437936,326.981537242547,326.981533412258,11.8747175247534,9.48441298043725e-32,1255.89450602763,-3.26623410116442e-28,7.62400489218882e-35,-247209.068243179,2389.57169682133,2389.57169682132,1.81679210242922e-05,7.8146801809967e-22,9091.26098388976,-3.80685976878705e-19,8.5958154874902e-26,-427034.596158363,"No MPA"
"3862","Dasyatis","MT_60",2051,910.903935515256,910.903935508916,0.0356200341212258,6.40701763178104e-28,3465.62127434743,-8.01176301226652e-25,1.84875466107591e-31,-324910.487437936,330.102719206098,330.102716551212,10.1430529810434,1.14999292913508e-32,1266.03755635379,-3.92231267159282e-29,9.15676375509447e-36,-247209.068243179,2389.57170159663,2389.57170159663,9.3135870440846e-06,1.56866251694905e-22,9091.26099320334,-7.63892157980955e-20,1.72546197906849e-26,-427034.596158363,"No MPA"
"3863","Dasyatis","MT_60",2052,910.913297979995,910.913297976385,0.0255672914505108,9.99970619717792e-29,3465.64684163527,-1.25004291762244e-25,2.88540074219766e-32,-324910.487437936,332.768746071921,332.768744235133,8.63628426942982,1.39254114825263e-33,1274.67383878643,-4.71084781827723e-30,1.0999208841668e-36,-247209.068243179,2389.57170404464,2389.57170404464,4.7745085795367e-06,3.14987143655147e-23,9091.26099797785,-1.53338200037232e-20,3.46472446331298e-27,-427034.596158363,"No MPA"
"3864","Dasyatis","MT_60",2053,910.920018155295,910.920018153237,0.0183515221355776,1.56113971803167e-29,3465.66519315534,-1.95097533622472e-26,4.50461281650689e-33,-324910.487437936,335.038729976751,335.038728707643,7.33328409729401,1.68437789806587e-34,1282.00712161462,-5.65870205670935e-31,1.32141874015092e-37,-247209.068243179,2389.57170529959,2389.57170529959,2.44759950760973e-06,6.32693683320167e-24,9091.26100042545,-3.07902822127688e-21,6.95936112120085e-28,-427034.596158363,"No MPA"
"3865","Dasyatis","MT_60",2054,910.92484171862,910.924841717444,0.0131721689544946,2.437892812996e-30,3465.67836532312,-3.04581209399892e-27,7.03441526264805e-34,-324910.487437936,336.966229930507,336.966229054411,6.21238593588427,2.03548766990431e-35,1288.21950667441,-6.79820740773935e-32,1.58773507233157e-38,-247209.068243179,2389.57170594292,2389.57170594292,1.25473426126547e-06,1.27123061787879e-24,9091.26100168019,-6.18463878473659e-22,1.39829955142559e-28,-427034.596158363,"No MPA"
"3866","Dasyatis","MT_60",2055,910.928303926935,910.928303926262,0.00945455159249058,3.80803564324442e-31,3465.68781987404,-4.75634819363977e-28,1.09878506942446e-34,-324910.487437936,338.599110073823,338.599109469359,5.25240714461978,2.45789341501179e-36,1293.47191321456,-8.16828297574211e-33,1.90797717494688e-39,-247209.068243179,2389.57170627272,2389.57170627272,6.43226254515809e-07,2.55492755522592e-25,9091.26100232341,-1.2426395882922e-22,2.81031152307005e-29,-427034.596158363,"No MPA"
"3867","Dasyatis","MT_60",2056,910.930788986749,910.930788986364,0.00678615010226396,5.9497184909143e-32,3465.69460602376,-7.42947946141547e-29,1.7167496901468e-35,-324910.487437936,339.979666858616,339.979666441675,4.43332072249692,2.96607330867406e-37,1297.90523352012,-9.81578159012945e-34,2.29310994572294e-40,-247209.068243179,2389.57170644178,2389.57170644178,3.29743161306269e-07,5.13629354510195e-26,9091.26100265315,-2.49746511785696e-23,5.64970419811871e-30,-427034.596158363,"No MPA"
"3868","Dasyatis","MT_60",2057,910.932572676751,910.932572676531,0.00487085480897663,9.29814884668125e-33,3465.69947687835,-1.16078720974893e-29,2.68291061495148e-36,-324910.487437936,341.144932795327,341.144932507746,3.73665435980409,3.57746296790971e-38,1301.64188759234,-1.17971125885221e-34,2.75633603713074e-41,-247209.068243179,2389.57170652846,2389.57170652846,1.6903928377722e-07,1.03283757170859e-26,9091.26100282219,-5.02077404771026e-24,1.13607735099363e-30,-427034.596158363,"No MPA"
"3869","Dasyatis","MT_60",2058,910.933852945386,910.933852945259,0.00349611999841106,1.45343990944336e-33,3465.70297299822,-1.81406080456057e-30,4.19378517710518e-37,-324910.487437936,342.127085089212,342.127084890832,3.14568756785593,4.31306072464305e-39,1304.78757496182,-1.41801975191127e-35,3.31355403185189e-42,-247209.068243179,2389.57170657289,2389.57170657289,8.66562507416214e-08,2.07739667014815e-27,9091.26100290885,-1.00960819894952e-24,2.28504788225007e-31,-427034.596158363,"No MPA"
"3870","Dasyatis","MT_60",2059,910.934771875018,910.934771874945,0.00250938364533882,2.27244940566426e-34,3465.70548238179,-2.83564471569805e-31,6.55696527766295e-38,-324910.487437936,342.953906091655,342.953905954773,2.64550612641023,5.19815717835672e-40,1307.43308095135,-1.70468272414974e-36,3.98391069789275e-43,-247209.068243179,2389.57170659566,2389.57170659566,4.44233618413e-08,4.17932946783742e-28,9091.26100295327,-2.03067429774404e-25,4.59708446001077e-32,-427034.596158363,"No MPA"
"3871","Dasyatis","MT_60",2060,910.935431448204,910.935431448163,0.00180114011343541,3.55372777116853e-35,3465.70728352187,-4.43351844394238e-32,1.02539808683519e-38,-324910.487437936,343.6492580632,343.649257968719,2.22296085442162,6.2632146238651e-41,1309.65604171129,-2.04955030237663e-37,4.79046669013118e-44,-247209.068243179,2389.57170660734,2389.57170660734,2.27734415535155e-08,8.4098529727699e-29,9091.26100297605,-4.08533288515166e-26,9.25048018095397e-33,-427034.596158363,"No MPA"
"3872","Dasyatis","MT_60",2061,910.935904864747,910.935904864723,0.00129278921549578,5.55857289584952e-36,3465.70857631106,-6.93327040247001e-33,1.60387835472385e-39,-324910.487437936,344.233547100236,344.233547034995,1.86656641640864,7.54492722619698e-42,1311.52260806245,-2.46448612689785e-38,5.76099906074867e-45,-247209.068243179,2389.57170661332,2389.57170661332,1.16744878259663e-08,1.692621744768e-29,9091.26100298772,-8.22070841104502e-27,1.86181184789868e-33,-427034.596158363,"No MPA"
"3873","Dasyatis","MT_60",2062,910.936244664966,910.936244664952,0.000927914132628827,8.6961750757461e-37,3465.70950422518,-1.08446879960815e-33,2.50920551577433e-40,-324910.487437936,344.724160463971,344.7241604189,1.56636626712565,9.08749918279869e-43,1313.08897428451,-2.96378020600222e-39,6.92896876267181e-46,-247209.068243179,2389.57170661639,2389.57170661639,5.98457080398132e-09,3.40734803027935e-30,9091.2610029937,-1.65455327922507e-27,3.74793774940525e-34,-427034.596158363,"No MPA"
"3874","Dasyatis","MT_60",2063,910.93648856043,910.936488560422,0.000666020731830296,1.36074215725265e-37,3465.7101702459,-1.69660940009251e-34,3.92630183110766e-41,-324910.487437936,345.135868411327,345.135868380175,1.3137821046621,1.09441857992946e-43,1314.40275635802,-3.56464665171246e-40,8.33468714887406e-47,-247209.068243179,2389.57170661797,2389.57170661797,3.06853137228835e-09,6.86046765490184e-31,9091.26100299677,-3.33071394975211e-28,7.54622230364162e-35,-427034.596158363,"No MPA"
"3875","Dasyatis","MT_60",2064,910.936663619124,910.936663619119,0.000478043731378877,2.12962404515699e-38,3465.71064828963,-2.65478477216004e-35,6.14484172231254e-42,-324910.487437936,345.48118645582,345.481186434277,1.10146023850329,1.31791516816494e-44,1315.50421657498,-4.28782378969393e-41,1.00267224927073e-47,-247209.068243179,2389.57170661877,2389.57170661877,1.57263462603545e-09,1.38155250085566e-31,9091.26100299835,-6.70617005275986e-29,1.5196489248304e-35,-427034.596158363,"No MPA"
"3876","Dasyatis","MT_60",2065,910.936789269434,910.936789269431,0.000343121119819754,3.33354771810484e-39,3465.71099141074,-4.15485944079622e-36,9.61865561324339e-43,-324910.487437936,345.770697247507,345.770697232602,0.923122838384328,1.58697114441572e-45,1316.42733939846,-5.15829774887159e-42,1.20635960297236e-48,-247209.068243179,2389.57170661919,2389.57170661919,8.05747737706137e-10,2.78261754877847e-32,9091.26100299915,-1.35048024035661e-29,3.06076082059545e-36,-427034.596158363,"No MPA"
"3877","Epinephelus","MT",2015,4035.18016199566,4035.18016199566,362.924707351306,396.759240699998,16085.7271266513,-249231.074399148,0.0246135254213853,-4993348.63915615,3284.50406774899,3284.50406774899,0,46.8489731400441,13073.94457686,-30520.7923000449,0.00357058991603782,-724913.962257174,4817.08029556237,4817.08029556237,1594.50158427915,2388.71430833974,18448.8494759394,-2092531.67578266,-0.197473322230906,-34504502.2862692,"No MPA"
"3878","Epinephelus","MT",2016,4026.71042561953,4026.57068589963,363.47392326263,392.401899443678,16056.6594107504,-233450.951710867,0.0244577344385922,-4977568.51646787,3272.7764506455,3272.77514610407,0,7.57513718385178,13066.3681351347,-4950.83304758407,0.000579408734568882,-699344.003004713,4618.26648808233,4617.79051759878,1536.8555405827,213205.38621492,3188.28296507163,12799664.1598756,10.3831301321906,-19612306.4506109,"No MPA"
"3879","Epinephelus","MT",2017,4019.43395786985,4017.25137501849,363.846367363381,403.188818245008,16015.1343770174,-231973.903549583,0.0253137769599359,-4976091.46830658,3270.87985395179,3270.86115135232,0,1.22898289386472,13065.1204496413,-803.385058563418,9.40573676105541e-05,-695196.555015693,798.116998640875,812.107087832371,286.781456904157,7477.48176423643,543.747700988177,-673074889.7251,-282.260546781081,-705486860.335587,"No MPA"
"3880","Epinephelus","MT",2018,4009.0390727061,4002.5585017635,364.295423454921,424.13647217512,15948.8127573546,-240094.05898492,0.0268884659253375,-4984211.62374192,3270.56752314173,3270.53239367175,0,0.19955941558404,13064.8857607558,-130.416217328178,1.52742832312004e-05,-694523.586174457,136.115359861357,293.140087229111,52.2351724386208,7079731.94859816,145.191052686077,18297173346.9663,8623.99772612465,18264761376.3558,"No MPA"
"3881","Epinephelus","MT",2019,3992.43690388666,3979.72080081594,365.01148703711,452.253654650284,15848.8544866707,-255030.682171615,0.0290137362933616,-4999148.24692861,3270.50877390554,3270.46283595806,0,0.0324182983301479,13064.80740451,-21.1787162414056,2.48134147367911e-06,-694414.348673371,36.3454086317956,18.3453044447206,14.0360919940194,36850.1092921267,12.2854280499416,-559041514346.962,-256501.515571411,-559073926317.573,"No MPA"
"3882","Epinephelus","MT",2020,3967.41453420945,3947.10270014699,366.119055073395,485.623153181768,15709.0385544998,-275189.814932856,0.0315992098758625,-5019307.37968986,3270.48915913093,3270.43783952375,0,0.00526827633559728,13064.7508166264,-3.44052985399381,4.03243404267333e-07,-694396.610486983,3.07538856169798,4.54646350078746,1.19089541358587,142457873.217867,2.25443127414269,16627437613800.5,7676543.51245291,16627405201829.9,"No MPA"
"3883","Epinephelus","MT",2021,3932.41466958989,3903.75783693934,367.671868998403,522.928579917672,15525.12501093,-299714.375546219,0.0346033615330345,-5043831.94030322,3270.47499359034,3270.42242671454,0,0.000856445990160518,13064.6973933047,-0.559121343986721,6.55541752269635e-08,-694393.729078473,0.564347625939302,0.284526957254973,0.218570295567995,28792.5409224575,0.190550468625979,-497623800297840,-229403351.036876,-497623832709810,"No MPA"
"3884","Epinephelus","MT",2022,3886.37593118072,3849.15706662987,369.652786087475,563.185114866129,15294.3738176005,-328210.675499984,0.0380160666295668,-5072328.24025698,3270.46162022866,3270.41063179552,0,0.000139277547966174,13064.646265594,-0.0908948252744475,1.06606341073677e-08,-694393.260851955,0.0477001476266276,0.0620537175741961,0.0184749145032247,1973984160.09345,0.0307856027598863,14870829170944766,6857860247.23295,14870829138532796,"No MPA"
"3885","Epinephelus","MT",2023,3828.61241022899,3783.02532511542,371.977493953015,605.57417224995,15015.19005419,-360582.885252167,0.0418481203646479,-5104700.45000917,3270.44882152307,3270.40116929212,0,2.2657349122027e-05,13064.5985907057,-0.0147816134765662,1.73425322618903e-09,-694393.184738743,0.00770650320101644,0.00388344818883675,0.0029848411098233,20791.4692774657,0.00260083809171366,-444553524983160128,-204993367621.584,-444553525015572096,"No MPA"
"3886","Epinephelus","MT",2024,3758.72485327012,3705.24928842949,374.500453294034,649.336161991261,14686.8787806522,-396933.628846137,0.0461250374406975,-5141051.19360314,3270.43688715615,3270.39352987207,0,3.68706777231503e-06,13064.5552297345,-0.00240464692222364,2.82218794525226e-10,-694393.172361776,0.000651063006154076,0.0007967446665871,0.000252166344863716,24074824324.7516,0.000395378177321927,13288477876099811328,6127738330802.07,13288477876067399680,"No MPA"
"3887","Epinephelus","MT",2025,3676.53929724306,3615.83145618858,377.02203592027,693.698502421713,14309.4944730962,-437505.178198953,0.0508834903720565,-5181622.74295595,3270.42603268415,3270.38736493056,0,6.00197702778919e-07,13064.5165613807,-0.000391313418746912,4.59409974766023e-11,-694393.170348443,9.89742904470171e-05,4.9861905996582e-05,3.83342099471207e-05,14361.5530906424,3.33940812614292e-05,-3.97224145276455e+20,-183171689135336,-3.97224145276488e+20,"No MPA"
"3888","Epinephelus","MT",2026,3582.06937905186,3514.87448147158,379.296521519279,737.827012360663,13883.7690846746,-482645.674974554,0.0561693863988881,-5226763.23973155,3270.41635290641,3270.38239197291,0,9.77340336320023e-08,13064.4826003495,-6.36999704106223e-05,7.4808864542892e-12,-694393.170020829,8.35947881688181e-06,9.89124324986725e-06,3.23775009587756e-06,276209425574.904,4.90919209953564e-06,1.18739106873854e+22,5475415047869194,1.18739106873854e+22,"No MPA"
"3889","Epinephelus","MT",2027,3475.49832718016,3402.58492116558,381.041160198292,780.794743293868,13411.1020955644,-532790.894081732,0.0620369752953927,-5276908.45883873,3270.40785150405,3270.37837807474,0,1.5919619004841e-08,13064.4531269043,-1.03727013727533e-05,1.21854318265074e-12,-694393.169967502,1.22890901063572e-06,6.1901417329449e-07,4.75974681681411e-07,9643.42853632799,4.14575848541838e-07,-3.54937979562681e+23,-163672457482264320,-3.54937979562681e+23,"No MPA"
"3890","Epinephelus","MT",2028,3357.17647092148,3279.28908532293,381.946836962987,821.565890242723,12893.5956566861,-588455.784043245,0.0685486204039111,-5332573.34880024,3270.40047347083,3270.37513310639,0,2.59389212122475e-09,13064.4277865372,-1.68958380299549e-06,1.98545957971473e-13,-694393.169958819,1.03780008102189e-07,1.20368022687804e-07,4.01955359577986e-08,3064019332101.62,5.97461927812113e-08,1.06098936538923e+25,4892537859002492928,1.06098936538923e+25,"No MPA"
"3891","Epinephelus","MT",2029,3227.63003784144,3145.45584103055,381.690976254849,858.994722432929,12334.1177136972,-650232.2962761,0.075775012290157,-5394349.8610331,3270.39413006345,3270.37250355804,0,4.22766501648506e-10,13064.4061600314,-2.75295976763113e-07,3.23601461051822e-14,-694393.169957405,1.49561543266873e-08,7.53287632029304e-09,5.79274033627294e-09,6357.88951717822,5.0450553543245e-09,-3.17153583322248e+26,-1.46248957295621e+20,-3.17153583322248e+26,"No MPA"
"3892","Epinephelus","MT",2030,3087.57695549086,3001.7224294145,379.953196761856,891.84091808011,11736.3754663025,-718791.410206347,0.0837956947326336,-5462908.97496335,3270.3887163401,3270.37036647171,0,6.89248230407615e-11,13064.3878101629,-4.48692994962975e-08,5.27577447119902e-15,-694393.169957174,1.26291940881104e-09,1.44677966916862e-09,4.89147413238161e-10,33317425515568.8,7.18168993744366e-10,9.48043371357894e+27,4.37171018947835e+21,9.48043371357894e+27,"No MPA"
"3893","Epinephelus","MT",2031,2937.94524033953,2848.9198582731,376.433867898634,918.80336538345,11104.9805867513,-794888.117834435,0.0926998284709619,-5539005.68259143,3270.38412285135,3270.36862386412,0,1.12402041110755e-11,13064.3723111757,-7.31518036249642e-09,8.60370121439028e-16,-694393.169957137,1.79777920618572e-10,9.05424220420123e-11,6.9630654350862e-11,4142.26495226133,6.06398714198652e-11,-2.8339148143498e+29,-1.30680247654889e+23,-2.8339148143498e+29,"No MPA"
"3894","Epinephelus","MT",2032,2779.88932380223,2688.09446878926,370.875137604342,938.574312026918,10445.4865573158,-879368.65992648,0.102587152774532,-5623486.22468348,3270.38024301844,3270.36719787536,0,1.83355186242813e-12,13064.3592660326,-1.19295520729767e-09,1.40347537242064e-16,-694393.169957131,1.51798672532518e-11,1.72536518578071e-11,5.87938766988926e-12,357833884506789,8.56488286107256e-12,8.47120860535084e+30,3.90632644705355e+24,8.47120860535084e+30,"No MPA"
"3895","Epinephelus","MT",2033,2614.79939886113,2520.522059462,363.083233036079,949.914510336728,9764.37794061598,-973179.634841536,0.113569126727962,-5717297.19959853,3270.37697745181,3270.36602670119,0,2.99178023153533e-13,13064.348315282,-1.94600348689662e-10,2.29003272107504e-17,-694393.16995713,2.14403134153318e-12,1.07976871777112e-12,8.30415129655759e-13,2677.96763613091,7.2316531664356e-13,-2.53223473381991e+32,-1.16768881171518e+26,-2.53223473381991e+32,"No MPA"
"3896","Epinephelus","MT",2034,2444.29873412585,2347.71071212623,352.949973302142,951.747502687698,9068.9923892308,-1077378.80864629,0.125770246225905,-5821496.37340329,3270.37423617059,3270.36506126525,0,4.88293233510851e-14,13064.3391403766,-3.17526887432189e-11,3.73760192388588e-18,-694393.169957129,1.81028640921704e-13,2.04717175636381e-13,7.01150768695869e-14,3813100792660201,1.01626080907069e-13,7.56941901143048e+33,3.49048442189684e+27,7.56941901143048e+33,"No MPA"
"3897","Epinephelus","MT",2035,2270.22415064317,2171.38846154061,340.470647639277,943.267334628605,8367.3600131389,-1193147.58966209,0.139329542129111,-5937265.15441909,3270.37193943345,3270.36426254136,0,7.97155983420135e-15,13064.3314634846,-5.18241113188301e-12,6.10177141439116e-19,-694393.169957129,2.54398695365994e-14,1.28116183208251e-14,9.85323868659214e-15,1722.56909969719,8.58047409129576e-15,-2.26266954664051e+35,-1.04338427988846e+29,-2.26266954664051e+35,"No MPA"
"3898","Epinephelus","MT",2036,2094.58581104456,1993.47246681921,325.754957505029,924.049010131391,7667.95261628719,-1321805.22131875,0.154402271762396,-6065922.78607575,3270.3700176912,3270.36359942357,0,1.30171101820096e-15,13064.3250452169,-8.46047513197132e-13,9.96385604488117e-20,-694393.169957129,2.14793426546032e-15,2.42095686299109e-15,8.31926789964172e-16,40426800241196048,1.20183496402695e-15,6.76362805327779e+36,3.11891022544057e+30,6.76362805327779e+36,"No MPA"
"3899","Epinephelus","MT",2037,1919.5044463985,1816.01765620665,309.027896633843,894.145716712754,6979.34800601643,-1464824.81207815,0.171161821110089,-6208942.37683515,3270.3684110181,3270.36304704488,0,2.12613885661895e-16,13064.3196812437,-1.38154890808099e-13,1.62743888755052e-20,-694393.169957129,3.00853131563027e-16,1.51508417422265e-16,1.16524878818049e-16,1104.34543223434,1.01471562055168e-16,-2.02180051042171e+38,-9.32312397441442e+31,-2.02180051042171e+38,"No MPA"
"3900","Epinephelus","MT",2038,1747.12732340772,1641.14510977791,290.618498327322,854.152796375652,6309.8314943383,-1623851.37109469,0.189801839418402,-6367968.93585169,3270.36706826457,3270.36258545671,0,3.47353418436121e-17,13064.3151984359,-2.25654245639701e-14,2.65879473903681e-21,-694393.169957129,2.54011891171812e-17,2.85675102836549e-17,9.83825718660935e-18,427188687230121856,1.41819097564138e-17,6.04361634279912e+39,2.78689139345228e+33,6.04361634279912e+39,"No MPA"
"3901","Epinephelus","MT",2039,1579.52848895826,1470.95367719656,270.93636343561,805.217860270158,5666.97518574205,-1800722.05970598,0.210538631910616,-6544839.62446298,3270.36594609154,3270.36219859481,0,5.67612051476501e-18,13064.3114509391,-3.68657972998241e-15,4.3447519107934e-22,-694393.169957129,3.55013133206338e-18,1.78781304984647e-18,1.37501850523427e-18,706.449844935674,1.19737415436431e-18,-1.80657282015091e+41,-8.33064502865424e+34,-1.80657282015091e+41,"No MPA"
"3902","Epinephelus","MT",2040,1418.60345401154,1307.42208745478,250.438492951337,748.981731649825,5057.25058048681,-1997488.90571789,0.233613840261123,-6741606.47047489,3270.36500798759,3270.36187347039,0,9.27745636468222e-19,13064.3083164219,-6.02426133090063e-16,7.10137446749544e-23,-694393.169957129,2.99736465301452e-19,3.36613667702051e-19,1.16092377417335e-19,4504250559914946560,1.67107936836453e-19,5.40025238100465e+42,2.49021711992417e+36,5.40025238100465e+42,"No MPA"
"3903","Epinephelus","MT",2041,1265.97221730044,1152.31222245079,229.591476232579,687.447405339723,4485.73465653001,-2216444.26235118,0.259297444562299,-6960561.82710818,3270.36422332968,3270.36159953752,0,1.5167037398862e-19,13064.3056926298,-9.846485252771e-17,1.16095223343469e-23,-694393.169957129,4.18318218483416e-20,2.10659697642162e-20,1.62020848720833e-20,451.261105507967,1.41087767147834e-20,-1.61425686544484e+44,-7.44381891562264e+37,-1.61425686544484e+44,"No MPA"
"3904","Epinephelus","MT",2042,1122.90568936018,1007.08605683383,208.835567896996,622.792586642405,3955.95800525824,-2460149.32885375,0.287891124901252,-7204266.89361075,3270.36356652062,3270.36136819765,0,2.48007264855705e-20,13064.3034943068,-1.60973049675871e-17,1.89835784020973e-24,-694393.169957129,3.53182407253624e-21,3.96256362563844e-21,1.36792783216463e-21,47424117126083633152,1.96717761921093e-21,4.82537674869006e+45,2.22512485378258e+39,4.82537674869006e+45,"No MPA"
"3905","Epinephelus","MT",2043,990.287676625693,872.847790711969,188.556809582248,557.160298356168,3469.9146305706,-2731466.08760579,0.319732025456065,-7475583.65236279,3270.36301621848,3270.36117241097,0,4.05617964821316e-21,13064.3016504993,-2.63218797633233e-18,3.10478069647851e-25,-694393.169957129,4.92439947908721e-22,2.47985312350327e-22,1.90729293582935e-22,287.976331487414,1.66086352554312e-22,-1.44241361243226e+47,-6.65139852412276e+40,-1.44241361243226e+47,"No MPA"
"3906","Epinephelus","MT",2044,868.617334418075,750.318380742913,169.070957648997,492.472848513697,3028.21378603074,-3033593.05586335,0.3551969693206,-7777710.62062035,3270.36255466155,3270.36100639048,0,6.6352373847632e-22,13064.3001022282,-4.30496624351289e-19,5.07890713574301e-26,-694393.169957129,4.15760905377733e-23,4.66171024172054e-23,1.61030363435899e-23,4.98839750479736e+20,2.31426947605092e-23,4.31169862517924e+48,1.98825258059093e+42,4.31169862517924e+48,"No MPA"
"3907","Epinephelus","MT",2045,758.047176059068,639.842831751631,150.619360202254,430.308947705446,2630.31985422011,-3370105.30164674,0.394707178162032,-8114222.86640374,3270.36216708571,3270.36086536057,0,1.08562458489848e-22,13064.2988005031,-7.0422119675458e-20,8.3098565502533e-27,-694393.169957129,5.79326812741183e-24,2.91739333319482e-24,2.24381864665984e-24,183.657321259523,1.95390313937705e-24,-1.28886367087343e+50,-5.94333403702928e+43,-1.28886367087343e+50,"No MPA"
"3908","Epinephelus","MT",2046,658.443121427429,541.423586336135,133.373618590195,371.860606261052,2274.81333145796,-3744999.23380022,0.438733557394164,-8489116.79855722,3270.36184122725,3270.3607453657,0,1.77657792292227e-23,13064.2977046416,-1.15221187731614e-20,1.35987240202771e-27,-694393.169957129,4.8911697183677e-25,5.48190032356594e-25,1.89442255678135e-25,5.24381466830709e+21,2.72145193353095e-25,3.85270332299324e+51,1.77659618403273e+45,3.85270332299324e+51,"No MPA"
"3909","Epinephelus","MT",2047,569.449828782901,454.769129509345,117.444361581732,317.95568575293,1959.62130801321,-4162742.74476956,0.487802614904425,-8906860.30952656,3270.36156690225,3270.36064311813,0,2.90782156324706e-24,13064.2967808574,-1.88554534483357e-21,2.22577719000644e-28,-694393.169957129,6.81256046884889e-26,3.43068501213991e-26,2.63860568427204e-26,117.077972743697,2.29767673618208e-26,-1.15165965419323e+53,-5.31064547517388e+46,-1.15165965419323e+53,"No MPA"
"3910","Epinephelus","MT",2048,490.548390452875,379.347351215693,102.890268637308,269.111575958956,1682.19896145438,-4628331.35847943,0.542503089604019,-9372448.92323643,3270.36133565307,3270.3605558763,0,4.76022750927294e-25,13064.2960010807,-3.08617471276062e-22,3.64369212853447e-29,-694393.169957129,5.75173182750234e-27,6.44458706717311e-27,2.22773102181659e-27,5.50998502944804e+22,3.19937551010011e-27,3.44256966577439e+54,1.58747134641291e+48,3.44256966577439e+54,"No MPA"
"3911","Epinephelus","MT",2049,421.101765728188,314.437436767663,89.7257220487037,225.588032774302,1439.67232176825,-5147351.11329421,0.603493375291124,-9891468.67805121,3270.36114045299,3270.36048134714,0,7.79402416178172e-26,13064.2953419748,-5.05219954616875e-23,5.96589681731528e-30,-694393.169957129,8.00893774994295e-28,4.0331540078787e-28,3.10198034477793e-28,74.6138324037306,2.70117618935153e-28,-1.02906148188478e+56,-4.74530880937693e+49,-1.02906148188478e+56,"No MPA"
"3912","Epinephelus","MT",2050,360.390518992158,259.178879770744,77.9274699186654,187.4271364341,1228.9610160314,-5726048.99358464,0.671509835649968,-10470166.5583416,3270.36097546024,3270.36041760736,0,1.27634339307403e-26,13064.2947841219,-8.27207681990639e-24,9.76970715682181e-31,-694393.169957129,6.76180457212652e-29,7.57491712410022e-29,2.61894717287763e-29,5.78804084174375e+23,3.76052428277374e-29,3.07609616161737e+57,1.41847950498334e+51,3.07609616161737e+57,"No MPA"
"3913","Epinephelus","MT",2051,307.643546167989,212.618588163114,67.4412940880291,154.485790786459,1046.8915613281,-6371411.81800606,0.747376117790616,-11115529.3827631,3270.36083581396,3270.36036303961,0,2.09046447076195e-27,13064.2943113476,-1.35462899526032e-24,1.60013572123173e-31,-694393.169957129,9.41365113060496e-30,4.74053760775937e-30,3.64604666579424e-30,47.5424688490866,3.17494144139769e-30,-9.19514311058099e+58,-4.24015419624919e+52,-9.19514311058099e+58,"No MPA"
"3914","Epinephelus","MT",2052,262.066435126116,173.756569366859,58.1891387943429,126.468777545089,890.302056818097,-7091254.60197654,0.832013584716051,-11835372.1667335,3270.36071746523,3270.36031628064,0,3.42440631841396e-28,13064.293910163,-2.21868497147609e-25,2.62119502434203e-32,-694393.169957129,7.94777239608007e-31,8.90238975502128e-31,3.07829009628456e-31,6.07899200183084e+24,4.41954312932081e-31,2.74863503550583e+60,1.2674774323356e+54,2.74863503550583e+60,"No MPA"
"3915","Epinephelus","MT",2053,222.867673056583,141.589159574707,50.0764895236361,102.965109305645,756.134923554211,-7894319.53607071,0.926453001654036,-12638437.1008277,3270.36061703743,3270.36027617887,0,5.61038750132407e-29,13064.2935693044,-3.63444546042737e-26,4.29444373155247e-33,-694393.169957129,1.10633608634489e-31,5.57129705067539e-32,4.28500370674604e-32,30.2893282742367,3.73133678109026e-32,-8.21628817252067e+61,-3.78877504714604e+55,-8.21628817252067e+61,"No MPA"
"3916","Epinephelus","MT",2054,189.281861856662,115.14770393238,42.9995092137123,83.4872385507959,641.513036292846,-8790386.86074789,1.03184762750171,-13534504.4255049,3270.36053171093,3270.36024175956,0,9.19312948484546e-30,13064.2932793531,-5.95450601000787e-27,7.03683627866929e-34,-694393.169957129,9.34058659556637e-33,1.04616284938197e-32,3.61774768799389e-33,6.38377361023419e+25,5.19362082390406e-33,2.45603328422537e+63,1.13255005506683e+57,2.45603328422537e+63,"No MPA"
"3917","Epinephelus","MT",2055,160.588776066662,93.5302516584041,36.8513927267524,67.5106161440949,543.795288467245,-9790399.07300959,1.14948788091453,-14534516.6377666,3270.36045912794,3270.36021219623,0,1.50658895772863e-30,13064.2930324214,-9.75699916764461e-28,1.15321121984873e-34,-694393.169957129,1.30010952900472e-33,6.54710045019144e-34,5.03551698233623e-34,19.2957319616643,4.38487427806011e-34,-7.34163574422472e+64,-3.38544677704756e+58,-7.34163574422472e+64,"No MPA"
"3918","Epinephelus","MT",2056,136.127272347289,75.9242573604608,31.5275117406372,54.5101185796109,460.609666641444,-10906600.0742603,1.2808177710679,-15650717.6390173,3270.36039731398,3270.36018678688,0,2.46936366945427e-31,13064.2928218943,-1.598997115597e-28,1.89016249467334e-35,-694393.169957129,1.09765749670349e-34,1.22932856153841e-34,4.25139024222861e-35,6.703279800825e+26,6.10293906101968e-35,2.19458000618579e+66,1.01198616599294e+60,2.19458000618579e+66,"No MPA"
"3919","Epinephelus","MT",2057,115.303568946737,61.6193156015117,26.9291203123185,43.9899054918981,389.864628116639,-12152691.0631149,1.42745330609829,-16896808.6278719,3270.36034461312,3270.3601649344,0,4.04792298020956e-32,13064.2926422155,-2.6208246373689e-29,3.09846314471984e-36,-694393.169957129,1.52773748742837e-35,7.6933888289343e-36,5.91715381732986e-36,12.2916075157067,5.15259288053536e-36,-6.56009310641574e+67,-3.02505420290262e+61,-6.56009310641574e+67,"No MPA"
"3920","Epinephelus","MT",2058,97.5940938359286,50.0103154145225,22.9656150317016,35.5043162093041,329.74214851763,-13544005.1947113,1.59120311799322,-18288122.7594683,3270.36029963448,3270.36014613017,0,6.63642869484892e-33,13064.2924887112,-4.29620658050491e-30,5.07982244342093e-37,-694393.169957129,1.28983907955574e-36,1.44451031186588e-36,4.99573800874761e-37,7.03838798645165e+27,7.17119917953843e-37,1.96095933816688e+69,9.04256721881183e+62,1.96095933816688e+69,"No MPA"
"3921","Epinephelus","MT",2059,82.5437443236386,40.5926604129041,19.5555350877542,28.6689413432439,278.677658351406,-15097703.2722102,1.77409157158339,-19841820.8369672,3270.36026120803,3270.36012994038,0,1.08815252968247e-33,13064.2923574436,-7.04348110346932e-31,8.32921132856614e-38,-694393.169957129,1.79515307409377e-37,9.04004010342205e-38,6.95289403609886e-38,7.82960745223816,6.05450311465295e-38,-5.86174839833161e+70,-2.70302667067161e+64,-5.86174839833161e+70,"No MPA"
"3922","Epinephelus","MT",2060,69.7608646121831,32.9520959443433,16.6266157491561,23.1630152892765,235.332490143446,-16832993.0098174,1.97838465767509,-21577110.5745744,3270.36022834804,3270.36011599465,0,1.78441748191889e-34,13064.2922450902,-1.15489553530518e-31,1.36587381348342e-38,-694393.169957129,1.51561260624183e-38,1.69731579815421e-38,5.87019235465191e-39,7.38997642499957e+28,8.42624036672188e-39,1.75220840211115e+72,8.07995451464511e+65,1.75220840211115e+72,"No MPA"
"3923","Epinephelus","MT",2061,58.9103485398294,26.7517462412688,14.1152376394776,18.7246887852403,198.564436699122,-18771374.7138386,2.20661900666996,-23515492.2785956,3270.36020022282,3270.36010397637,0,2.92652852899992e-35,13064.2921488437,-1.89386666609582e-32,2.24009726247453e-39,-694393.169957129,2.10932522144049e-39,1.06221483899732e-39,8.16972934731496e-40,4.98724319602613,7.1141090192196e-40,-5.23774491123292e+73,-2.41528008832087e+67,-5.23774491123292e+73,"No MPA"
"3924","Epinephelus","MT",2062,49.7062694846345,21.7191913467465,11.9656151932703,15.1451099519198,167.397863802585,-20936916.5719186,2.46163439972873,-25681034.1366756,3270.36017612962,3270.36009361466,0,4.80017371925975e-36,13064.2920663288,-3.10603036121129e-33,3.67427003707265e-40,-694393.169957129,1.78086179947832e-40,1.99433242193582e-40,6.89754181044415e-41,7.75893714003512e+29,9.90076549262615e-41,1.5656797286266e+75,7.21981527800158e+68,1.5656797286266e+75,"No MPA"
"3925","Epinephelus","MT",2063,41.9043987314381,17.6327837625484,10.1288131770959,12.2483769743054,141.006685036486,-23356563.130614,2.74661020017539,-28100680.695371,3270.36015547381,3270.36008467757,0,7.87421734709276e-37,13064.2919955325,-5.09459766847136e-34,6.02728208141202e-41,-694393.169957129,2.4784403786583e-41,1.24809389907135e-41,9.59936708255321e-42,3.17668345214286,8.35902095123765e-42,-4.68016876380342e+76,-2.15816512960629e+70,-4.68016876380342e+76,"No MPA"
"3926","Epinephelus","MT",2064,35.2979435898629,14.3209851430416,8.56242299160229,9.95061227711243,118.68048769169,-26060480.9534377,3.06510617901774,-30804598.5181947,3270.36013775151,3270.36007696627,0,1.29182145204884e-37,13064.2919347473,-8.35719120522546e-35,9.88818569406564e-42,-694393.169957129,2.09249830904771e-42,2.34329899067364e-42,8.10455622057154e-43,8.14618562125774e+30,1.16331935193101e-42,1.39900768063819e+78,6.451240852159e+71,1.39900768063819e+78,"No MPA"
"3927","Epinephelus","MT",2065,29.709067755722,11.5908071832757,7.22906018206643,8.12467839930281,99.8100508363324,-29082446.0098339,3.42110826581168,-33826563.5745909,3270.36012253526,3270.36007031024,0,2.1195354543641e-38,13064.2918825223,-1.37105676161314e-35,1.622388312398e-42,-694393.169957129,2.91211589371323e-43,1.46648429408823e-43,1.12790566565188e-43,2.02340379181985,9.82167525646833e-44,-4.18194853489442e+79,-1.9284209517442e+73,-4.18194853489442e+79,"No MPA"
"3928","Epinephelus","MT_20",2015,4969.25791631119,4969.25791631119,444.664167921179,583.569187541606,19712.0697003796,-298213.533691877,0.0293975079699062,-6123649.71359543,4046.81444345977,4046.81444345977,0,68.434864573364,16097.6029154266,-36184.0097046814,0.00423324908086191,-880413.995373585,5927.80111004904,5927.80111004904,1963.13289705364,3539.77864922799,22103.4754978256,-2527554.85078767,-0.248793210586567,-42724783.7903601,"No MPA"
"3929","Epinephelus","MT_20",2016,4934.48607875156,4934.27768784585,446.977722892795,704.541102724618,19454.297929642,-342377.910477048,0.0358554985054893,-6167814.0903806,4029.68326993658,4029.68136048037,0,13.4443931186432,16084.1566128518,-7136.11770283236,0.000835182504785816,-851366.103371735,5533.12228466535,5532.46544229424,1848.51292616483,410627.884393594,1885.44015177659,19999482.3168666,16.2858872840431,-20197746.6227058,"No MPA"
"3930","Epinephelus","MT_20",2017,4869.95854645621,4866.6307797538,450.856944874295,876.619804677451,19025.2073031365,-417594.021219309,0.0455821293825513,-6243030.20112286,4026.31728179455,4026.28977588702,0,2.65123213137637,16081.4778748129,-1407.89465107811,0.000164835909170134,-845637.880319981,471.978758328035,479.547499066206,176.460840692004,8009.10856788291,321.083600560531,-1309294610.0192,-565.902415503962,-1349491838.95877,"No MPA"
"3931","Epinephelus","MT_20",2018,4762.54508073709,4751.69290233567,456.338450556736,1103.19266737805,18367.5009079137,-530882.896194877,0.0594826200386728,-6356319.07609843,4025.64671823818,4025.59340115031,0,0.523366542558796,16080.9011911824,-277.86939547489,3.25448787457197e-05,-844507.855064378,80.3762659712418,170.15501674516,30.9940795594368,10639346.5476727,84.2804092919763,45495337087.9825,21946.2013668733,45455139859.043,"No MPA"
"3932","Epinephelus","MT_20",2019,4597.90265097387,4574.41678406444,462.720070028259,1383.25364066142,17423.4814703711,-692791.508645546,0.0788505782183915,-6518227.6885491,4025.50235808781,4025.43119822437,0,0.103366336306228,16080.7266649827,-54.8619918747001,6.4279325607951e-06,-844284.847660778,21.0977595292661,10.64864793653,8.16027501811735,60853.4566494077,7.13116132649025,-1764352941094.1,-830391.519304491,-1764393138323.04,"No MPA"
"3933","Epinephelus","MT_20",2020,4361.58800500166,4320.19947636488,467.989841480519,1705.26287468929,16144.8199085256,-918393.556460376,0.105490496313553,-6743829.73636393,4025.45866926588,4025.37811830235,0,0.0204229512169941,16080.625691068,-10.8357813438386,1.27003342762733e-06,-844240.821450247,1.78513047212998,2.62733107264509,0.691339747632758,340336062.435857,1.30282097482611,66758872721464.9,31594800.7333083,66758832524236,"No MPA"
"3934","Epinephelus","MT_20",2021,4041.50301279812,3977.20222847143,468.239961708239,2038.66754365386,14510.0915422533,-1228718.06281425,0.14188872251414,-7054154.2427178,4025.43339265189,4025.35015443408,0,0.00403656918359335,16080.538416281,-2.14093793303589,2.51021821877575e-07,-844232.126606836,0.326132773529162,0.16442373631102,0.126313377945036,72974.8299445207,0.11011622590308,-2540046850553547,-1200572438.52274,-2540046890750776,"No MPA"
"3935","Epinephelus","MT_20",2022,3632.28447367355,3540.69873110348,457.564367311251,2325.01324343741,12551.0569235571,-1652742.80889254,0.191449356731966,-7478178.9887961,4025.41154531531,4025.33030902686,0,0.000798098326163489,16080.4563818942,-0.423155905224058,4.96315147971802e-08,-844230.408824808,0.0275651918861136,0.0357916811795197,0.0106763913223198,7590837670.26741,0.0177568232038453,96519369285870560,45634465474.8111,96519369245673328,"No MPA"
"3936","Epinephelus","MT_20",2023,3141.88294807613,3019.66145558015,429.378692595462,2475.66948388187,10382.5446397747,-2230143.113608,0.258817791634207,-8055579.29351155,4025.39100979846,4025.31474907058,0,0.000157851037275782,16080.3799633153,-0.0836655099144861,9.81636060836859e-09,-844230.069334413,0.00444503282679342,0.00223991639640019,0.0017216266248592,80997.0372143171,0.00150012596690892,-3668758074612502528,-1734467814240.77,-3668758074652699648,"No MPA"
"3937","Epinephelus","MT_20",2024,2599.04326464502,2444.28250378792,380.113513889611,2391.22281290283,8216.67457990436,-3015058.21679936,0.350323109705999,-8840494.39670292,4025.37188007644,4025.3022595541,0,3.12307684709599e-05,16080.3103115622,-0.0165477685866616,1.94217136892909e-09,-844230.002216672,0.000375523768564154,0.000459095447223278,0.000145445920705607,149391045895.186,0.000227823426603326,1.39441598195367e+20,65924523459666.3,1.39441598195327e+20,"No MPA"
"3938","Epinephelus","MT_20",2025,2056.86500425621,1869.67051942488,314.494363110039,2020.73414438337,6323.2403137997,-4081235.92318921,0.474582089859085,-9906672.10309276,4025.35444428145,4025.29219313158,0,6.18100696540059e-06,16080.2480542313,-0.00327398349077856,3.84384417897785e-10,-844229.988942886,5.70306185030353e-05,2.87311292976235e-05,2.20888040976919e-05,86014.4646118807,1.92421410005728e-05,-5.2999662698171e+21,-2505682058753866,-5.29996626981715e+21,"No MPA"
"3939","Epinephelus","MT_20",2026,1582.88509402158,1366.35176952411,247.421282777655,1450.3545020497,4903.77377003018,-5529055.3016943,0.643323299180906,-11354491.4815979,4025.33885951855,4025.28407482254,0,1.22369793556151e-06,16080.1932683116,-0.000647969723764654,7.60995810721181e-11,-844229.986316873,4.81684969340751e-06,5.6962276970087e-06,1.86563730862118e-06,2768285579417.49,2.82714187162165e-06,2.01442948653317e+23,95236923275759456,2.01442948653317e+23,"No MPA"
"3940","Epinephelus","MT_20",2027,1227.5526501966,989.409954426848,195.590125026207,918.490210862855,3942.73098842378,-7495125.4394697,0.87251117612332,-13320561.6193733,4025.32514506024,4025.27752281586,0,2.42339784328689e-07,16080.1456458249,-0.000128283620449609,1.5070722806993e-11,-844229.985797187,7.07713214300578e-07,3.56481545311135e-07,2.74107821653913e-07,88803.387039459,2.38748417857095e-07,-7.65652073786322e+24,-3619800593985501184,-7.65652073786322e+24,"No MPA"
"3941","Epinephelus","MT_20",2028,986.976581878913,740.529473405297,163.027349906253,603.240065160148,3256.07116469627,-10165416.4739073,1.18387924803256,-15990852.6538108,4025.31322381091,4025.27222689539,0,4.80073504434648e-08,16080.1046488613,-2.54052238615477e-05,2.9855081595251e-12,-844229.985694308,5.97654514288325e-08,6.92942611654053e-08,2.31480455232313e-08,49620135022309.3,3.43951394119658e-08,2.9101190338258e+26,1.37582742442526e+20,2.9101190338258e+26,"No MPA"
"3942","Epinephelus","MT_20",2029,815.086293719261,574.591655923765,141.09362826387,419.070435339573,2737.59971982507,-13793156.4853625,1.60702161422839,-19618592.665266,4025.30296111659,4025.26793656092,0,9.51306154324644e-09,16080.0696242961,-5.03277144637323e-06,5.91604999403526e-13,-844229.985673936,8.61007185875547e-09,4.33657617205315e-09,3.33480849856278e-09,90028.010608971,2.90437110021827e-09,-1.10608898781112e+28,-5.22929655039421e+21,-1.10608898781112e+28,"No MPA"
"3943","Epinephelus","MT_20",2030,685.298292467526,456.478551218578,124.605778894129,378.451515959924,2276.92654197725,-18723141.078311,2.18224665365644,-24548577.2582145,4025.29419348174,4025.26445098341,0,1.88564281407056e-09,16080.0398817959,-9.97288434353541e-07,1.17265921856996e-13,-844229.9856699,7.27045864761703e-10,8.32710568224646e-10,2.81595643849129e-10,872025094811348,4.13350792036324e-10,4.20406456922162e+29,1.98757068047085e+23,4.20406456922162e+29,"No MPA"
"3944","Epinephelus","MT_20",2031,569.978824877548,356.64882000285,107.813148241964,163.788392973309,2007.75530811899,-25425049.4196392,2.96447180448498,-31250485.5995427,4025.28674809647,4025.26160999809,0,3.73871288089104e-10,16080.0147436972,-1.97679106924967e-07,2.32506576837581e-14,-844229.985669101,1.03473341964943e-10,5.21127254645246e-11,4.00767596159707e-11,90199.1342291882,3.49019723064436e-11,-1.5978966570487e+31,-7.55443331370003e+24,-1.5978966570487e+31,"No MPA"
"3945","Epinephelus","MT_20",2032,502.597685988393,307.45903271222,99.8675821406886,850.890304851113,1649.44284918999,-34538543.976583,4.02854041654496,-40363980.1564866,4025.28045532254,4025.25928626803,0,7.41490115323035e-11,16079.9935746426,-3.91944154305138e-08,4.61125478851063e-15,-844229.985668942,8.73694640313707e-12,9.92915053815316e-12,3.38394889086289e-12,15138609337025438,4.92893146687414e-12,6.07334564575031e+32,2.87131739578864e+26,6.07334564575031e+32,"No MPA"
"3946","Epinephelus","MT_20",2033,412.90198851456,232.222179855837,84.1799326485812,194.008747652759,1465.56421624421,-46935976.7931482,5.47648150312199,-52761412.9730517,4025.27515611212,4025.25737868868,0,1.4709780851258e-11,16079.9757972191,-7.77334725980343e-09,9.14788055073876e-16,-844229.985668911,1.23385033008191e-12,6.2138648869786e-13,4.77888528018476e-13,89679.8895379323,4.1616798299725e-13,-2.30838003052528e+34,-1.09134110324752e+28,-2.30838003052528e+34,"No MPA"
"3947","Epinephelus","MT_20",2034,366.871989217562,198.991987098123,77.574246534642,1344.2972352094,1213.2232703039,-63805567.8188352,7.44742525639445,-69631003.9987388,4025.27070592247,4025.25580697338,0,2.91891639403501e-12,16079.96089827,-1.54208898861937e-09,1.81524974660408e-16,-844229.985668904,1.04178564186109e-13,1.17800173887227e-13,4.03499026390607e-14,260773604323174752,5.84786066304802e-14,8.77377754518866e+35,4.14801026663722e+29,8.77377754518866e+35,"No MPA"
"3948","Epinephelus","MT_20",2035,303.703945284688,161.490518755705,65.5245647025724,468.679303863756,1056.77111591313,-86768920.8627688,10.131149260754,-92594357.0426723,4025.266976296,4025.25450728552,0,5.79360357653989e-13,16079.9484292596,-3.06002754871814e-10,3.60299683415575e-17,-844229.985668903,1.46388418217361e-14,7.37217510586728e-15,5.66984049809376e-15,88717.6062770457,4.93745263592312e-15,-3.33477033223952e+37,-1.57659132611083e+31,-3.33477033223952e+37,"No MPA"
"3949","Epinephelus","MT_20",2036,264.539565817367,132.290374539091,58.4139993685478,1775.18280016102,871.68393891425,-118036436.939538,13.7865884743952,-123861873.119441,4025.26385495159,4025.25342875752,0,1.15022985298245e-13,16079.9380030655,-6.07369294726437e-11,7.15319486249871e-18,-844229.985668903,1.23598341862543e-15,1.3930055687383e-15,4.78714704840204e-16,4469477370892534784,6.91529576671975e-16,1.26749203652354e+39,5.99236754441442e+32,1.26749203652354e+39,"No MPA"
"3950","Epinephelus","MT_20",2037,218.207033914905,107.130681130075,48.8842526192425,546.366953839037,756.49321982507,-160625688.135765,18.7671367974321,-166451124.315668,4025.26124498164,4025.25253073945,0,2.28415901033067e-14,16079.9292888233,-1.20583811836694e-11,1.42050255754419e-18,-844229.985668903,1.73109324439286e-16,8.71771291782489e-17,6.70478081705997e-17,87477.0331130066,5.83861922017015e-17,-4.81753135176989e+40,-2.2776015694521e+34,-4.81753135176989e+40,"No MPA"
"3951","Epinephelus","MT_20",2038,189.371553501806,87.8714812206967,43.1417331814852,2215.23910354047,624.285177063993,-218653152.511418,25.5552356429195,-224478588.691322,4025.25906356146,4025.25178063618,0,4.53702321305907e-15,16079.922005898,-2.3945889430861e-12,2.82154453900443e-19,-844229.985668903,1.46157078880997e-17,1.64369466915263e-17,5.66088038257308e-18,76352403860036861952,8.15987589539008e-18,1.83106541552234e+42,8.65679361408025e+35,1.83106541552234e+42,"No MPA"
"3952","Epinephelus","MT_20",2039,156.276157816848,71.2464341080774,35.987248610462,635.493678962368,540.022007379785,-297740676.95014,34.8096751955053,-303566113.130043,4025.2572404402,4025.25115221262,0,9.01396360579361e-16,16079.9159176704,-4.75637254178211e-13,5.60572638314804e-20,-844229.985668903,2.04264669424172e-18,1.02865764299926e-18,7.91147352457392e-19,86066.6388386904,6.889356162495e-19,-6.95958222397528e+43,-3.29030664019114e+37,-6.95958222397528e+43,"No MPA"
"3953","Epinephelus","MT_20",2040,135.182713846822,58.4961934107831,31.5109779310084,2772.74485235315,445.71053242892,-405562626.390683,47.4302891718802,-411388062.570587,4025.25571638541,4025.25062426781,0,1.79125711869332e-16,16079.9108255528,-9.44976153753984e-14,1.11397176120711e-20,-844229.985668903,1.72459983107397e-19,1.93673060948001e-19,6.67963086445126e-20,1.30151720454079e+21,9.61467485787284e-20,2.64522415866039e+45,1.25059210940148e+39,2.64522415866039e+45,"No MPA"
"3954","Epinephelus","MT_20",2041,111.57389613842,47.4682063864944,26.2165230359612,740.810129126843,384.366849696246,-552604111.665129,64.6464650280239,-558429547.845033,4025.25444168499,4025.25017959773,0,3.56036584201569e-17,16079.9065634656,-1.87785967216875e-14,2.21417024265043e-21,-844229.985668903,2.40682383732554e-20,1.21204551019155e-20,9.32198559887671e-21,84557.3721974962,8.11758478401319e-21,-1.00540673626294e+47,-4.75329747383787e+40,-1.00540673626294e+47,"No MPA"
"3955","Epinephelus","MT_20",2042,96.2178450963574,38.9988317107382,22.8088998538138,3478.73640514842,317.209555132447,-753187136.406899,88.1382558241949,-759012572.586803,4025.25337476454,4025.2498041832,0,7.07820550730492e-18,16079.9029928842,-3.73250126484093e-15,4.40189483014432e-22,-844229.985668903,2.03206003827326e-21,2.27984978176413e-21,7.87046983624919e-22,2.2154236710312e+22,1.13181017681064e-21,3.82138769606134e+48,1.80665116187296e+42,3.82138769606134e+48,"No MPA"
"3956","Epinephelus","MT_20",2043,79.4064833190955,31.6639754682853,18.9353956060979,864.87687132689,272.761886653109,-1026887406.65379,120.202143890509,-1032712842.8337,4025.2524809475,4025.24948655275,0,1.40747560551491e-18,16079.8999984895,-7.42042220169677e-16,8.75301078790153e-23,-844229.985668903,2.83323955634852e-22,1.42677648526467e-22,1.09735569063488e-22,82995.436120003,9.55573138320696e-23,-1.45244739237453e+50,-6.86678761146741e+43,-1.45244739237453e+50,"No MPA"
"3957","Epinephelus","MT_20",2044,68.2799803857156,26.0256980941362,16.3867629163224,4371.91405705689,225.045577582932,-1400459104.62376,163.977957545213,-1406284540.80367,4025.25173136618,4025.24921728156,0,2.79927211501944e-19,16079.8974844049,-1.47552447542285e-16,1.74085173007769e-23,-844229.985668903,2.39206862594526e-23,2.68207108424324e-23,9.26483647734057e-24,3.76749385728842e+23,1.33149322100689e-23,5.52051661701303e+51,2.60995443371143e+45,5.52051661701303e+51,"No MPA"
"3958","Epinephelus","MT_20",2045,56.3352446773358,21.1385308883742,13.5791825511395,1010.72437989173,192.988718112304,-1910486052.44644,223.759570289553,-1916311488.62634,4025.25110202001,4025.24898859602,0,5.56843693343734e-20,16079.8953709809,-2.93461232789994e-17,3.46298042476152e-24,-844229.985668903,3.33310244072648e-24,1.678494778654e-24,1.29095999757752e-24,81410.7988651273,1.12415977228144e-24,-2.09825869623361e+53,-9.92001286696888e+46,-2.09825869623361e+53,"No MPA"
"3959","Epinephelus","MT_20",2046,48.3105101268457,17.3794695874145,11.698956386159,5501.34998881458,159.168561229293,-2606993259.1919,305.420390931853,-2612818695.3718,4025.25057297048,4025.24879406058,0,1.10790596226101e-20,16079.893592071,-5.83766260635427e-18,6.89000736754493e-25,-844229.985668903,2.81408843968753e-25,3.15393568544281e-25,1.08993817918483e-25,6.40287919288844e+24,1.56574986369323e-25,7.97514048368563e+54,3.77043575971138e+48,7.97514048368563e+54,"No MPA"
"3960","Epinephelus","MT_20",2047,39.8443725848707,14.1193461314574,9.6796855019408,1181.94522456519,136.151270119832,-3558413734.7435,416.996172163168,-3564239170.9234,4025.25012765924,4025.24862832872,0,2.20470969120054e-21,16079.8920927405,-1.1614717220588e-18,1.37109720229319e-25,-844229.985668903,3.91951277701327e-26,1.97379726858358e-26,1.51808541594517e-26,79822.8060870889,1.32193659778321e-26,-3.03122135743743e+56,-1.43308138898152e+50,-3.03122135743743e+56,"No MPA"
"3961","Epinephelus","MT_20",2048,34.0824965223067,11.61071824594,8.30762623490613,6929.22454623174,112.242184534382,-4858367975.41901,569.483440686197,-4864193411.59891,4025.2497523346,4025.24848694402,0,4.38809883754901e-22,16079.8908273499,-2.31130468218865e-19,2.72893551986577e-26,-844229.985668903,3.30917952193922e-27,3.70778540247863e-27,1.28169429640906e-27,1.08771854351927e+26,1.84070724465052e-27,1.15211800175569e+58,5.44690958374109e+51,1.15211800175569e+58,"No MPA"
"3962","Epinephelus","MT_20",2049,28.0973791921458,9.43425726017082,6.86475037845786,1382.77800430362,95.7857067576793,-6634978539.01453,777.933523381609,-6640803975.19443,4025.24943557171,4025.2483661806,0,8.73525287674116e-23,16079.8897579588,-4.60025841690389e-20,5.43240810396296e-27,-844229.985668903,4.60780852129913e-28,2.32040771588495e-28,1.78467256355838e-28,78243.8628680964,1.55407655298567e-28,-4.37901338585079e+59,-2.07028185848788e+53,-4.37901338585079e+59,"No MPA"
"3963","Epinephelus","MT_20",2050,23.9778594395923,7.75902443501443,5.87236030621218,8734.29788735836,78.9274525425284,-9063602624.38951,1062.95185407784,-9069428060.56941,4025.249167873,4025.24826291457,0,1.73918715144224e-23,16079.8888530004,-9.15759310728551e-21,1.08159146910549e-27,-844229.985668903,3.89029119345817e-29,4.35808717124255e-29,1.50676746334504e-29,1.84729794450344e+27,2.16354748603067e-29,1.66439185953512e+61,7.86880506769904e+54,1.66439185953512e+61,"No MPA"
"3964","Epinephelus","MT_20",2051,19.7577637316761,6.30525974825533,4.84703155867154,1618.20936249634,67.2089761901112,-12384315904.7792,1452.75304596394,-12390141340.9591,4025.24894133643,4025.24817451987,0,3.4632722089718e-24,16079.8880861838,-1.82327512839834e-21,2.15379114342579e-28,-844229.985668903,5.41596854760041e-30,2.72737982405623e-30,2.09768492490925e-30,76681.8436679382,1.82664329497696e-30,-6.32608311049625e+62,-2.99080499302982e+56,-6.32608311049625e+62,"No MPA"
"3965","Epinephelus","MT_20",2052,16.8242991435274,5.18607436916351,4.1344950404687,11016.3149811684,55.3529997259852,-16925838251.8405,1985.97818780147,-16931663688.0204,4025.24874938065,4025.24809878369,0,6.89753926445693e-25,16079.8874355868,-3.63071819262664e-22,4.28954433267043e-29,-844229.985668903,4.5726024952799e-31,5.12181223814902e-31,1.7710367476563e-31,3.13672838870605e+28,2.54269594516412e-31,2.40444143556937e+64,1.1367563981284e+58,2.40444143556937e+64,"No MPA"
"3966","Epinephelus","MT_20",2053,13.8564144058274,4.21469648758218,3.40932150173577,1894.09607129982,47.0398217296693,-23138377684.003,2715.55768278051,-23144203120.1829,4025.24858651791,4025.24803383733,0,1.37393694891741e-25,16079.8868829063,-7.23102919948771e-23,8.54444383972997e-30,-844229.985668903,6.36508389764307e-32,3.20533454518972e-32,2.46529137319015e-32,75141.6678394078,2.14675013392291e-32,-9.13889134255993e+65,-4.32062642565269e+59,-9.13889134255993e+65,"No MPA"
"3967","Epinephelus","MT_20",2054,11.7753918791967,3.46677820725196,2.90085486738473,13901.5909177662,38.7227581502909,-31638613186.7004,3714.00844211839,-31644438622.8803,4025.2484481664,4025.24797809952,0,2.73717377799987e-26,16079.8864128394,-1.44036564516395e-23,1.70223447573436e-30,-844229.985668903,5.37392004564425e-33,6.01888009040032e-33,2.08139891661854e-33,5.32553559734322e+29,2.98804160543171e-33,3.4735441560605e+67,1.64219992434471e+61,3.4735441560605e+67,"No MPA"
"3968","Epinephelus","MT_20",2055,9.69339668171905,2.81757166613736,2.39006052411898,2217.30967244088,32.8460030135742,-43271437232.0658,5080.69911261282,-43277262668.2457,4025.24833049542,4025.24793022974,0,5.4537950863593e-27,16079.8860125737,-2.86951392620252e-24,3.39168757296527e-31,-844229.985668903,7.47990948127041e-34,3.76673790058477e-34,2.89707985204207e-34,73626.329035125,2.52274610160344e-34,-1.32023771285175e+69,-6.24173516947923e+62,-1.32023771285175e+69,"No MPA"
"3969","Epinephelus","MT_20",2056,8.22227939920448,2.31766401048919,2.02910564139625,17550.0906274349,27.0255536967137,-59194573064.0454,6951.81592050601,-59200398500.2253,4025.24823029765,4025.2478890897,0,1.08681124846022e-27,16079.8856713657,-5.71748185286936e-25,6.75882433794062e-32,-844229.985668903,6.31514382193324e-35,7.07267879821607e-35,2.44594884137066e-35,9.04094778699633e+30,3.5111954006565e-35,5.01800909999912e+70,2.37238215325457e+64,5.01800909999912e+70,"No MPA"
"3970","Epinephelus","MT_20",2057,6.76525704880287,1.88370908008488,1.67059206083636,2595.90698161583,22.8846560328113,-80994718216.6716,9514.03488647331,-81000543652.8515,4025.24814488369,4025.2478537113,0,2.16603931240257e-28,16079.8853801933,-1.13935775831016e-25,1.34704895170814e-32,-844229.985668903,8.78951073513217e-36,4.42622662152601e-36,3.40430783605339e-36,72137.5675934786,2.96443404713831e-36,-1.90726375125912e+72,-9.01703921787883e+65,-1.90726375125912e+72,"No MPA"
"3971","Epinephelus","MT_20",2058,5.72867376827258,1.54952857893592,1.41549793712611,22164.4017671094,18.8206883416206,-110846800714.335,13023.2813354151,-110852626150.515,4025.24807199504,4025.24782327009,0,4.31751184292256e-29,16079.8851314684,-2.27076573862322e-26,2.68503894327096e-33,-844229.985668903,7.42081311568185e-37,8.31067540955441e-37,2.87419095338571e-37,1.53476127606388e+32,4.1257932449696e-37,7.24919972119549e+73,3.4272301427164e+67,7.24919972119549e+73,"No MPA"
"3972","Epinephelus","MT_20",2059,4.71134822602927,1.2594263465446,1.16465011639616,3039.33054842734,15.9116752257624,-151732585587.981,17830.4729558658,-151738411024.161,4025.24800973219,4025.24779706304,0,8.60704112026781e-30,16079.8849187992,-4.52626048345812e-27,5.35267575166755e-34,-844229.985668903,1.03280221917629e-37,5.20099014674744e-38,4.00019613581176e-38,70676.3096418758,3.48332647718301e-38,-2.75530306508936e+75,-1.30263450865937e+69,-2.75530306508936e+75,"No MPA"
"3973","Epinephelus","MT_20",2060,3.98314033404767,1.03601278856997,0.985067481717239,28001.1065808724,13.0802287366011,-207740556643.016,24416.8505662173,-207746382079.196,4025.24795649511,4025.24777448993,0,1.71603267080203e-30,16079.8847367941,-9.0231856028642e-28,1.06719213472189e-34,-844229.985668903,8.71974697262525e-39,9.76513236537618e-39,3.37728729639746e-39,2.6052646295667e+33,4.84785169555314e-39,1.04724594058209e+77,4.95110218015684e+70,1.04724594058209e+77,"No MPA"
"3974","Epinephelus","MT_20",2061,3.27434955277178,0.842063900575597,0.81003537601046,3558.64398657089,11.0422797690047,-284477604191.65,33442.4732741505,-284483429627.829,4025.24791093409,4025.2477550378,0,3.42173843368214e-31,16079.8845808978,-1.79900168671488e-28,2.12796204100955e-35,-844229.985668903,1.21355378035714e-39,6.11121896971417e-40,4.70027373358673e-40,69242.953807729,4.09294583342969e-40,-3.98041171572574e+78,-1.88183351779788e+72,-3.98041171572574e+78,"No MPA"
"3975","Epinephelus","MT_20",2062,2.76419354365334,0.692694154984066,0.68403971050796,35385.1941021546,9.07353741915906,-389633975506.241,45812.7909206768,-389639800942.421,4025.24787190886,4025.24773826782,0,6.82363746087139e-32,16079.8844472567,-3.58717720694107e-29,4.24358609515026e-36,-844229.985668903,1.02457958718328e-40,1.14739486510035e-40,3.96834866287463e-41,4.42234154798939e+34,5.69618553961591e-41,1.51288983921774e+80,7.15254353444868e+73,1.51288983921774e+80,"No MPA"
"3976","Epinephelus","MT_20",2063,2.27136189960862,0.563023014463041,0.562208309431771,4166.80800283312,7.64946277140284,-533758970159.08,62770.0426995061,-533764795595.26,4025.24783845474,4025.24772380425,0,1.36091597412995e-32,16079.8843326062,-7.15355585440656e-30,8.46346861975957e-37,-844229.985668903,1.4259156280621e-41,7.18063104829584e-42,5.52278265815191e-42,67837.5583911967,4.80917705183096e-42,-5.75024853978191e+81,-2.71856561849582e+75,-5.75024853978191e+81,"No MPA"
"3977","Epinephelus","MT_20",2064,1.91487591760538,0.463153676432081,0.47407344922002,44728.325843175,6.28315396498334,-731325736485.506,86018.7538409097,-731331561921.685,4025.2478097545,4025.24771132507,0,2.71450913642458e-33,16079.8842341768,-1.42671538026187e-30,1.68813971575513e-37,-844229.985668903,1.20387242807154e-42,1.34816476373116e-42,4.66277642066152e-43,7.50664142790047e+35,6.69289820451602e-43,2.18557606853655e+83,1.03328263385917e+77,2.18557606853655e+83,"No MPA"
"3978","Epinephelus","MT_20",2065,1.57285035220152,0.376454988581357,0.389458833996608,4879.00399727054,5.29037595080616,-1002193504575.4,117898.069493426,-1002199330011.58,4025.24778511484,4025.24770055412,0,5.41494911918325e-34,16079.8841496161,-2.84575391571656e-31,3.36752991544118e-38,-844229.985668903,1.6754208725251e-43,8.43709001592904e-44,6.48915346587702e-44,66459.9635265972,5.65068160521333e-44,-8.30701963282592e+84,-3.92733945493542e+78,-8.30701963282592e+84,"No MPA"
"3979","Epinephelus","MT_40",2015,5850.18462954075,5850.18462954075,522.852493882307,803.281867459515,23089.6329464228,-347675.62537919,0.0343722603928219,-7201085.47009064,4769.77207136751,4769.77207136751,0,95.4364698555474,18958.6409001445,-42813.9003623354,0.00500871640239106,-1051848.79251182,6985.89549616836,6985.89549616836,2309.68575070809,4804.84686269078,25411.7894280173,-2897168.58238262,-0.266565217703464,-49445832.0033369,"No MPA"
"3980","Epinephelus","MT_40",2016,5779.9852612845,5779.70464008621,527.50281489117,1135.41196136957,22481.4431787461,-470958.151472536,0.0493519951598613,-7324367.99618398,4745.88163575798,4745.87898148199,0,22.3910049790348,18936.2472408894,-10091.7139851383,0.00118104932553488,-1019126.60613462,6361.28641358766,6360.29063636332,2128.22754238474,594509.688896111,0,24813788.7082988,20.0925696299326,-21734874.7126554,"No MPA"
"3981","Epinephelus","MT_40",2017,5627.73823763573,5623.1606921707,536.226885907464,1633.89879947789,21379.1937197106,-676214.902406671,0.073777871702039,-7529624.74711812,4740.27587230818,4740.23743764969,0,5.27549450898406,18930.9333117219,-2379.61859386639,0.000278594311458246,-1011414.51074335,0,0,0,0,0,-1870564502.63868,-770.404936906748,-1917113166.05964,"No MPA"
"3982","Epinephelus","MT_40",2018,5351.81416200114,5335.60469640412,547.562911255697,2327.47452910441,19583.0726362649,-1010920.78170016,0.113178022555532,-7864330.62641161,4738.94564621326,4738.86859801524,0,1.24452931767478,18929.6117342063,-561.321605850278,6.57410436850934e-05,-1009596.21375533,0,0,0,0,0,71722639472.0818,33346.0190304841,71676090808.6608,"No MPA"
"3983","Epinephelus","MT_40",2019,4902.19448143333,4864.05312186745,554.321860181465,3177.04194278208,16922.2111940984,-1550854.41426651,0.176372207897197,-8404264.25897796,4738.61481814942,4738.50955355834,0,0.293762793852938,18929.2127068213,-132.457379239302,1.55188140297107e-05,-1009167.34952872,0,0,0,0,0,-3104425200538.51,-1403017.59502678,-3104471749201.93,"No MPA"
"3984","Epinephelus","MT_40",2020,4236.10594058343,4163.51984378249,538.869676313274,3967.9649058484,13420.5298677624,-2416936.63591906,0.277431614594434,-9270346.48063051,4738.51493035956,4738.39385944768,0,0.0693689030857369,18929.0222670063,-31.2678562518203,3.66467460094747e-06,-1009066.16000573,0,0,0,0,0,130617186261974,59424000.4823888,130617139713310,"No MPA"
"3985","Epinephelus","MT_40",2021,3359.53650776041,3239.66759678586,474.864312717786,4190.59533810469,9584.92993140091,-3802109.78428465,0.438809212050899,-10655519.6289961,4738.46725791166,4738.34075725536,0,0.0163866435288835,18928.8793797065,-7.38371631688372,8.65694324563549e-07,-1009042.2758658,0,0,0,0,0,-5532215538103531,-2512839620.84313,-5532215584652195,"No MPA"
"3986","Epinephelus","MT_40",2022,2399.37784470173,2222.89653451791,354.272402358743,3207.81121829638,6554.90980527946,-6014221.73523531,0.696341646728219,-12867631.5799468,4738.43148919724,4738.30705294783,0,0.00387227152178704,18928.7510711856,-1.74423163742417,2.04570608173334e-07,-1009036.63638112,0,0,0,0,0,233938649070092576,106301154138.828,233938649023543936,"No MPA"
"3987","Epinephelus","MT_40",2023,1640.87849085684,1408.04969330218,235.489941473253,1358.43882732628,5199.68215252881,-9544432.5246338,1.1072446325195,-16397842.3693453,4738.39936996166,4738.28187497027,0,0.000915353027770834,18928.6326608412,-0.412176122924964,4.83580319159529e-08,-1009035.3043256,0,0,0,0,0,-9896353188463761408,-4496443241188.16,-9896353188510310400,"No MPA"
"3988","Epinephelus","MT_40",2024,1301.62685022833,1030.34939428287,196.538160453331,915.576791097737,4301.37222351034,-15176670.700918,1.76289777369795,-22030080.5456294,4738.36972851838,4738.26199224422,0,0.000216448959376262,18928.5247081181,-0.0974334801285437,1.143504485409e-08,-1009034.98958296,0,0,0,0,0,4.18606841733483e+20,190200080431210,4.18606841733436e+20,"No MPA"
"3989","Epinephelus","MT_40",2025,1076.75458128234,807.548081518855,174.395426456397,573.633304872819,3775.81977187763,-24163636.5207487,2.80929291152769,-31017046.3654601,4738.34270491216,4738.24604539131,0,5.11992467231541e-05,18928.427997398,-0.0230397346740966,2.70488074797084e-09,-1009034.91518922,0,0,0,0,0,-1.77071188706308e+22,-8045437699212562,-1.77071188706309e+22,"No MPA"
"3990","Epinephelus","MT_40",2026,945.194004658288,660.230366367803,165.891619862907,2273.41969575089,3193.46203417258,-38506156.1336942,4.47975199819095,-45359565.9784057,4738.31849549583,4738.23320270675,0,1.21146240216633e-05,18928.3426924943,-0.00544988987919169,6.40024295215512e-10,-1009034.89759937,0,0,0,0,0,7.49008735344545e+23,340321435730555776,7.49008735344545e+23,"No MPA"
"3991","Epinephelus","MT_40",2027,799.413465463894,527.839048756968,148.193981011922,1776.17226533619,2700.67288092702,-61402896.345343,7.14729917886783,-68256306.1900544,4738.29714127651,4738.22284282649,0,2.8674224661732e-06,18928.2683911768,-0.00128954370885377,1.51488599818436e-10,-1009034.89343903,0,0,0,0,0,-3.16830156067372e+25,-14395566874269112320,-3.16830156067372e+25,"No MPA"
"3992","Epinephelus","MT_40",2028,676.054464942342,423.771659921989,130.841340475476,3879.93931620847,2280.55356837029,-97966205.2781953,11.4085069563011,-104819615.122907,4738.27854156465,4738.21447187806,0,6.78900058247878e-07,18928.2043208113,-0.000305224619498272,3.58670490209501e-11,-1009034.89245471,0,0,0,0,0,1.34018878054571e+27,6.08931272544642e+20,1.34018878054571e+27,"No MPA"
"3993","Epinephelus","MT_40",2029,570.886771709908,340.547016530073,114.742725683597,2747.5268797343,1928.40840142497,-156373951.615832,18.2178021852649,-163227361.460543,4738.26250294814,4738.20769311089,0,1.60786451804153e-07,18928.1495108133,-7.22662065484051e-05,8.4945539968299e-12,-1009034.89222175,0,0,0,0,0,-5.66898731196497e+28,-2.57577412054378e+22,-5.66898731196497e+28,"No MPA"
"3994","Epinephelus","MT_40",2030,482.73492107203,274.969897409471,100.053098701638,6555.82495556994,1628.36256737668,-249707224.47344,29.1026258984899,-256560634.318152,4738.24878246235,4738.20218858532,0,3.80907490017387e-08,18928.1029168982,-1.71151297093736e-05,2.01238831239743e-12,-1009034.8921666,0,0,0,0,0,2.39797682697926e+30,1.08955027567041e+24,2.39797682697926e+30,"No MPA"
"3995","Epinephelus","MT_40",2031,407.625000419191,222.02996458069,86.7951361949893,4311.86486858795,1376.45064423334,-398903822.458813,46.508287189352,-405757232.303525,4738.23711869345,4738.1977045878,0,9.02636805581047e-09,18928.0635027835,-4.05463160636989e-06,4.76876904451533e-13,-1009034.89215354,0,0,0,0,0,-1.0143421707859e+32,-4.60878844934205e+25,-1.0143421707859e+32,"No MPA"
"3996","Epinephelus","MT_40",2032,344.564352972395,179.975421140848,75.0140568898853,11209.3015806473,1161.80744393622,-637479156.288898,74.3507874266842,-644332566.13361,4738.22725223076,4738.19403928619,0,2.139572662826e-09,18928.0302898368,-9.60828565341532e-07,1.13037130235219e-13,-1009034.89215044,0,0,0,0,0,4.29065880188233e+33,1.94951361610529e+27,4.29065880188233e+33,"No MPA"
"3997","Epinephelus","MT_40",2033,290.833116229434,145.796375110489,64.5598466639463,6835.08172266223,981.406731198581,-1019111843.43105,118.903392344102,-1025965253.27576,4738.21893809502,4738.19103237103,0,5.07292614986236e-10,18928.0023841123,-2.27751235055325e-07,2.68011436803866e-14,-1009034.89214971,0,0,0,0,0,-1.81494504429375e+35,-8.24642610701141e+28,-1.81494504429375e+35,"No MPA"
"3998","Epinephelus","MT_40",2034,245.673738288335,118.495697849444,55.4220636094874,19312.1019726901,827.763267052446,-1629784680.3339,190.21875231489,-1636638090.17861,4738.21195250644,4738.18855653079,0,1.20310788398547e-10,18927.9789881365,-5.3999898748905e-08,6.35623512784873e-15,-1009034.89214954,0,0,0,0,0,7.6772021864384e+36,3.48823126846377e+30,7.6772021864384e+36,"No MPA"
"3999","Epinephelus","MT_40",2035,207.212453073538,96.2062986464459,47.409716701945,10904.2409018853,698.575060298551,-2607292538.91163,304.410879769591,-2614145948.75634,4738.20609583494,4738.18651055424,0,2.85405404481829e-11,18927.9594028558,-1.28067689222034e-08,1.50784977236944e-15,-1009034.89214949,0,0,0,0,0,-3.24745003150924e+38,-1.47551887621643e+32,-3.24745003150924e+38,"No MPA"
"4000","Epinephelus","MT_40",2036,174.8730073707,78.3356241214163,40.4839713221865,33440.1553496396,588.643504870385,-4172500380.17685,487.317751833339,-4179353790.02156,4738.20119308771,4738.18481381978,0,6.77217975801338e-12,18927.9430235879,-3.03806943038765e-09,3.5778718430054e-16,-1009034.89214948,0,0,0,0,0,1.37366861663728e+40,6.24143236647528e+33,1.37366861663728e+40,"No MPA"
"4001","Epinephelus","MT_40",2037,147.354043704224,63.6994143300855,34.4651586591816,17469.9115715862,496.218012547006,-6679573951.29937,780.381691546612,-6686427361.14409,4738.19709289576,4738.18340193166,0,1.60731327153357e-12,18927.9293326238,-7.20882364112639e-10,8.49174975397693e-17,-1009034.89214948,0,0,0,0,0,-5.81060662990369e+41,-2.6401206120224e+35,-5.81060662990369e+41,"No MPA"
"4002","Epinephelus","MT_40",2038,124.217340551095,51.9341664210538,29.3041650184189,58103.6988899751,417.663366852008,-10696542982.0491,1250.09274685592,-10703396391.8938,4738.19366566195,4738.18222328529,0,3.8157111145925e-13,18927.9178902471,-1.71094799183435e-10,2.0159160405178e-17,-1009034.89214948,0,0,0,0,0,2.45788168984456e+43,1.11676878587446e+37,2.45788168984456e+43,"No MPA"
"4003","Epinephelus","MT_40",2039,104.552900870478,42.2772209635198,24.8500888203331,28070.5095038023,351.650422482251,-17134791588.17,2003.15832399809,-17141644998.0147,4738.19080131289,4738.18123637365,0,9.06046556438466e-14,18927.9083253079,-4.06173945810943e-11,4.7868268302664e-18,-1009034.89214948,0,0,0,0,0,-1.03968187593071e+45,-4.72392251863117e+38,-1.03968187593071e+45,"No MPA"
"4004","Epinephelus","MT_40",2040,88.0280021682533,34.5003390542071,21.0538633516319,101201.108780962,295.62425014793,-27456915614.0414,3210.87728993374,-27463769023.8861,4738.18840693928,4738.18040767899,0,2.15190361641758e-14,18927.9003260476,-9.64466924211802e-12,1.13689466073524e-18,-1009034.89214948,0,0,0,0,0,4.3978455415693e+46,1.99821522989265e+40,4.3978455415693e+46,"No MPA"
"4005","Epinephelus","MT_40",2041,74.0030737040383,28.1071870875957,17.7958862886664,45195.5722741769,248.579274914861,-44010908889.2677,5148.31405722377,-44017762299.1124,4738.18640449919,4738.17971002336,0,5.11198573566719e-15,18927.8936315717,-2.29065586908461e-12,2.70076763277265e-19,-1009034.89214948,0,0,0,0,0,-1.86028494439102e+48,-8.45243352156406e+41,-1.86028494439102e+48,"No MPA"
"4006","Epinephelus","MT_40",2042,62.2263917578336,22.9520096956965,15.0322101581794,176566.736509314,208.71379987468,-70566987098.3469,8257.2742384689,-70573840508.1916,4738.18472868339,4738.17912127717,0,1.21464187953822e-15,18927.8880241655,-5.44160285563887e-13,6.41720606446075e-20,-1009034.89214948,0,0,0,0,0,7.86898958050495e+49,3.57537223056287e+43,7.86898958050495e+49,"No MPA"
"4007","Epinephelus","MT_40",2043,52.2469408630954,18.7094227921012,12.6712663107047,72873.9123727391,175.27096050099,-113180956873.412,13247.5687820536,-113187810283.257,4738.18332499173,4738.17862334643,0,2.8866623971423e-16,18927.8833225202,-1.29296154314991e-13,1.52508430953036e-20,-1009034.89214948,0,0,0,0,0,-3.32857593697109e+51,-1.5123794294823e+45,-3.32857593697109e+51,"No MPA"
"4008","Epinephelus","MT_40",2044,43.8752565178327,15.28519591486,10.6761298461603,308436.100782579,146.977894132409,-181581991328.891,21259.8831226691,-181588844738.736,4738.18214803752,4738.17820137647,0,6.86167645709247e-17,18927.8793758592,-3.07279420862654e-14,3.62516850650167e-21,-1009034.89214948,0,0,0,0,0,1.407984806033e+53,6.39735219502197e+46,1.407984806033e+53,"No MPA"
"4009","Epinephelus","MT_40",2045,36.7927053579072,12.4649138583065,8.97827827207367,117625.764759861,123.268434758891,-291405363072.579,34127.7912188943,-291412216482.424,4738.18116007714,4738.17784312401,0,1.63135467882635e-17,18927.8760589061,-7.30411868122677e-15,8.61879284967087e-22,-1009034.89214948,0,0,0,0,0,-5.9557638208e+54,-2.70607456762103e+48,-5.9557638208e+54,"No MPA"
"4010","Epinephelus","MT_40",2046,30.8575600894679,10.1871131427,7.54796970236987,539271.628140254,103.242786608647,-467783399027.685,54799.3612248109,-467790252437.53,4738.18032975037,4738.17753846017,0,3.87925144553413e-18,18927.8732676158,-1.73654509486128e-15,2.04949118321598e-22,-1009034.89214948,0,0,0,0,0,2.51928305882008e+56,1.14466725330888e+50,2.51928305882008e+56,"No MPA"
"4011","Epinephelus","MT_40",2047,25.8445764952869,8.30998571698841,6.33474960712207,190004.166751137,86.4802478520193,-751124924141.561,88015.7102973116,-751131777551.406,4738.17963101184,4738.17727897549,0,9.22627435625815e-19,18927.8709155795,-4.12938786680751e-16,4.87443800101947e-23,-1009034.89214948,0,0,0,0,0,-1.06565460307413e+58,-4.84193279991386e+51,-1.06565460307413e+58,"No MPA"
"4012","Epinephelus","MT_40",2048,21.6484410616992,6.79318226118425,5.31537009426015,943478.629574707,72.3449636865629,-1206415321850.82,141403.337940711,-1206422175260.66,4738.17904223092,4738.17705766482,0,2.19473081351713e-19,18927.8689310134,-9.82119138041406e-17,1.15952335293817e-23,-1009034.89214948,0,0,0,0,0,4.50770995770895e+59,2.04813347906226e+53,4.50770995770895e+59,"No MPA"
"4013","Epinephelus","MT_40",2049,18.1099814278892,5.54266994434651,4.45312504227876,307090.222558824,60.5264360921931,-1938189981505.32,227232.926318399,-1938196834915.16,4738.17854543814,4738.17686867466,0,5.22167979491716e-20,18927.8672542499,-2.33624897039595e-17,2.75872569309814e-24,-1009034.89214948,0,0,0,0,0,-1.90675749949489e+61,-8.66358729334353e+54,-1.90675749949489e+61,"No MPA"
"4014","Epinephelus","MT_40",2050,15.151471196737,4.53183658026868,3.73024505998021,1651445.6856736,50.5757924516251,-3114640471518.89,365251.808908803,-3114647324928.73,4738.17812569703,4738.17670709977,0,1.24254166314195e-20,18927.8658356526,-5.55837883270968e-18,6.56461530219995e-25,-1009034.89214948,0,0,0,0,0,8.06556809552999e+62,3.66469009743196e+56,8.06556809552999e+62,"No MPA"
"4015","Epinephelus","MT_40",2051,12.6605449132298,3.69821181627377,3.12027387451729,496532.601700049,42.2653878283692,-5006440534285.99,587246.435873488,-5006447387695.84,4738.17777058219,4738.17656881863,0,2.95720310111689e-21,18927.8646338891,-1.32266208402782e-18,1.56235422392869e-25,-1009034.89214948,0,0,0,0,0,-3.41172848256079e+64,-1.55016081162297e+58,-3.41172848256079e+64,"No MPA"
"4016","Epinephelus","MT_40",2052,10.5802166399659,3.02418409647227,2.6098623981058,2891681.96224313,35.2788258749123,-8049280482861.57,944392.871272594,-8049287336271.42,4738.17746974693,4738.17645035982,0,7.03912359280673e-22,18927.863614502,-3.14788696502282e-19,3.71892115248985e-26,-1009034.89214948,0,0,0,0,0,1.44315826248712e+66,6.55716712192251e+59,1.44315826248712e+66,"No MPA"
"4017","Epinephelus","MT_40",2053,8.8312834623907,2.46819491671211,2.18008325005398,803087.005726103,29.4502615488375,-12944622479079.4,1519101.24066497,-12944629332489.2,4738.17721456564,4738.17634879289,0,1.67579581229522e-22,18927.8627487292,-7.49301486280766e-20,8.8535919879723e-27,-1009034.89214948,0,0,0,0,0,-6.1045472441042e+67,-2.77367614652867e+61,-6.1045472441042e+67,"No MPA"
"4018","Epinephelus","MT_40",2054,7.37222969668847,2.01856031212536,1.82104447109918,5064675.76486679,24.5570827310346,-20822045764520.5,2444105.07717841,-20822052617930.3,4738.17699783834,4738.17626163906,0,3.99012558744819e-23,18927.8620125299,-1.78385326388285e-20,2.10806980585829e-27,-1009034.89214948,0,0,0,0,0,2.58221832103691e+69,1.17326266400947e+63,2.58221832103691e+69,"No MPA"
"4019","Epinephelus","MT_40",2055,6.14732926135641,1.64760591456847,1.5192869274449,1299202.8711016,20.4791841665682,-33500906869205.8,3933232.45840329,-33500913722615.7,4738.17681354693,4738.17618679764,0,9.50195389041651e-24,18927.8613857806,-4.24741416705663e-21,5.02008832154281e-28,-1009034.89214948,0,0,0,0,0,-1.09227616576127e+71,-4.96289114531771e+64,-1.09227616576127e+71,"No MPA"
"4020","Epinephelus","MT_40",2056,5.1265164292806,1.34756618669782,1.26756115208751,8872356.26703524,17.0602519877012,-53912106016310.9,6331016.06675984,-53912112869720.7,4738.17665665394,4738.17612248536,0,2.26307084525017e-24,18927.8608516121,-1.01146528443525e-21,1.19562944888392e-28,-1009034.89214948,0,0,0,0,0,4.6203189427107e+72,2.09929875686166e+66,4.6203189427107e+72,"No MPA"
"4021","Epinephelus","MT_40",2057,4.27066143803682,1.09999891920006,1.05634464182308,2102162.23009992,14.2137845847705,-86778093978701.2,10192689.0877944,-86778100832111,4738.1765229365,4738.17606718606,0,5.39063963451834e-25,18927.8603958616,-2.40899682075146e-22,2.84799200567416e-29,-1009034.89214948,0,0,0,0,0,-1.95439100490608e+74,-8.88001598567964e+67,-1.95439100490608e+74,"No MPA"
"4022","Epinephelus","MT_40",2058,3.55811049910062,0.899735972652284,0.880372620000229,15545021.0433536,11.8302497508306,-139709347089694,16413198.6963704,-139709353943104,4738.17640884933,4738.17601960881,0,1.28421418991754e-25,18927.8600066211,-5.73823578355481e-23,6.78478266358496e-30,-1009034.89214948,0,0,0,0,0,8.26705742053565e+75,3.75623925123499e+69,8.26705742053565e+75,"No MPA"
"4023","Epinephelus","MT_40",2059,2.96144461697514,0.734480804855188,0.732936497581391,3401826.03302164,9.84766332349908,-224972750945297,26435305.0359815,-224972757798706,4738.17631141147,4738.17597865307,0,3.05976300561689e-26,18927.8596738627,-1.36702218923137e-23,1.61653932668966e-30,-1009034.89214948,0,0,0,0,0,-3.49695829661875e+77,-1.58888602624948e+71,-3.49695829661875e+77,"No MPA"
"4024","Epinephelus","MT_40",2060,2.46514741052802,0.6007904891789,0.610241717234137,27239110.6527881,8.18943460524103,-362343949981231,42585295.6977303,-362343956834641,4738.17622811267,4738.17594337945,0,7.29103989262302e-27,18927.8593891295,-3.25706104231231e-24,3.85201497733574e-31,-1009034.89214948,0,0,0,0,0,1.47921040174635e+79,6.72097445225523e+72,1.47921040174635e+79,"No MPA"
"4025","Epinephelus","MT_40",2061,2.05004607160201,0.49046287298513,0.507579358106119,5505553.20625635,6.81135378616265,-583708959353885,68614654.1585423,-583708966207294,4738.17615683593,4738.17591298528,0,1.73756383958117e-27,18927.8591452788,-7.76117704669588e-25,9.17992787423142e-32,-1009034.89214948,0,0,0,0,0,-6.25704748824217e+80,-2.84296650871136e+74,-6.25704748824217e+80,"No MPA"
"4026","Epinephelus","MT_40",2062,1.70507363996507,0.40120264168897,0.422231967475165,47734461.0205587,5.65997489815751,-940488670887272,110574154.089893,-940488677740682,4738.17609579325,4738.175886784,0,4.14133132197447e-28,18927.8589362696,-1.84960458171824e-25,2.18795548458458e-32,-1009034.89214948,0,0,0,0,0,2.64672579532274e+82,1.20257242860704e+76,2.64672579532274e+82,"No MPA"
"4027","Epinephelus","MT_40",2063,1.41685108492203,0.327537071414055,0.350904730068352,8910921.20937835,4.70389899860624,-1515619966716778,178224584.698809,-1515619973570188,4738.17604347235,4738.17586418784,0,9.87155222331617e-29,18927.8587569851,-4.40837068046509e-26,5.21535597772001e-33,-1009034.89214948,0,0,0,0,0,-1.11956277282383e+84,-5.08687120166375e+77,-1.11956277282383e+84,"No MPA"
"4028","Epinephelus","MT_40",2064,1.17751836703525,0.267935085657601,0.291662169586959,83656512.2574528,3.90590517151092,-2442892195821785,287313861.394406,-2442892202675194,4738.17599859239,4738.17584469317,0,2.35329071728183e-29,18927.8586030859,-1.05080850788345e-26,1.24329473702049e-33,-1009034.89214948,0,0,0,0,0,4.73574105979549e+85,2.15174221583385e+79,4.73574105979549e+85,"No MPA"
"4029","Epinephelus","MT_40",2065,0.977758043001097,0.218744289693468,0.2422053413056,14423455.3929711,3.24377903062189,-3938159226864316,463253076.420612,-3938159233717725,4738.17596006708,4738.17582786812,0,5.61059382474018e-30,18927.8584708869,-2.50503454235158e-27,2.96419893179705e-34,-1009034.89214948,0,0,0,0,0,-2.00321446280905e+87,-9.10185137356579e+80,-2.00321446280905e+87,"No MPA"
"4030","Epinephelus","MT_60",2015,6547.55249914838,6547.55249914838,586.63190073295,1030.35898662791,25712.149974105,-397901.065171267,0.039393019942108,-8079025.59078243,5327.66894993954,5327.66894993954,0,123.085438118974,21159.654041881,-49436.5663144235,0.00578334561838908,-1189227.50879851,7810.42616691602,7810.42616691602,2581.60979147918,6126.69819006211,27655.6612914171,-3296425.37226676,-0.293053819626451,-55060016.9331105,"No MPA"
"4031","Epinephelus","MT_60",2016,6436.47511552531,6436.11905868414,593.863241038045,1623.81619143526,24681.8409668667,-604940.539923486,0.0634124220614448,-8286065.06553465,5296.85719906168,5296.85378132429,0,32.5942244143472,21127.0563997293,-13162.6199809929,0.00154040171615839,-1152953.56246507,6922.99072169667,6921.65644676462,2322.51001133591,807888.335641115,0,30335619.6441897,24.51763656768,-21427971.9166541,"No MPA"
"4032","Epinephelus","MT_60",2017,6178.55976060283,6172.65621159007,607.555537426233,2572.84195343808,22710.6510018421,-973814.238767681,0.106224359587253,-8654938.76437885,5288.69709137929,5288.64739856905,0,8.67134970603099,21118.335357213,-3505.88978533394,0.000410441556710755,-1143296.83226942,0,0,0,0,0,-2538241824.47382,-1020.24967398571,-2590005416.03467,"No MPA"
"4033","Epinephelus","MT_60",2018,5685.11540956132,5662.96134011852,621.867739018489,3924.22619651112,19386.1384749066,-1631333.51540396,0.182564056216842,-9312458.04101512,5286.51396887907,5286.41175951683,0,2.31038306987559,21115.9227647809,-934.148408435864,0.000109402860402247,-1140725.09089252,0,0,0,0,0,105623573739.161,48221.3688618305,105571810147.601,"No MPA"
"4034","Epinephelus","MT_60",2019,4852.89631577016,4797.81800071303,611.567163470377,5382.42891716115,14560.1984061587,-2803901.47977731,0.318743642669529,-10485026.0053885,5285.91002906195,5285.76772975251,0,0.61598361821087,21115.1644818533,-248.996537816442,2.91718179100029e-05,-1140039.9390219,0,0,0,0,0,-4992222433047.49,-2210921.54127334,-4992274196639.06,"No MPA"
"4035","Epinephelus","MT_60",2020,3644.82763256805,3535.79087603951,523.026996907384,5781.56139060493,9192.62725593263,-4895876.99900541,0.561765496421621,-12577001.5246166,5285.72020949418,5285.55432413248,0,0.164302271627464,21114.8342942199,-66.3938954253825,7.78131779506238e-06,-1139857.33637951,0,0,0,0,0,228890476910318,102106888.293572,228890425146726,"No MPA"
"4036","Epinephelus","MT_60",2021,2301.17343896558,2120.14251701181,333.986245158879,3299.42326113686,6122.79856165314,-8629549.85614442,0.995623722918389,-16310674.3817556,5285.63755423247,5285.46254601192,0,0.0438408615692743,21114.6154451378,-17.7099697313318,2.07632323803469e-06,-1139808.65245381,0,0,0,0,0,-10570838413326960,-4707183574.30306,-10570838465090552,"No MPA"
"4037","Epinephelus","MT_60",2022,1532.70887962088,1277.39307343234,214.006454587788,546.967866616172,5534.52134343622,-15294936.1193856,1.77047540275142,-22976060.6449968,5285.58277014508,5285.40939824049,0,0.0117021678053764,21114.4303710654,-4.72562915687469,5.54225093585566e-07,-1139795.66811324,0,0,0,0,0,487321450858049792,217100473490.751,487321450806286208,"No MPA"
"4038","Epinephelus","MT_60",2023,1385.44652777955,1133.65299316787,226.167714471284,2791.86363179118,4177.76500337582,-27198122.0930405,3.15485976002611,-34879246.6186517,5285.53644089363,5285.37187495201,0,0.00312464616502114,21114.2626804776,-1.26139429855156,1.47987154906595e-07,-1139792.20387838,0,0,0,0,0,-22475800243067154432,-10011788307742,-22475800243118919680,"No MPA"
"4039","Epinephelus","MT_60",2024,1045.81221367417,758.015625416165,175.987131022188,379.316915281129,3935.94038565278,-48465683.2774948,5.62919862839096,-56146807.803106,5285.49446321784,5285.34295795295,0,0.000834602059840171,21114.1103406107,-0.336812890145008,3.95280721522476e-08,-1139791.27929697,0,0,0,0,0,1.03649223082082e+21,461715959341862,1.03649223082077e+21,"No MPA"
"4040","Epinephelus","MT_60",2025,985.276702802331,683.463049075704,185.225645015033,7750.55082253526,2878.11036199622,-86476176.3389239,10.0533020663605,-94157300.864535,5285.45632825971,5285.31997496472,0,0.000222997102377192,21113.9737643186,-0.0899643240553741,1.0561561927985e-08,-1139791.03244841,0,0,0,0,0,-4.78001521799809e+22,-21292908156024064,-4.78001521799809e+22,"No MPA"
"4041","Epinephelus","MT_60",2026,720.472062561118,460.458340830277,137.388726995483,618.511652068445,2667.57517721528,-154441244.353561,17.9665116972451,-162122368.879172,5285.42213936822,5285.30152448237,0,5.96015086141922e-05,21113.8530898312,-0.0240376961703557,2.8228556167882e-09,-1139790.96652178,0,0,0,0,0,2.2043947791259e+24,981964692185133184,2.2043947791259e+24,"No MPA"
"4042","Epinephelus","MT_60",2027,667.769177771249,417.707188324191,136.579250378782,14945.9815901121,1973.19852840477,-276004157.661596,32.1257639295466,-283685282.187207,5285.39193114621,5285.28665792739,0,1.59349472219693e-05,21113.7478006775,-0.00642470750710175,7.54717207579276e-10,-1139790.94890879,0,0,0,0,0,-1.01660037458363e+26,-45285228254959501312,-1.01660037458363e+26,"No MPA"
"4043","Epinephelus","MT_60",2028,493.947151010678,283.146477602049,102.320248593595,1139.39107731427,1805.43586301787,-493523833.661746,57.4703999155791,-501204958.187357,5285.36557430639,5285.27465191448,0,4.26163645859899e-06,21113.6568740239,-0.00171770646549797,2.01842196256514e-10,-1139790.94420179,0,0,0,0,0,4.68825206990409e+27,2.08841739280925e+21,4.68825206990409e+27,"No MPA"
"4044","Epinephelus","MT_60",2029,451.951432170968,257.758820064826,98.0003161875352,29358.7834231653,1347.04006972579,-882870928.926483,102.852901958358,-890552053.452094,5285.34281280479,5285.26493345855,0,1.14007018624002e-06,21113.5789935376,-0.000459384845344165,5.39969015379018e-11,-1139790.94294347,0,0,0,0,0,-2.16207967629916e+29,-9.63114737918351e+22,-2.16207967629916e+29,"No MPA"
"4045","Epinephelus","MT_60",2030,337.202058059608,175.377416541395,73.8834349882532,2237.36264022315,1219.15068983431,-1580051592.20884,184.144434145985,-1587732716.73445,5285.32331712618,5285.25704524232,0,3.05079630136428e-07,21113.5127213487,-0.000122894810179607,1.44494699475153e-11,-1139790.94260698,0,0,0,0,0,9.97085548112775e+30,4.44159299173007e+24,9.97085548112775e+30,"No MPA"
"4046","Epinephelus","MT_60",2031,305.187745291502,159.990917725101,68.9306253117155,58274.0208018442,915.644957893422,-2828865372.06596,329.809334573458,-2836546496.59157,5285.30672733126,5285.25062260564,0,8.1661673477444e-08,21113.4566165414,-3.2886421701371e-05,3.86774848439722e-12,-1139790.94251697,0,0,0,0,0,-4.59825606264212e+32,-2.04832793940215e+26,-4.59825606264212e+32,"No MPA"
"4047","Epinephelus","MT_60",2032,229.211714775803,109.104390960514,52.1943061294941,4514.28576293815,820.862052657379,-5066612499.54785,590.914256428423,-5074293624.07346,5285.29268271826,5285.24537541916,0,2.18647136161269e-08,21113.4093092204,-8.80284250225107e-06,1.03558273489957e-12,-1139790.94249288,0,0,0,0,0,2.12057619488598e+34,9.44626704260602e+27,2.12057619488598e+34,"No MPA"
"4048","Epinephelus","MT_60",2033,205.484884792959,99.6614421012496,47.7544740484745,116411.415319558,619.693530757936,-9077757377.45781,1059.10598559718,-9085438501.98343,5285.28084036379,5285.24107318867,0,5.85580740983528e-09,21113.3695420394,-2.35694533402786e-06,2.77350332208914e-13,-1139790.94248644,0,0,0,0,0,-9.77945407849729e+35,-4.35633178224529e+29,-9.77945407849729e+35,"No MPA"
"4049","Epinephelus","MT_60",2034,155.126739459457,68.0581360657456,36.2757760041857,9213.58539625201,550.874634757109,-16270248528.7862,1898.91140454535,-16277929653.3119,5285.27088551866,5285.23753284701,0,1.56871585198305e-09,21113.3361893662,-6.31238385099038e-07,7.4299680956658e-14,-1139790.94248471,0,0,0,0,0,4.50998753507745e+37,2.00900805704781e+31,4.50998753507745e+37,"No MPA"
"4050","Epinephelus","MT_60",2035,137.899432056795,62.2174709983676,32.6932446307933,233545.574560393,417.567738646616,-29171520482.3111,3405.78798422093,-29179201606.8367,5285.26253640544,5285.23460887004,0,4.20352222710769e-10,21113.3082618304,-1.69103135219325e-07,1.99093302637925e-14,-1139790.94248425,0,0,0,0,0,-2.07986942869762e+39,-9.26493567294166e+32,-2.07986942869762e+39,"No MPA"
"4051","Epinephelus","MT_60",2036,104.528962438065,42.5244960824444,24.8966737654405,18902.3604884814,368.403592945993,-52320560067.188,6110.48362540271,-52328241191.7136,5285.25554535687,5285.23218536675,0,1.1266552673642e-10,21113.2849018401,-4.5312848332943e-08,5.33623431970868e-15,-1139790.94248413,0,0,0,0,0,9.59172682130401e+40,4.27270725584185e+34,9.59172682130401e+40,"No MPA"
"4052","Epinephelus","MT_60",2037,92.2217924543485,38.8943263810971,22.1700677305831,469976.704322831,280.164573511421,-93870711505.2334,10966.7053109891,-93878392629.759,5285.24969769357,5285.23016980613,0,3.02046981189148e-11,21113.2653739527,-1.21450583015788e-08,1.43060187953205e-15,-1139790.94248409,0,0,0,0,0,-4.42341341938604e+42,-1.97044296242991e+36,-4.42341341938604e+42,"No MPA"
"4053","Epinephelus","MT_60",2038,70.1330813438049,26.597702447833,16.917179318468,38878.6703116515,245.508804455734,-168473250775.654,19688.6945034832,-168480931900.179,5285.24480931349,5285.2284880735,0,8.09954881974927e-12,21113.2490527127,-3.25599331222833e-09,3.83623760571921e-16,-1139790.94248408,0,0,0,0,0,2.03994407298328e+44,9.08708515632929e+37,2.03994407298328e+44,"No MPA"
"4054","Epinephelus","MT_60",2039,61.4577665466772,24.3345843503354,14.9176756972102,947969.458082559,187.199686848346,-302462506145.652,35358.6257188288,-302470187270.178,5285.24072364756,5285.22708059047,0,2.17243706487519e-12,21113.2354096556,-8.73112511708408e-10,1.02894507518297e-16,-1139790.94248408,0,0,0,0,0,-9.40760319318691e+45,-4.19068799314786e+39,-9.40760319318691e+45,"No MPA"
"4055","Epinephelus","MT_60",2040,46.8613525997236,16.6465515487562,11.4025281166152,80076.1617994173,163.04656940486,-543187995827.947,63519.7913480293,-543195676952.472,5285.23730840622,5285.22589927636,0,5.8281515162665e-13,21113.2240005257,-2.34183831195438e-10,2.76042587538763e-17,-1139790.94248408,0,0,0,0,0,4.33850118797756e+47,1.93261816674863e+41,4.33850118797756e+47,"No MPA"
"4056","Epinephelus","MT_60",2041,40.8151472242912,15.2330130381336,9.97331806758689,1915703.89353599,124.593409983076,-975806601468.942,114144.628880343,-975814282593.468,5285.23445237977,5285.22490517047,0,1.56389993236484e-13,21113.2144533164,-6.28262016459853e-11,7.40720630778651e-18,-1139790.94248408,0,0,0,0,0,-2.0007851278968e+49,-8.91264867380702e+42,-2.0007851278968e+49,"No MPA"
"4057","Epinephelus","MT_60",2042,31.1892386954087,10.42253873473,7.63448119303456,165059.260289151,107.923668481483,-1753518168217.87,205178.61721775,-1753525849342.4,5285.23206244446,5285.22406657043,0,4.19738561888698e-14,21113.2064574424,-1.68585087394303e-11,1.9880373457219e-18,-1139790.94248408,0,0,0,0,0,9.22701401835764e+50,4.1102431794043e+44,9.22701401835764e+50,"No MPA"
"4058","Epinephelus","MT_60",2043,27.0163330276487,9.53860735641222,6.63180708167979,3877481.94877748,82.6207360991537,-3152004487112.27,368923.539862273,-3152012168236.8,5285.23006085205,5285.22335757251,0,1.12677678304135e-14,21113.1997541628,-4.5246944116269e-12,5.33683426804149e-19,-1139790.94248408,0,0,0,0,0,-4.25521893920034e+52,-1.89551945915796e+46,-4.25521893920034e+52,"No MPA"
"4059","Epinephelus","MT_60",2044,20.6822965976845,6.52718076016087,5.083197067604,340397.511338086,71.2129480177485,-5667495167137.15,663537.863300754,-5667502848261.68,5285.22838283244,5285.22275692445,0,3.02540411333326e-15,21113.1941282549,-1.21464238346074e-12,1.43294444247638e-19,-1139790.94248408,0,0,0,0,0,1.96237788134976e+54,8.74156068928072e+47,1.96237788134976e+54,"No MPA"
"4060","Epinephelus","MT_60",2045,17.8266060318198,5.97402653764247,4.38966099914478,7859067.36989378,54.6007807598474,-10193432774773.4,1193761.41385336,-10193440455897.9,5285.22697450926,5285.22224712117,0,8.12480225005717e-16,21113.1894008668,-3.2613249096261e-13,3.84821094834928e-20,-1139790.94248408,0,0,0,0,0,-9.04989144914473e+55,-4.03134259135085e+49,-9.04989144914473e+55,"No MPA"
"4061","Epinephelus","MT_60",2046,13.6681128183736,4.08826732931825,3.36854391950815,702207.24909863,46.8515730037174,-18338859765665.5,2148271.87280938,-18338867446790,5285.22579111091,5285.22181368942,0,2.18234585007975e-16,21113.1854234453,-8.75837600933105e-14,1.03364103636082e-20,-1139790.94248408,0,0,0,0,0,4.17353538376462e+57,1.85913290160737e+51,4.17353538376462e+57,"No MPA"
"4062","Epinephelus","MT_60",2047,11.7282679225715,3.74195381126972,2.89412645074552,15948859.3095253,35.9696598634552,-33002285036684.5,3867035.97887425,-33002292717809,5285.22479545032,5285.22144461977,0,5.86291021100872e-17,21113.1820726147,-2.35252614247875e-14,2.77689519152924e-21,-1139790.94248408,0,0,0,0,0,-1.92470790367121e+59,-8.57375692468955e+52,-1.92470790367121e+59,"No MPA"
"4063","Epinephelus","MT_60",2048,9.00421866153561,2.56087621941239,2.22323922944615,1448872.63725958,30.7397856624562,-59406368662316,6962766.46826749,-59406376343440.5,5285.22395664309,5285.22112991356,0,1.5753583717817e-17,21113.1792458852,-6.32010369635293e-15,7.46149200187864e-22,-1139790.94248408,0,0,0,0,0,8.87616894028311e+60,3.9539565858959e+54,8.87616894028311e+60,"No MPA"
"4064","Epinephelus","MT_60",2049,7.69503389145768,2.34399983204315,1.90158804189059,32402516.5383331,23.6270576658591,-106963746844188,12539998.1597335,-106963754525312,5285.22324903309,5285.22086122011,0,4.23369494700281e-18,21113.1768580722,-1.69820608768592e-15,2.00523802622206e-22,-1139790.94248408,0,0,0,0,0,-4.09341983301304e+62,-1.8234448236023e+56,-4.09341983301304e+62,"No MPA"
"4065","Epinephelus","MT_60",2050,5.91451780082724,1.60419571220103,1.46218074803411,2989869.79354524,20.1175995912503,-192642571359972,22590327.5187608,-192642579041096,5285.22265129627,5285.22063154473,0,1.13797181418402e-18,21113.1748383207,-4.56384249039317e-16,5.38986543901275e-23,-1139790.94248408,0,0,0,0,0,1.88776104218337e+64,8.40917433585999e+57,1.88776104218337e+64,"No MPA"
"4066","Epinephelus","MT_60",2051,5.03600162894163,1.46835587158522,1.24569001038354,65899362.476164,15.4782133860788,-347038223761429,40705621.0342996,-347038231442553,5285.22214569559,5285.22043501281,0,3.05923555407229e-19,21113.1731276379,-1.22671207059092e-16,1.44896994158184e-23,-1139790.94248408,0,0,0,0,0,-8.70578122391649e+65,-3.87805608897926e+59,-8.70578122391649e+65,"No MPA"
"4067","Epinephelus","MT_60",2052,3.87463263058982,1.00492913971947,0.958681383564715,6170398.84722019,13.1351054550811,-625329877277494,73365257.7666403,-625329884958619,5285.22171746352,5285.22026667822,0,8.2254861710758e-20,21113.1716768526,-3.29779831723013e-17,3.89590240956595e-24,-1139790.94248408,0,0,0,0,0,4.01484218739032e+67,1.78844181706825e+61,4.01484218739032e+67,"No MPA"
"4068","Epinephelus","MT_60",2053,3.28808674057111,0.91983800010461,0.813855249780586,134154767.817106,10.1149693727834,-1127055326795024,132259882.537593,-1127055334476149,5285.22135429111,5285.22012236715,0,2.21195002694864e-20,21113.1704449286,-8.86691990153891e-18,1.04766354765674e-24,-1139790.94248408,0,0,0,0,0,-1.85152341588451e+69,-8.24775108882e+62,-1.85152341588451e+69,"No MPA"
"4069","Epinephelus","MT_60",2054,2.53206164120031,0.629530102814897,0.626843434409631,12735068.4223773,8.55758507454301,-2031809220716070,238487089.864094,-2031809228397195,5285.22104590586,5285.21999855017,0,5.94911007453601e-21,21113.169397573,-2.38444082656592e-18,2.81772465425355e-25,-1139790.94248408,0,0,0,0,0,8.53866428507607e+70,3.80361258464891e+64,8.53866428507607e+70,"No MPA"
"4070","Epinephelus","MT_60",2055,2.14220450008106,0.576225447023049,0.530458252611769,273354701.871116,6.59519554723327,-3663697977218244,430128408.909534,-3663697984899369,5285.22078372324,5285.21989223716,0,1.60025647814733e-21,21113.1685060869,-6.41302994570632e-19,7.57942330217615e-26,-1139790.94248408,0,0,0,0,0,-3.93777292513493e+72,-1.75411073131323e+66,-3.93777292513493e+72,"No MPA"
"4071","Epinephelus","MT_60",2056,1.65096314639351,0.394363361728439,0.408867003913463,26285038.3359828,5.56418320278384,-6607739631941990,775935053.139081,-6607739639623116,5285.22056055917,5285.21980089044,0,4.30512800700616e-22,21113.1677464181,-1.72504678687804e-19,2.0390724451877e-26,-1139790.94248408,0,0,0,0,0,1.81598141023383e+74,8.08942653656789e+67,1.81598141023383e+74,"No MPA"
"4072","Epinephelus","MT_60",2057,1.39287172636324,0.360970173612743,0.345004756268989,557465961.09963,4.29130220268156,-11920107273017766,1400051824.08933,-11920107280698890,5285.2203703927,5285.21972235297,0,1.15834912029845e-22,21113.1670983784,-4.64084829379058e-20,5.48638241055599e-27,-1139790.94248408,0,0,0,0,0,-8.37475533763e+75,-3.73059810434757e+69,-8.37475533763e+75,"No MPA"
"4073","Epinephelus","MT_60",2058,1.07423377152732,0.247043323203333,0.266102625563903,54253775.2633748,3.61119014776225,-21507944452941164,2526689533.90173,-21507944460622288,5285.22020817011,5285.21965478856,0,3.11707966612473e-23,21113.1665449969,-1.24867895255192e-20,1.47636764023011e-27,-1139790.94248408,0,0,0,0,0,3.86218309118765e+77,1.72043866808715e+71,3.86218309118765e+77,"No MPA"
"4074","Epinephelus","MT_60",2059,0.903982574265883,0.226123633477049,0.223952438675146,1137782582.23977,2.7868928800138,-38815633129008216,4560854792.77691,-38815633136689344,5285.22006964312,5285.21959663215,0,8.38898666816545e-24,21113.1660719859,-3.36015439812109e-21,3.97334367419796e-28,-1139790.94248408,0,0,0,0,0,-1.78112167203645e+79,-7.93414119628714e+72,-1.78112167203645e+79,"No MPA"
"4075","Epinephelus","MT_60",2060,0.697637758410277,0.154754975739797,0.172842269219628,111985467.589937,2.33968998200295,-70064986069994400,8234264283.25526,-70064986077675528,5285.21995123516,5285.21954654808,0,2.25799242087002e-24,21113.1656672988,-9.0431731628138e-22,1.06947125515737e-28,-1139790.94248408,0,0,0,0,0,8.2139928006945e+80,3.65898521640482e+74,8.2139928006945e+80,"No MPA"
"4076","Epinephelus","MT_60",2061,0.585690281146161,0.14164950517332,0.145116786573775,2323959289.38112,1.80669829488128,-126496816347616864,14869117144.618,-126496816355297984,5285.21984993059,5285.2195033953,0,6.07834127925345e-25,21113.1653207635,-2.43407430777691e-22,2.87893411021801e-29,-1139790.94248408,0,0,0,0,0,-3.78804428631309e+82,-1.6874129767358e+76,-3.78804428631309e+82,"No MPA"
"4077","Epinephelus","MT_60",2062,0.452267454412674,0.0969415774813771,0.11206269330737,231153830.462238,1.51349149025411,-228423077037131520,26854993920.3542,-228423077044812640,5285.21976318305,5285.21946619795,0,1.63642312877733e-25,21113.1650237784,-6.5523402502437e-23,7.75072379891532e-30,-1139790.94248408,0,0,0,0,0,1.74693110442658e+84,7.78183672699854e+77,1.74693110442658e+84,"No MPA"
"4078","Epinephelus","MT_60",2063,0.378869535390496,0.0887315020008727,0.0938803585454903,4750139858.12921,1.16934642650323,-412553097638544064,48511213144.787,-412553097646225216,5285.21968883932,5285.21943412071,0,4.40608039873533e-26,21113.1647690598,-1.76403410335224e-23,2.08688768106417e-30,-1139790.94248408,0,0,0,0,0,-8.05631627549786e+85,-3.58874701573099e+79,-8.05631627549786e+85,"No MPA"
"4079","Epinephelus","MT_60",2064,0.292720335841089,0.0607251909436889,0.0725351612378217,477140503.399348,0.977608288030111,-745241326036103808,87646415807.2583,-745241326043784960,5285.21962507608,5285.21940644793,0,1.18646220405754e-26,21113.1645504317,-4.74967388187467e-24,5.61953746498824e-31,-1139790.94248408,0,0,0,0,0,3.7153286564301e+87,1.65502124944808e+81,3.7153286564301e+87,"No MPA"
"4080","Epinephelus","MT_60",2065,0.244722881010503,0.0555819481270687,0.0606433024015423,9715703283.36035,0.75569261035918,-1346446045178477568,158379483495.094,-1346446045186158592,5285.2195703473,5285.219382566,0,3.1952035523677e-27,21113.1643626504,-1.27898451690982e-24,1.51337026958311e-31,-1139790.94248408,0,0,0,0,0,-1.71339686194701e+89,-7.63245590764148e+82,-1.71339686194701e+89,"No MPA"
"4081","Lutjanus","MT",2015,63.5194961797061,63.5194961797061,85.1935417351263,2.09603589725368,601.661655137873,-34623.2947678575,0.0040419992397914,-255647.491059698,31.9596102926128,31.9596102926128,14.98581890294,0.43252858735417,275.467011615586,-12823.7186972364,0.00165774565323395,-128793.509927562,89.9719323146734,89.9719323146734,289.277434215926,8.94603728494185,1014.84947953098,-130804.430812677,0.012179465008234,-550882.5518133,"No MPA"
"4082","Lutjanus","MT",2016,73.6982015756286,73.6981430546962,87.4732518826406,0.125896429347066,689.008952070234,-1786.24522872498,0.00020925277843227,-222810.441520566,33.742258919308,33.7422554214349,14.1927938311159,0.0136906355606961,289.646111313268,-384.340615611617,4.96997726320547e-05,-116354.131845937,124.310035171275,124.309058805581,363.455258018029,1.01656049450549,1377.28720068881,-10231.0444998915,0.00100250884959753,-430309.165500515,"No MPA"
"4083","Lutjanus","MT",2017,84.3974685829839,84.3970302242083,86.4831744072544,0.00748824849427756,775.484199870218,-92.4693796743371,1.08684707453671e-05,-221116.665671515,35.4790725233613,35.4790467394739,13.254625384656,0.000431699666642168,302.90027921437,-11.5224199380449,1.49043999993173e-06,-115981.313650264,168.705432492017,168.697851078883,429.695461536909,0.117936563075943,1806.85714424951,-842.084383089749,8.57190137538444e-05,-420920.205383713,"No MPA"
"4084","Lutjanus","MT",2018,94.9899173276281,94.989127814794,82.0839718148135,0.000439116449658553,857.566943055748,-4.80260853300177,5.66264962661274e-07,-221028.998900374,37.102590208677,37.1025471524237,12.2299165081631,1.35424118032035e-05,315.130139123868,-0.345537590833329,4.47091940221484e-08,-115970.136767917,221.323929983125,221.307515775873,464.883876540336,0.0135886796557498,2271.71101790294,-71.9972093422068,7.52786978834868e-06,-420150.118209965,"No MPA"
"4085","Lutjanus","MT",2019,105.044323323938,105.043291830023,74.7611756975113,2.53752049644851e-05,932.32706188414,-0.250213873326138,2.959055064392e-08,-221024.446505714,38.6006392752165,38.6005851118856,11.1577637851694,4.22755736214279e-07,326.287848322951,-0.010365011940029,1.34152892578819e-09,-115969.801595338,278.264395095317,278.239787736415,450.020939518821,0.00152819449454211,2721.70582186837,-6.32236109206857,6.73220818054304e-07,-420084.443361715,"No MPA"
"4086","Lutjanus","MT",2020,114.201772963919,114.20063040237,65.4245605569155,1.44561618354857e-06,997.75047843389,-0.013074624052028,1.55058022585599e-09,-221024.209366465,39.9673594154385,39.9672995685358,10.0735738775185,1.31378148340714e-08,336.361362340429,-0.000311003915321396,4.02645328242711e-11,-115969.79154133,333.384756327295,333.355770059787,383.213313559759,0.000165800206438602,3104.88998336041,-0.565372152570035,6.09502332779564e-08,-420078.686372776,"No MPA"
"4087","Lutjanus","MT",2021,122.215559615396,122.214427506011,55.1678953699653,8.12797803020355e-08,1052.91724161319,-0.000685104486042854,8.14644275024765e-11,-221024.196976945,41.2012752887459,41.2012141305955,9.0078344316448,4.06601489659537e-10,345.369135613517,-9.33430578237611e-06,1.20882445098251e-12,-115969.79123966,380.321408070138,380.293661505764,285.672289970849,1.72727823663676e-05,3390.5345094941,-0.05118307957655,5.56490880500561e-09,-420078.172183703,"No MPA"
"4088","Lutjanus","MT",2022,128.972997451669,128.971966768934,45.0060178104111,4.51739431312571e-09,1097.92222873635,-3.59930887560511e-05,4.29041482729433e-12,-221024.196327834,42.3046473995636,42.304588185671,7.98500850551546,1.25372836232306e-11,353.354084905127,-2.80231416653268e-07,3.63011383413401e-14,-115969.791230606,415.3103219991,415.288306903598,188.633768269139,1.7327716089748e-06,3579.14626093497,-0.00467293592117534,5.11151927255646e-10,-420078.125673559,"No MPA"
"4089","Lutjanus","MT",2023,134.4857080999,134.484831002376,35.6905330406941,2.4864621894311e-10,1133.61188467927,-1.89557529938813e-06,2.26471845260402e-13,-221024.196293737,43.2827326696469,43.2826776067302,7.02319188666338,3.85302650169429e-13,360.377221728873,-8.41528275281454e-09,1.09041581826758e-15,-115969.791230334,438.413584037689,438.398716066436,113.169019233885,1.68784333471402e-07,3692.30041202882,-0.000429209229889384,4.71617599111746e-11,-420078.121429832,"No MPA"
"4090","Lutjanus","MT",2024,138.857373529108,138.856666835418,27.6481355884604,1.35800918578334e-11,1161.25931357403,-1.00057249142051e-07,1.19795645369143e-14,-221024.196291941,44.1430044667769,44.1429548617449,6.13440171687021,1.18068616590883e-14,366.511573840711,-2.52776159211112e-10,3.27625243288254e-17,-115969.791230326,452.273961153665,452.265117492536,63.5474032655524,1.61228475461091e-08,3755.83897161712,-3.96005684378249e-05,4.36678097752877e-12,-420078.121040224,"No MPA"
"4091","Lutjanus","MT",2025,142.243937672483,142.243392972529,21.0196892886,7.37289541845312e-13,1182.27845816267,-5.29260675256632e-09,6.34907831185253e-16,-221024.196291846,44.8944080415494,44.8943644869563,5.32529383611677,3.60879157816748e-16,371.836824122235,-7.5948183767634e-12,9.84632756227325e-19,-115969.791230326,460.056869591283,460.052074665033,34.2542238498962,1.52298514504604e-09,3790.08840053924,-3.66664227338065e-06,4.05504588386672e-13,-420078.12100429,"No MPA"
"4092","Lutjanus","MT",2026,144.81859594032,144.818190885959,15.7476939367546,3.98543716492671e-14,1198.02574704506,-2.80501321185111e-10,3.37098937591865e-17,-221024.196291841,45.5467038382601,45.5466664006605,4.59810913050226,1.10061022318701e-17,376.434895815138,-2.28250061182648e-13,2.95992892209285e-20,-115969.791230326,464.252120019822,464.249682553787,18.0377493903292,1.43073646107004e-10,3808.12371246339,-3.40487046783424e-07,3.7749673739923e-14,-420078.121000964,"No MPA"
"4093","Lutjanus","MT",2027,146.747498772026,146.747206137037,11.6662866483126,2.14775296343699e-15,1209.69174105839,-1.48928679517969e-11,1.79274675305548e-18,-221024.196291841,46.109926725391,46.1098951150386,3.95168412649297,3.35032147247089e-19,380.386548331278,-6.86143507667124e-15,8.90013741673939e-22,-115969.791230326,466.461285324466,466.460099883378,9.37828966133668,1.34120845197752e-11,3817.50081668362,-3.16969013684874e-08,3.5219760487745e-15,-420078.121000655,"No MPA"
"4094","Lutjanus","MT",2028,148.176479281308,148.17627271712,8.56993381309983,1.1550778007385e-16,1218.2614683073,-7.92022420005067e-13,9.54854085125223e-20,-221024.196291841,46.5939690126207,46.593942723549,3.38240902693245,1.01822548683829e-20,383.768931069139,-2.06313599187694e-16,2.67681832385786e-23,-115969.791230326,467.60989719148,467.60933811743,4.84324381635035,1.25689214358867e-12,3822.34350142592,-2.95725906748749e-09,3.29245112500261e-16,-420078.121000626,"No MPA"
"4095","Lutjanus","MT",2029,149.226194650145,149.226051538852,6.25593807272133,6.20436545519092e-18,1224.51726326873,-4.21845830139812e-14,5.09280643219846e-21,-221024.196291841,47.0082808150966,47.0082592325479,2.88506361921642,3.09040852887512e-22,386.653973105807,-6.20508695745602e-18,8.05278577125297e-25,-115969.791230326,468.203083001574,468.202825054649,2.49240939578769,1.17859436509089e-13,3824.83565287478,-2.76453431012846e-10,3.08343523467344e-17,-420078.121000623,"No MPA"
"4096","Lutjanus","MT",2030,149.99247389388,149.992376225586,4.54565403149317,3.33037928128306e-19,1229.06281963193,-2.24994871993804e-15,2.71974993527044e-22,-221024.196291841,47.3616728050245,47.3616552822599,2.45350022304707,9.36912822483374e-24,389.107455806089,-1.86669460395448e-19,2.42313022545962e-26,-115969.791230326,468.508349388864,468.508232283183,1.28029102298774,1.10631823101469e-14,3826.11582679209,-2.58903135665622e-11,2.89246000555988e-18,-420078.121000623,"No MPA"
"4097","Lutjanus","MT",2031,150.549264120193,150.549198273065,3.29176766998058,1.7872275504882e-20,1232.35452145478,-1.20155451771606e-16,1.45413888406795e-23,-221024.196291841,47.662202614534,47.6621885237088,2.08117034970851,2.83777868361234e-25,391.188612064973,-5.61697264404533e-21,7.29304691292971e-28,-115969.791230326,468.665159307868,468.665106789121,0.65703243335327,1.03972167604111e-15,3826.7728067067,-2.42867697709117e-12,2.71743405400675e-19,-420078.121000623,"No MPA"
"4098","Lutjanus","MT",2032,150.952468317097,150.95242436243,2.37788764401117,9.59137241894923e-22,1234.73236514412,-6.42420970780227e-18,7.78296655477784e-25,-221024.196291841,47.9171257464434,47.9171145091318,1.76150858335626,8.5886983653476e-27,392.950109411017,-1.69057026950325e-22,2.19553909901086e-29,-115969.791230326,468.745633504228,468.745610173012,0.337016672232192,9.78340098646399e-17,3827.10980004771,-2.28171481657117e-13,2.55656704299073e-20,-420078.121000623,"No MPA"
"4099","Lutjanus","MT",2033,151.2437330205,151.243703917741,1.71465696051309,5.14849726047178e-23,1236.44699300188,-3.43841657486599e-19,4.16972773462767e-26,-221024.196291841,48.1328935045765,48.1328846073401,1.48819554608074,2.59781917493912e-28,394.438296059861,-5.08937282528621e-24,6.61106649727505e-31,-115969.791230326,468.786912191283,468.786901903406,0.172824130886964,9.21688705883787e-18,3827.28261389072,-2.14664145684655e-14,2.40831531721536e-21,-420078.121000623,"No MPA"
"4100","Lutjanus","MT",2034,151.453759683174,151.453740543227,1.2348150474893,2.76460639776212e-24,1237.68178890942,-1.84213167207684e-20,2.23592809562764e-27,-221024.196291841,48.3151831331279,48.3151761327722,1.2553242520989,7.85375546576752e-30,395.693613311605,-1.5324759324909e-25,1.99112404548233e-32,-115969.791230326,468.808080350046,468.808075840322,0.0886131953074148,8.69306400948814e-19,3827.37122257631,-2.022160684841e-15,2.27134103252716e-22,-420078.121000623,"No MPA"
"4101","Lutjanus","MT",2035,151.605011199574,151.604998682074,0.888426641098936,1.48515621270866e-25,1238.57020303302,-9.87803470663988e-22,1.19995000523862e-28,-221024.196291841,48.4689483316748,48.4689428538819,1.057492993495,2.37344316109799e-31,396.751100827307,-4.61550950452542e-27,5.99818432038099e-34,-115969.791230326,468.818934125944,468.818932158337,0.0454318742372609,8.20772169240002e-20,3827.41665248294,-1.90714913527992e-16,2.14448017395481e-23,-420078.121000623,"No MPA"
"4102","Lutjanus","MT",2036,151.713834028159,151.713825879952,0.638777169875875,7.98205795166116e-27,1239.20897205469,-5.30121822016826e-23,6.44457465215489e-30,-221024.196291841,48.5984811470543,48.598476881142,0.889844883391313,7.170548594658e-33,397.640941444786,-1.39040225028035e-28,1.80731665980607e-35,-115969.791230326,468.824498885453,468.82449803015,0.0232919217445337,7.75708946692769e-21,3827.43994354938,-1.80062941759574e-17,2.02671675858158e-24,-420078.121000623,"No MPA"
"4103","Lutjanus","MT",2037,151.792077552102,151.792072268894,0.459057516213665,4.29209273968024e-28,1239.66802428769,-2.84712579496164e-24,3.46357466435774e-31,-221024.196291841,48.7074787084531,48.707475400198,0.74807049607505,2.16586306347429e-34,398.389008632606,-4.1894241932109e-30,5.4467809299716e-37,-115969.791230326,468.827351833941,468.827351463219,0.0119409769220058,7.33782077740505e-22,3827.45188415558,-1.70174844597481e-18,1.91716157206491e-25,-420078.121000623,"No MPA"
"4104","Lutjanus","MT",2038,151.848307367835,151.84830395362,0.329787111293056,2.30906101094097e-29,1239.99780798477,-1.53016003941664e-25,1.86264466383246e-32,-221024.196291841,48.7991102856514,48.7991077294649,0.628386398530277,6.54097334447086e-36,399.01739247495,-1.26258176656403e-31,1.64185589397697e-38,-115969.791230326,468.828814452001,468.828814291669,0.00612164657474585,6.94695675864763e-23,3827.45800564182,-1.60975958090193e-19,1.81503438045977e-26,-420078.121000623,"No MPA"
"4105","Lutjanus","MT",2039,151.88870293763,151.888700737427,0.236859918777622,1.24282471374531e-30,1240.23466570335,-8.22890873940153e-27,1.00227977182442e-33,-221024.196291841,48.8760817174927,48.876079748748,0.527499131939183,1.97519384612122e-37,399.544889638144,-3.80587253144201e-33,4.9501447808156e-40,-115969.791230326,468.829564279621,468.829564210392,0.00313828725674492,6.58188395440084e-24,3827.46114385985,-1.5240076910629e-20,1.71964890142231e-27,-420078.121000623,"No MPA"
"4106","Lutjanus","MT",2040,151.917715901543,151.917714487053,0.170087089661223,6.692459590672e-32,1240.40475137852,-4.42793410850651e-28,5.39612364997402e-35,-221024.196291841,48.9406954284242,48.9406939163899,0.442561518891438,5.96420211576818e-39,399.987449645001,-1.1474579133628e-34,1.49274895203472e-41,-115969.791230326,468.829948683418,468.829948653559,0.00160884583141831,6.24029273915429e-25,3827.46275267582,-1.44391653328123e-21,1.63040002359127e-28,-420078.121000623,"No MPA"
"4107","Lutjanus","MT",2041,151.93854988401,151.938548976481,0.122122299715226,3.60540989123824e-33,1240.5268727707,-2.38393297866392e-29,2.90663986401119e-36,-221024.196291841,48.9949050931355,48.9949039347306,0.371126054441868,1.80088632629954e-40,400.358574541038,-3.46023309372841e-36,4.50235710189792e-43,-115969.791230326,468.830145749066,468.830145736197,0.000824772569367967,5.92013907730846e-26,3827.46357743552,-1.36897802068256e-22,1.54675289085513e-29,-420078.121000623,"No MPA"
"4108","Lutjanus","MT",2042,151.953508668405,151.953508087131,0.0876754983010572,1.94315451449012e-34,1240.61454768773,-1.28411331420747e-30,1.56639453710266e-37,-221024.196291841,49.0403645921152,49.0403637065541,0.311098531244169,5.43781982111721e-42,400.669672186721,-1.04365817772365e-37,1.35823738650794e-44,-115969.791230326,468.830246774794,468.830246769249,0.000422817062468205,5.61961044484388e-27,3827.46400024704,-1.29874305697865e-23,1.46823355236772e-30,-420078.121000623,"No MPA"
"4109","Lutjanus","MT",2043,151.96424806596,151.964247694186,0.0629408360201466,1.04769375120051e-35,1240.67748815198,-6.92011425606381e-32,8.44495781424155e-39,-221024.196291841,49.0784712868089,49.0784706111093,0.260693867911845,1.64202125752319e-43,400.930365378934,-3.14842841829188e-39,4.09819204093872e-46,-115969.791230326,468.830298565444,468.830298563055,0.000216755256560246,5.33709594004831e-28,3827.46421699991,-1.23281368556641e-24,1.39442093765177e-31,-420078.121000623,"No MPA"
"4110","Lutjanus","MT",2044,151.971957713038,151.971957475541,0.0451820490153048,5.65101321387883e-37,1240.7226699635,-3.73086536106079e-33,4.55478016655769e-40,-221024.196291841,49.1104038842497,49.110403369531,0.218395268561549,4.95857717987344e-45,401.148760132776,-9.49970855555655e-41,1.23676768264166e-47,-115969.791230326,468.830325115743,468.830325114713,0.00011111836420753,5.07116028250015e-29,3827.46432811724,-1.17083635130627e-25,1.32493995893626e-32,-420078.121000623,"No MPA"
"4111","Lutjanus","MT",2045,151.977492083102,151.977491931534,0.0324327928006205,3.04911773580612e-38,1240.75510260473,-2.01223872955854e-34,2.45753366997324e-41,-221024.196291841,49.1371552991925,49.1371549076671,0.182917260900148,1.49750035158469e-46,401.331677002151,-2.86685656304735e-42,3.73302999387601e-49,-115969.791230326,468.830338726628,468.830338726184,5.69641051091972e-05,4.82052128861418e-30,3827.4643850809,-1.11249610881952e-26,1.25945557564113e-33,-420078.121000623,"No MPA"
"4112","Lutjanus","MT",2046,151.981464793197,151.981464696545,0.0232804833075185,1.64577090840336e-39,1240.77838299139,-1.08570428700075e-35,1.32642687117224e-42,-221024.196291841,49.1595609888283,49.1595606913836,0.153172773411487,4.52287040645116e-48,401.484849478118,-8.65324894815746e-44,1.12696571689721e-50,-115969.791230326,468.83034570417,468.830345703978,2.9202235198804e-05,4.58403039766521e-31,3827.46441428295,-1.05751163867407e-27,1.19766768190804e-34,-420078.121000623,"No MPA"
"4113","Lutjanus","MT",2047,151.984316433506,151.984316371913,0.0167105937169549,8.88594933746271e-41,1240.79509352351,-5.8599698631985e-37,7.16159264219437e-44,-221024.196291841,49.1783232548182,49.1783230290916,0.12824416570138,1.36616554666578e-49,401.613093418093,-2.61233172941743e-45,3.40278232021746e-52,-115969.791230326,468.83034928116,468.830349281078,1.49702961402119e-05,4.36065584821724e-32,3827.46442925316,-1.00563095465361e-28,1.13930669921964e-35,-420078.121000623,"No MPA"
"4114","Lutjanus","MT",2048,151.986363325068,151.986363285836,0.0119946114878084,4.79921340233136e-42,1240.80708809577,-3.16389223049598e-38,3.86785330440781e-45,-221024.196291841,49.1940319968635,49.1940318257218,0.107357978624821,4.1270346290398e-51,401.720451225576,-7.88772400766181e-47,1.02761456208043e-53,-115969.791230326,468.830351114878,468.830351114843,7.67439689806255e-06,4.14946814541336e-33,3827.46443692752,-9.56627703063303e-30,1.08412977366927e-36,-420078.121000623,"No MPA"
"4115","Lutjanus","MT",2049,151.98783255349,151.987832528509,0.00860947103425133,2.5927529987632e-43,1240.81569754182,-1.7087638964809e-39,2.08956978382673e-46,-221024.196291841,49.2071823734398,49.207182243786,0.0898630915480928,1.24687033921998e-52,401.81031418747,-2.38203270292388e-48,3.10382589656249e-55,-115969.791230326,468.830352054919,468.830352054904,3.93421198986228e-06,3.94962750298617e-34,3827.46444086172,-9.10297969736239e-31,1.03191749213396e-37,-420078.121000623,"No MPA"
"4116","Lutjanus","MT",2050,151.988887134059,151.988887118157,0.00617964965636939,1.40110507777395e-44,1240.82187717557,-9.23142919356178e-41,1.12918065154678e-47,-221024.196291841,49.2181897870307,49.2181896888729,0.0752119403948693,3.76751488198603e-54,401.885526029707,-7.19473437034008e-50,9.37635185061134e-57,-115969.791230326,468.830352536823,468.830352536817,2.01683772603646e-06,3.76037298517003e-35,3827.46444287855,-8.66457522741971e-32,9.82471044021879e-39,-420078.121000623,"No MPA"
"4117","Lutjanus","MT",2051,151.989644084232,151.989644074111,0.00443556704284968,7.57343475357096e-46,1240.82631273249,-4.9885633307656e-42,6.10356320513417e-49,-221024.196291841,49.2274025687706,49.2274024944989,0.0629444458173764,1.1385200639823e-55,401.948470401253,-2.1734580381787e-51,2.83294617613807e-58,-115969.791230326,468.830352783867,468.830352783864,1.03391288914844e-06,3.58101311106908e-36,3827.46444391246,-8.24939429225352e-33,9.35609765815587e-40,-420078.121000623,"No MPA"
"4118","Lutjanus","MT",2052,151.990187400505,151.990187394063,0.00318370581653589,4.09470211115238e-47,1240.82949643187,-2.69646946977147e-43,3.29998007711665e-50,-221024.196291841,49.2351126944577,49.2351126382851,0.0526743145837845,3.44095884785821e-57,402.001144659664,-6.56682808449786e-53,8.56069646172809e-60,-115969.791230326,468.830352910512,468.830352910511,5.30025303968533e-07,3.4109177169964e-37,3827.46444444248,-7.85591993663137e-34,8.91169014625709e-41,-420078.121000623,"No MPA"
"4119","Lutjanus","MT",2053,151.990577375363,151.990577371262,0.00228515477835239,2.21438967210578e-48,1240.83178158255,-1.45788537222974e-44,1.78460431387407e-51,-221024.196291841,49.2415648226282,49.2415647801596,0.0440774013002393,1.04009257950617e-58,402.045222018496,-1.98438706852507e-54,2.58728760709661e-61,-115969.791230326,468.830352975435,468.830352975435,2.71712249217031e-07,3.24951090099089e-38,3827.46444471419,-7.48276972376706e-35,8.48998324650465e-42,-420078.121000623,"No MPA"
"4120","Lutjanus","MT",2054,151.990857285997,151.990857283386,0.00164020268880338,1.19779795239948e-49,1240.83342178263,-7.88413402739018e-46,9.65318563064717e-53,-221024.196291841,49.2469639070611,49.2469638749621,0.0368818466766392,3.14426084947442e-60,402.082103833073,-5.99738556208497e-56,7.82066463551246e-63,-115969.791230326,468.830353008718,468.830353008717,1.3929034439207e-07,3.09626489851999e-39,3827.46444485349,-7.12868025588995e-36,8.08959807006436e-43,-420078.121000623,"No MPA"
"4121","Lutjanus","MT",2055,151.991058195918,151.991058194256,0.00117727749763451,6.48047308936906e-51,1240.83459905846,-4.26464335269695e-47,5.22267773869929e-54,-221024.196291841,49.25148160132,49.2514815770636,0.0308597393068765,9.50646908155351e-62,402.112963548124,-1.81284595068836e-57,2.36431042104572e-64,-115969.791230326,468.830353025779,468.830353025779,7.14055910014433e-08,2.95069475973301e-40,3827.46444492489,-6.79249373829968e-37,7.70926759019433e-44,-420078.121000623,"No MPA"
"4122","Lutjanus","MT",2056,151.991202401737,151.991202400679,0.000845005913270563,3.50686992134037e-52,1240.83544406332,-2.30730649355423e-48,2.82621867894747e-55,-221024.196291841,49.2552616419474,49.2552616236198,0.025820078244105,2.87457630575581e-63,402.13878360804,-5.48051933884787e-59,7.1486785218462e-66,-115969.791230326,468.830353034526,468.830353034526,3.66051442034857e-08,2.81235371698377e-41,3827.4644449615,-6.47314630216905e-38,7.3478245388089e-45,-420078.121000623,"No MPA"
"4123","Lutjanus","MT",2057,151.991305907317,151.991305906642,0.000606513326405482,1.89809907041092e-53,1240.83605057597,-1.24858416194896e-49,1.52969443248353e-56,-221024.196291841,49.2584243696435,49.2584243557967,0.0216028422564662,8.69324697570275e-65,402.16038643645,-1.65707806574407e-60,2.16175293960989e-67,-115969.791230326,468.83035303901,468.83035303901,1.87652223979003e-08,2.68082914709665e-42,3827.46444498026,-6.16965784180007e-39,7.0041908570195e-46,-420078.121000623,"No MPA"
"4124","Lutjanus","MT",2058,151.991380199722,151.991380199293,0.000435332131710997,1.02754561759862e-54,1240.83648590767,-6.7579775574107e-51,8.28107482146381e-58,-221024.196291841,49.2610705239882,49.2610705135267,0.0180739978796518,2.62931892559156e-66,402.178460423868,-5.01098665247072e-62,6.5379858741085e-69,-115969.791230326,468.830353041308,468.830353041308,9.61966890980998e-09,2.55573904636726e-43,3827.46444498988,-5.88112315668871e-40,6.67736848534054e-47,-420078.121000623,"No MPA"
"4125","Lutjanus","MT",2059,151.991433523984,151.99143352371,0.000312464680976042,5.56369537782641e-56,1240.83679837208,-3.65846384706886e-52,4.48382638729194e-59,-221024.196291841,49.2632844266968,49.2632844187928,0.0151213019530567,7.9534758600606e-68,402.193581717917,-1.51551819243605e-63,1.97759866398632e-70,-115969.791230326,468.830353042487,468.830353042487,4.93137591935462e-09,2.43672894788247e-44,3827.46444499481,-5.60670421844992e-41,6.3664313095635e-48,-420078.121000623,"No MPA"
"4126","Lutjanus","MT",2060,151.991471798095,151.99147179792,0.000224275081891832,3.0130252396349e-57,1240.83702264698,-1.98089222542357e-53,2.42822041028133e-60,-221024.196291841,49.2651366507291,49.2651366447567,0.0126507751921724,2.40614834809732e-69,402.206232487137,-4.58411312510344e-65,5.9825627695166e-72,-115969.791230326,468.830353043091,468.830353043091,2.52823102736262e-09,2.32346922068716e-45,3827.46444499734,-5.34562340810834e-42,6.07051810429114e-49,-420078.121000623,"No MPA"
"4127","Lutjanus","MT",2061,151.991499269776,151.991499269665,0.00016097595961494,1.63198731229129e-58,1240.83718362283,-1.0727540534258e-54,1.31523099529219e-61,-221024.196291841,49.2666862574425,49.2666862529292,0.0105837416143495,7.28012390900667e-71,402.216816224238,-1.38676994988382e-66,1.81004751319913e-73,-115969.791230326,468.8303530434,468.8303530434,1.29621543252565e-09,2.21565269885139e-46,3827.46444499864,-5.09715759108208e-43,5.78882633840621e-50,-420078.121000623,"No MPA"
"4128","Lutjanus","MT",2062,151.991518987886,151.991518987815,0.000115542285461874,8.84103130132419e-60,1240.83729916505,-5.81050787361929e-56,7.12505348647891e-63,-221024.196291841,49.2679826711057,49.2679826676944,0.00885434448370322,2.20295298621392e-72,402.22567056531,-4.19572607369697e-68,5.47702855118469e-75,-115969.791230326,468.830353043559,468.830353043559,6.64571868186006e-10,2.11299259580357e-47,3827.4644449993,-4.86063291589649e-44,5.52060672585639e-51,-420078.121000623,"No MPA"
"4129","Lutjanus","MT",2063,151.991533140779,151.991533140734,8.29317507318228e-05,4.79025830497763e-61,1240.83738209675,-3.14774967507956e-57,3.86050476416294e-64,-221024.196291841,49.2690672491365,49.2690672465576,0.00740746309970667,6.66685293546054e-74,402.233078025831,-1.26958607609588e-69,1.65749066341754e-76,-115969.791230326,468.83035304364,468.83035304364,3.40673332242496e-10,2.01522066556682e-48,3827.46444499964,-4.63542023870853e-45,5.26515842152307e-52,-420078.121000623,"No MPA"
"4130","Lutjanus","MT",2064,151.991543299176,151.991543299147,5.95251741476816e-05,2.59586821066408e-62,1240.8374416219,-1.70551738869263e-58,2.09202934092592e-65,-221024.196291841,49.2699745971684,49.2699745952183,0.00619696646156661,2.0178309483015e-75,402.239274990343,-3.8420961747111e-71,5.01657138247106e-78,-115969.791230326,468.830353043682,468.830353043682,1.74789235509235e-10,1.92208557791419e-49,3827.46444499982,-4.42093108948068e-46,5.02182477599571e-53,-420078.121000623,"No MPA"
"4131","Lutjanus","MT",2065,151.991550590477,151.991550590458,4.27248440175879e-05,1.40692848307607e-63,1240.83748434672,-9.24229507919376e-60,1.13385398915517e-66,-221024.196291841,49.2707336702052,49.2707336687303,0.00518424983220327,6.10795719468312e-77,402.2444592387,-1.16285116820758e-72,1.51848851528563e-79,-115969.791230326,468.830353043704,468.830353043704,8.96726765112587e-11,1.83335147907263e-50,3827.46444499991,-4.21661410744439e-47,4.78998957512908e-54,-420078.121000623,"No MPA"
"4132","Lutjanus","MT_20",2015,73.9114702231906,73.9114702231906,100.36076972532,2.9774947488105,700.786025076509,-42278.3788945587,0.00493450642761745,-303983.032057916,38.0912174055852,38.0912174055852,17.5580957901545,0.615660300026913,327.913726790128,-15314.3931254332,0.00197979786961419,-151937.024606971,106.50713966546,106.50713966546,342.669366004088,12.6597752046484,1199.51875879944,-156727.765080404,0.0145596799557246,-656642.043626699,"No MPA"
"4133","Lutjanus","MT_20",2016,85.8400552809654,85.8399713417746,103.448065407609,0.211925075157509,804.02208146977,-2582.03565828224,0.00030241926942031,-264286.688821639,40.1665150671045,40.1665100665498,16.603314885293,0.0229303236056487,344.49410635126,-540.748849395035,6.99279914101471e-05,-137163.380330933,146.930379433091,146.928974355409,430.263398494977,1.70744623351827,1628.07330598322,-14554.9048919148,0.00142487839284647,-514469.183438209,"No MPA"
"4134","Lutjanus","MT_20",2017,98.4855540076543,98.4849231331936,102.742270768296,0.0149508918602887,906.748770471745,-158.237665359133,1.85958332758076e-05,-261862.890828716,42.1974640974475,42.1974271908366,15.4777109889778,0.000851111312101739,359.970929322315,-19.0992717751122,2.47061546829122e-06,-136641.730753313,199.424499898961,199.413545424786,509.144927148884,0.235705573568436,2136.97157308436,-1424.33153202838,0.000144966314239591,-501338.610078323,"No MPA"
"4135","Lutjanus","MT_20",2018,111.068659759224,111.067508783883,97.9755002103517,0.00104007108494233,1004.72207963567,-9.72966816142479,1.14707691078096e-06,-261714.382831518,44.0932372605382,44.0931754371196,14.2563301265863,3.14303076637236e-05,374.227166195175,-0.674780482994598,8.73135824960294e-08,-136623.306262021,261.760011477663,261.736036295348,551.64395287954,0.0323423608342632,2688.55920842075,-144.901056515716,1.51532019883939e-05,-500059.17960281,"No MPA"
"4136","Lutjanus","MT_20",2019,123.069518757193,123.068001554992,89.6519583983804,7.13013532587927e-05,1094.3724495305,-0.600147129617012,7.09686536943431e-08,-261705.253310486,45.8394994824928,45.8394216925307,12.9854403732498,1.15508607226913e-06,387.212527623377,-0.0238468724312375,3.08659472637662e-09,-136622.65532841,329.324590985942,329.288413480856,534.965110766345,0.00433275827798461,3223.48380892373,-15.1452896418221,1.61312111147608e-06,-499929.423835936,"No MPA"
"4137","Lutjanus","MT_20",2020,134.05089171892,134.049199124576,78.8042597031324,4.81853170056254e-06,1173.17501182075,-0.0371292375821362,4.40313299600383e-09,-261704.690292594,47.430090765643,47.430004873342,11.7061418108725,4.22616064699212e-08,398.918583499687,-0.000842989536506701,1.09143309802814e-10,-136622.632324527,394.84809692816,394.805278975965,456.449097748177,0.000559990836133148,3679.88952872887,-1.61216607906564,1.73840110388776e-07,-499915.890712373,"No MPA"
"4138","Lutjanus","MT_20",2021,143.703504729487,143.701817331793,66.7190893462918,3.21332449262866e-07,1239.89241344802,-0.00230354892432714,2.73905877658684e-10,-261704.655466906,48.86397849683,48.8638908119689,10.4534365685197,1.53998564148792e-09,409.371932381805,-2.98080345952197e-05,3.86040486809996e-12,-136622.631511346,450.753738331819,450.712587934617,340.927219096226,6.94906787195894e-05,4020.77552793722,-0.173726817630956,1.88917677025417e-08,-499914.452273112,"No MPA"
"4139","Lutjanus","MT_20",2022,151.875793044257,151.874248644828,54.6222413105917,2.11780243954377e-08,1294.513110338,-0.000143293100900706,1.70808142653298e-11,-261704.65330665,50.1444207628045,50.1443359592194,9.2550936198794,5.59117357059602e-11,418.626941198044,-1.05429805129166e-06,1.36579429490927e-13,-136622.631482592,492.509241394764,492.476477995955,225.492255626972,8.30218899882671e-06,4246.23501186319,-0.0188786135382925,2.06528875768532e-09,-499914.297424908,"No MPA"
"4140","Lutjanus","MT_20",2023,158.566342616802,158.565022354665,43.4455370750515,1.38200458542212e-09,1337.95732714954,-8.93558343091286e-06,1.06759892029635e-12,-261704.653172292,51.2780770287453,51.2779982560244,8.13137120721324,2.0233906623327e-12,426.758233632534,-3.7300170848186e-08,4.83340163421534e-15,-136622.631481575,520.126022939046,520.103832028568,135.448185099511,9.62888805221006e-07,4381.66100508934,-0.00206378980613708,2.2678782930747e-10,-499914.280610084,"No MPA"
"4141","Lutjanus","MT_20",2024,163.887872783351,163.88680494138,33.7373879915581,8.94675623183508e-11,1371.69364729904,-5.58489285353496e-07,6.68693130094906e-14,-261704.653163915,52.2740880322555,52.2740171406903,7.09544945096415,7.30156053767751e-14,433.853612191933,-1.32000020503367e-09,1.71093708646974e-16,-136622.631481539,536.714502630465,536.701273217833,76.1193972439126,1.09495697635269e-07,4457.76717281112,-0.000226619213344224,2.49907680309146e-11,-499914.278772914,"No MPA"
"4142","Lutjanus","MT_20",2025,168.020271950833,168.019446283769,25.6983971495702,5.75637720320392e-12,1397.39121878154,-3.49806327079852e-08,4.19657009004004e-15,-261704.653163392,53.1432087994849,53.1431466137472,6.15433240700889,2.62827108760786e-15,440.007882413204,-4.67252145008325e-11,6.05797041086112e-18,-136622.631481538,546.036831288128,546.02964628617,41.0512145083865,1.23113507715327e-08,4498.81120230524,-2.49719387660034e-05,2.76183264989489e-12,-499914.278571266,"No MPA"
"4143","Lutjanus","MT_20",2026,171.167995903238,171.167380338807,19.2815529042274,3.68689289763793e-13,1416.67215612133,-2.19528429303983e-09,2.63842081183845e-16,-261704.653163359,53.8970521655113,53.896998759214,5.3099881703706,9.44041008607095e-17,445.317817177277,-1.65440209534146e-12,2.1455101250903e-19,-136622.631481538,551.064359855559,551.060702881056,21.6232000439323,1.37654688965097e-09,4520.43074537329,-2.75973693084264e-06,3.05982751691061e-13,-499914.278549054,"No MPA"
"4144","Lutjanus","MT_20",2027,173.529739242707,173.529293609429,14.3003864825752,2.35386082811131e-14,1430.97209697063,-1.38018393913907e-10,1.66154621075839e-17,-261704.653163357,54.5474719475505,54.5474268885416,4.56054043659745,3.38464078204932e-18,449.878312554866,-5.85924435706717e-14,7.60050835407098e-21,-136622.631481538,553.712561597179,553.710781445267,11.2443669344376,1.53578981904772e-10,4531.67333215567,-3.05749702897317e-07,3.39745297577642e-14,-499914.2785466,"No MPA"
"4145","Lutjanus","MT_20",2028,175.281354813072,175.28103973764,10.5137959807458,1.4995842212087e-15,1441.48557787594,-8.69166181566335e-12,1.04794944725121e-18,-261704.653163357,55.1060920702592,55.1060546217824,3.90138229549548,1.21159267848883e-19,453.779657401884,-2.07563606335087e-15,2.69315707173862e-22,-136622.631481538,555.089678486453,555.088838372431,5.80754109188905,1.71289273344861e-11,4537.48003313352,-3.39486034759506e-08,3.77982909950739e-15,-499914.278546328,"No MPA"
"4146","Lutjanus","MT_20",2029,176.569162717073,176.568944145331,7.67973653008223,9.54075024379099e-17,1449.16509583428,-5.48187190887807e-13,6.61869891326916e-20,-261704.653163357,55.5839721154579,55.5839413895624,3.32613773107422,4.33142643633744e-21,457.105764407063,-7.35475369525166e-17,9.54522120754829e-24,-136622.631481538,555.800947711441,555.800559901201,2.98884749135037,1.91157314354062e-12,4540.46849281462,-3.77694180905979e-09,4.21285418954932e-16,-499914.278546298,"No MPA"
"4147","Lutjanus","MT_20",2030,177.509835365337,177.509686045528,5.58277323021012,6.06562880727513e-18,1454.74771974468,-3.46226119441672e-14,4.18560473395035e-21,-261704.653163357,55.9913906411966,55.9913657078474,2.82744014642375,1.54678698231967e-22,459.933179620138,-2.60669754091557e-18,3.38387155489656e-25,-136622.631481538,556.167007443016,556.166831312235,1.53536762192109,2.13550869916769e-13,4542.00368430576,-4.2096344805075e-10,4.70327931525742e-17,-499914.278546295,"No MPA"
"4148","Lutjanus","MT_20",2031,178.193657142504,178.193556390692,4.04416348522965,3.85511690171515e-19,1458.7917824781,-2.18949741379414e-15,2.65002530426879e-22,-261704.653163357,56.3377238577673,56.337703816712,2.39752771681241,5.51871885121436e-24,462.330687295895,-9.24095765190794e-20,1.1998959131594e-26,-136622.631481538,556.355054746688,556.354975733112,0.78796050110985,2.38855068653143e-14,4542.7915657933,-4.69968385163326e-11,5.25880438003601e-18,-499914.278546294,"No MPA"
"4149","Lutjanus","MT_20",2032,178.689018859454,178.688951561475,2.92211314552838,2.45018046075118e-20,1461.71382832565,-1.38623076879522e-16,1.67959610433876e-23,-261704.653163357,56.6313972246143,56.6313812481935,2.0286735693539,1.9675512862401e-25,464.359344888828,-3.2767656574559e-21,4.25572322012608e-28,-136622.631481538,556.451563221493,556.45152811193,0.404184514858659,2.67488391165429e-15,4543.19571519859,-5.25478369922324e-12,5.88819443091893e-19,-499914.278546294,"No MPA"
"4150","Lutjanus","MT_20",2033,179.046943487103,179.046898905373,2.10746308131895,1.55756276077202e-21,1463.82124682524,-8.78597289618191e-18,1.06557312271851e-24,-261704.653163357,56.879889736868,56.8798770915804,1.71347741213665,7.01060814187189e-27,466.072809655677,-1.16218183519521e-22,1.50973780015688e-29,-136622.631481538,556.501067929137,556.501052444846,0.207272222034413,2.99915258682783e-16,4543.40297193634,-5.88369223175978e-13,6.6014163017984e-20,-499914.278546294,"No MPA"
"4151","Lutjanus","MT_20",2034,179.305083509923,179.305054177611,1.51789045212763,9.90460774835214e-23,1465.33910794506,-5.57401185809469e-19,6.76626915716028e-26,-261704.653163357,57.0897739312514,57.0897639847374,1.44504732406013,2.49677861052175e-28,467.517847033223,-4.12288581655426e-24,5.35705724544641e-31,-136622.631481538,556.526455036169,556.526448247664,0.106277658772033,3.36656920433219e-17,4543.5092428066,-6.59636858415104e-14,7.40979667053129e-21,-499914.278546294,"No MPA"
"4152","Lutjanus","MT_20",2035,179.491007997243,179.490988807357,1.09219566778636,6.3009838828909e-24,1466.43128442296,-3.53943249694443e-20,4.30001776397313e-27,-261704.653163357,57.2667781578383,57.2667703765474,1.21709860034886,8.8888193160433e-30,468.734937852281,-1.46293584558194e-25,1.90127920655175e-32,-136622.631481538,556.539472272604,556.539469310462,0.0544891333143549,3.78301819138125e-18,4543.56372897778,-7.40413072878537e-15,8.32620337442006e-22,-499914.278546294,"No MPA"
"4153","Lutjanus","MT_20",2036,179.624789901968,179.624777406866,0.78533951447949,4.01031355864765e-25,1467.21661144233,-2.24933645717295e-21,2.73474367428699e-28,-261704.653163357,57.4158609583672,57.4158548998145,1.02399279391453,3.16363174600622e-31,469.758924587643,-5.19211415138372e-27,6.74929809837855e-34,-136622.631481538,556.546146343972,556.546145056265,0.0279356826916938,4.25516213977954e-19,4543.59166337276,-8.31983663801415e-16,9.36525246903182e-23,-499914.278546294,"No MPA"
"4154","Lutjanus","MT_20",2037,179.720985477143,179.720977373551,0.564412048422153,2.55361780596714e-26,1467.78101538716,-1.4305421589301e-22,1.74045047770013e-29,-261704.653163357,57.541290226111,57.5412855284637,0.860735704690054,1.12573897548631e-32,470.619655594686,-1.84313178234908e-28,2.39641854018926e-35,-136622.631481538,556.549568058909,556.549567500742,0.0143218056704594,4.790555905578e-20,4543.60598462027,-9.35809117647346e-17,1.05435440989582e-23,-499914.278546294,"No MPA"
"4155","Lutjanus","MT_20",2038,179.790119940576,179.79011470269,0.405488114322934,1.62683132291597e-27,1468.1864982636,-9.10428000783777e-24,1.10836107271971e-30,-261704.653163357,57.6467221191322,57.6467184899388,0.722948816970497,4.00522011229523e-34,471.342600782463,-6.54425150591007e-30,8.5105246234284e-37,-136622.631481538,556.551322284355,556.55132204295,0.00734225534761006,5.39777247693427e-21,4543.61332663421,-1.05354817868329e-17,1.18799308211399e-24,-499914.278546294,"No MPA"
"4156","Lutjanus","MT_20",2039,179.839787986575,179.839784610595,0.291237364904373,1.03689528964162e-28,1468.47773225252,-5.79782535138644e-25,7.06242223120466e-32,-261704.653163357,57.7352764747604,57.7352736799447,0.606824955209389,1.42486770015175e-35,471.949422942857,-2.3240916531553e-31,3.02299794722142e-38,-136622.631481538,556.552221615763,556.552221511527,0.00376406147198483,6.08654381456978e-22,4543.61709059144,-1.18708466052933e-18,1.33958226136373e-25,-499914.278546294,"No MPA"
"4157","Lutjanus","MT_20",2040,179.875461559983,179.875459389293,0.209138936853693,6.61190677629997e-30,1468.68686901869,-3.69434535760502e-26,4.50255843679307e-33,-261704.653163357,57.8096067923323,57.8096046460824,0.509075862132578,5.06875091635049e-37,472.458496658739,-8.25533005293137e-33,1.07400299860417e-39,-136622.631481538,556.552682667048,556.552682622091,0.00192965993637912,6.86791960659469e-23,4543.61902020642,-1.33855792356154e-19,1.51155334390791e-26,-499914.278546294,"No MPA"
"4158","Lutjanus","MT_20",2041,179.901078953776,179.901077560907,0.150163491072834,4.21803258152719e-31,1468.83703111689,-2.35528320284957e-27,2.87197542280569e-34,-261704.653163357,57.8719637948263,57.8719621506768,0.426876997781984,1.80310572175692e-38,472.885372012372,-2.93293073491802e-34,3.81643201351127e-41,-136622.631481538,556.552919027721,556.552919008345,0.000989241941382264,7.75444688312217e-24,4543.62000942899,-1.51039750466982e-20,1.70666749317937e-27,-499914.278546294,"No MPA"
"4159","Lutjanus","MT_20",2042,179.919472475264,179.919471583039,0.107808220714902,2.69200320112741e-32,1468.94483844538,-1.50232698960874e-28,1.83274464625352e-35,-261704.653163357,57.9242522290169,57.9242509722111,0.357813041305414,6.41428307678259e-40,473.243183796872,-1.04220610126323e-35,1.35641393928347e-42,-136622.631481538,556.553040198687,556.553040190339,0.000507133692321519,8.76037361190558e-25,4543.62051655433,-1.70536245581754e-21,1.9280603557847e-28,-499914.278546294,"No MPA"
"4160","Lutjanus","MT_20",2043,179.932677914166,179.932677343463,0.0773943490006495,1.71875656385392e-33,1469.02223222368,-9.58706542304475e-30,1.17006202027103e-36,-261704.653163357,57.9680809902401,57.9680800313309,0.299826249051861,2.28187734725278e-41,473.543009087014,-3.70414629753152e-37,4.82178599117692e-44,-136622.631481538,556.553102317032,556.553102313435,0.000259980624034463,9.90187969307025e-26,4543.62077653136,-1.92658602582407e-22,2.17929284741196e-29,-499914.278546294,"No MPA"
"4161","Lutjanus","MT_20",2044,179.942157963667,179.942157599064,0.0555577881471452,1.09778451862128e-34,1469.07778964722,-6.12058030532469e-31,7.47289247983953e-38,-261704.653163357,58.0048069216364,58.0048061912165,0.25116888084783,8.11824824279036e-43,473.794177237442,-1.31675099448409e-38,1.71436344846033e-45,-136622.631481538,556.553134161905,556.553134160355,0.000133277962514656,1.11973391630447e-26,4543.62090980777,-2.17762640742168e-23,2.46440883026283e-30,-499914.278546294,"No MPA"
"4162","Lutjanus","MT_20",2045,179.948963253924,179.948963021223,0.0398809094081938,7.01414668991467e-36,1469.11767032393,-3.90906094862398e-32,4.77452367840833e-39,-261704.653163357,58.0355727861743,58.0355722305957,0.210360259586532,2.88845222801448e-44,474.00453694145,-4.68164508187235e-40,6.0964283045379e-47,-136622.631481538,556.55315048708,556.553150486412,6.83242325635908e-05,1.26676178940576e-27,4543.62097813134,-2.46252437057423e-24,2.78800061570182e-31,-499914.278546294,"No MPA"
"4163","Lutjanus","MT_20",2046,179.953848282122,179.953848133726,0.0286268750322399,4.48310709719436e-37,1469.14629705057,-2.49754747698135e-33,3.05156434272615e-40,-261704.653163357,58.0613399789761,58.0613395569121,0.176148600925289,1.02779496215652e-45,474.180685120311,-1.66483402990301e-41,2.16832305022024e-48,-136622.631481538,556.553158856109,556.553158855821,3.50259882415296e-05,1.43364116339911e-28,4543.62101315704,-2.78586871503304e-25,3.15528335285753e-32,-499914.278546294,"No MPA"
"4164","Lutjanus","MT_20",2047,179.957354801528,179.957354706956,0.0205482460613953,2.86630200392589e-38,1469.16684520206,-1.59626954440017e-34,1.95099835190007e-41,-261704.653163357,58.0829165642247,58.082916243934,0.147477479081111,3.65755328808055e-47,474.328162279102,-5.92133135483282e-43,7.71341685981771e-50,-136622.631481538,556.553163146446,556.553163146322,1.79558258368861e-05,1.62306298754989e-29,4543.62103111274,-3.15287060205235e-26,3.57217950803996e-33,-499914.278546294,"No MPA"
"4165","Lutjanus","MT_20",2048,179.959871767331,179.95987170709,0.0147492439349805,1.83314126283849e-39,1469.18159438575,-1.02056482337586e-35,1.24774205798857e-42,-261704.653163357,58.1009812045147,58.1009809616806,0.123456634713546,1.30173087288443e-48,474.451618670981,-2.10640608570586e-44,2.74436767035232e-51,-136622.631481538,556.55316534586,556.553165345806,9.20491609481857e-06,1.8380831780413e-30,4543.6210403176,-3.56944796920593e-27,4.04541480342425e-34,-499914.278546294,"No MPA"
"4166","Lutjanus","MT_20",2049,179.961678411154,179.961678372795,0.0105866990628301,1.17271968612363e-40,1469.19218104645,-6.52692322471854e-37,7.98212889850995e-44,-261704.653163357,58.1161035144988,58.1161033305346,0.103336746817864,4.63341061162284e-50,474.554955233835,-7.49441132960133e-46,9.76582317646796e-53,-136622.631481538,556.553166473373,556.55316647335,4.71882445706537e-06,2.08217212257652e-31,4543.6210450364,-4.04232139570837e-28,4.58262716916854e-35,-499914.278546294,"No MPA"
"4167","Lutjanus","MT_20",2050,179.962975182932,179.962975158514,0.00759885844013362,7.50430501381738e-42,1469.19977988047,-4.17544170559544e-38,5.10777630782922e-45,-261704.653163357,58.1287613243729,58.1287611850992,0.086487757005667,1.64942060785779e-51,474.641442851567,-2.66688342076528e-47,3.47572096806225e-54,-136622.631481538,556.553167051385,556.553167051375,2.41906449532596e-06,2.35927089938387e-32,4543.62104745546,-4.57912297121991e-29,5.19249047400469e-36,-499914.278546294,"No MPA"
"4168","Lutjanus","MT_20",2051,179.963905972516,179.963905956973,0.00545423638751765,4.80329117523731e-43,1469.20523410132,-2.67187142982086e-39,3.26932473111102e-46,-261704.653163357,58.1393552883242,58.1393551829425,0.0723803333912702,5.87238510620608e-53,474.713823079577,-9.49161320620105e-49,1.23722553014779e-55,-136622.631481538,556.553167347697,556.553167347693,1.24011148344221e-06,2.67385512154755e-33,4543.62104869556,-5.18851993182373e-30,5.88485503879109e-37,-499914.278546294,"No MPA"
"4169","Lutjanus","MT_20",2052,179.96457406606,179.964574056167,0.00391487571763829,3.07520588834487e-44,1469.20914896714,-1.71017969428711e-40,2.09310844869964e-47,-261704.653163357,58.1482212225057,58.1482211428043,0.0605700798579816,2.09098588281332e-54,474.774393079733,-3.37865588945149e-50,4.40472929483086e-57,-136622.631481538,556.553167499599,556.553167499598,6.35731545180112e-07,3.03100744106704e-34,4543.62104933129,-5.88035506613206e-31,6.67090720943204e-38,-499914.278546294,"No MPA"
"4170","Lutjanus","MT_20",2053,179.965053602304,179.965053596008,0.00280996466230516,1.96929799797294e-45,1469.21195892551,-1.09490242042363e-41,1.34037961808735e-48,-261704.653163357,58.1556405088153,58.1556404485578,0.050684126080313,7.44632044299383e-56,474.825077145556,-1.20285777203542e-51,1.56839133543823e-58,-136622.631481538,556.553167577471,556.55316757747,3.2590171451982e-07,3.4364998873117e-35,4543.62104965719,-6.66580616618479e-32,7.56335057435626e-39,-499914.278546294,"No MPA"
"4171","Lutjanus","MT_20",2054,179.965397797212,179.965397793204,0.00201689322310195,1.26138061880321e-46,1469.21397581473,-7.01150906622023e-43,8.58542302997295e-50,-261704.653163357,58.1618488560945,58.16184881055,0.0424097685412438,2.65208024367666e-57,474.867486868553,-4.2830136920127e-53,5.5853836951178e-60,-136622.631481538,556.553167617391,556.55316761739,1.67070228810551e-07,3.8968873738442e-36,4543.62104982426,-7.55756710635636e-33,8.57661176241406e-40,-499914.278546294,"No MPA"
"4172","Lutjanus","MT_20",2055,179.965644848203,179.965644845651,0.00144765258706413,8.0811695599797e-48,1469.21542346476,-4.49102407636048e-44,5.50033534462754e-51,-261704.653163357,58.1670436699695,58.1670436355525,0.0354848691623909,9.44682614153408e-59,474.902971703298,-1.52527453021457e-54,1.9893604854827e-61,-136622.631481538,556.553167637855,556.553167637855,8.56468778459364e-08,4.41961388851324e-37,4543.62104990991,-8.57005348388536e-34,9.72707415528014e-41,-499914.278546294,"No MPA"
"4173","Lutjanus","MT_20",2056,179.965822172457,179.965822170831,0.00103907131060496,5.17835528454306e-49,1469.21646253445,-2.87721855522903e-45,3.52457182374041e-52,-261704.653163357,58.1713902466237,58.1713902206189,0.0296897537327422,3.36542021011245e-60,474.932661431026,-5.43260930851183e-56,7.08654274831262e-63,-136622.631481538,556.553167648346,556.553167648346,4.39061367791986e-08,5.01313308718981e-38,4543.62104995382,-9.71963615256442e-35,1.10333433006901e-41,-499914.278546294,"No MPA"
"4174","Lutjanus","MT_20",2057,179.965949449252,179.965949448216,0.000745806276466917,3.3189104264273e-50,1469.21720833969,-1.84369912211819e-46,2.25896626607644e-53,-261704.653163357,58.1750269742099,58.1750269545625,0.0248403857203543,1.19907514438696e-61,474.957501797099,-1.93521571139305e-57,2.52472664401784e-64,-136622.631481538,556.553167653724,556.553167653724,2.25077022303477e-08,5.68704524486876e-39,4543.62104997632,-1.10249064330232e-35,1.25165483264203e-42,-499914.278546294,"No MPA"
"4175","Lutjanus","MT_20",2058,179.966040803761,179.966040803101,0.000535311380628697,2.12756115063282e-51,1469.21774365041,-1.18166243410092e-47,1.44809163584324e-54,-261704.653163357,58.1780696981237,58.1780696832797,0.0207826215721132,4.27274228677337e-63,474.978284403827,-6.89460388561729e-59,8.99605179561461e-66,-136622.631481538,556.553167656481,556.553167656481,1.15385394118887e-08,6.45225278285896e-40,4543.62104998786,-1.25069772962258e-36,1.42006842381641e-43,-499914.278546294,"No MPA"
"4176","Lutjanus","MT_20",2059,179.966106374563,179.966106374142,0.000384225994720914,1.36410691630558e-52,1469.21812787598,-7.57494927010857e-49,9.28457964928088e-56,-261704.653163357,58.1806153826073,58.180615371392,0.0173873809623118,1.52271823051897e-64,474.995671773574,-2.45667039643315e-60,3.20586915348847e-67,-136622.631481538,556.553167657895,556.553167657895,5.91505513509183e-09,7.32113689173191e-41,4543.62104999378,-1.41898253996024e-37,1.61130006468111e-44,-499914.278546294,"No MPA"
"4177","Lutjanus","MT_20",2060,179.966153438778,179.96615343851,0.000275782611821077,8.74765867353703e-54,1469.21840365832,-4.85675202354937e-50,5.95395503742155e-57,-261704.653163357,58.1827451807581,58.1827451722835,0.0145465896221384,5.42730473957758e-66,475.010218354722,-8.75468911476124e-62,1.1426008829481e-68,-136622.631481538,556.553167658619,556.553167658619,3.03251060230477e-09,8.30775811146761e-42,4543.62104999681,-1.610067951708e-38,1.82844432228321e-45,-499914.278546294,"No MPA"
"4178","Lutjanus","MT_20",2061,179.966187219663,179.966187219491,0.000197946086285281,5.61060525445287e-55,1469.21860160424,-3.11450644673357e-51,3.81876870074799e-58,-261704.653163357,58.1845270075714,58.184527001167,0.0121697735093125,1.9346386892354e-67,475.022388121827,-3.12025065643786e-63,4.07283594015103e-70,-136622.631481538,556.553167658991,556.553167658991,1.55448435657769e-09,9.42808411836209e-43,4543.62104999836,-1.82704616559007e-39,2.07501550296953e-46,-499914.278546294,"No MPA"
"4179","Lutjanus","MT_20",2062,179.966211466277,179.966211466167,0.000142078016390294,3.5991474922312e-56,1469.21874368215,-1.9975931395786e-52,2.44970182674074e-59,-261704.653163357,58.1860176958038,58.1860176909632,0.0101812013889883,6.89708633757188e-69,475.032569318375,-1.11222291284826e-64,1.45194974175642e-71,-136622.631481538,556.553167659181,556.553167659181,7.97032782544141e-10,1.07002484090337e-43,4543.62104999916,-2.0734288006683e-40,2.35500458583305e-47,-499914.278546294,"No MPA"
"4180","Lutjanus","MT_20",2063,179.966228869557,179.966228869487,0.000101978071532813,2.30918829855358e-57,1469.21884566015,-1.28143596700974e-53,1.57171170629526e-60,-261704.653163357,58.1872648018294,58.1872647981699,0.00851748866481824,2.4591254162372e-70,475.04108680338,-3.96503020074947e-66,5.17675118524655e-73,-136622.631481538,556.553167659279,556.553167659279,4.0859607791135e-10,1.21448440724237e-44,4543.62104999957,-2.35320378425329e-41,2.67294387863308e-48,-499914.278546294,"No MPA"
"4181","Lutjanus","MT_20",2064,179.966241360955,179.96624136091,7.31958842822838e-05,1.48179010007815e-58,1469.21891885599,-8.22160431179344e-55,1.00855642061437e-61,-261704.653163357,58.1883081179881,58.1883081152208,0.00712558880455962,8.76887691301566e-72,475.048212389418,-1.4136835444431e-67,1.84591968077007e-74,-136622.631481538,556.553167659329,556.553167659329,2.09460805283094e-10,1.3785257409141e-45,4543.62104999978,-2.67089995838418e-42,3.03398044366889e-49,-499914.278546294,"No MPA"
"4182","Lutjanus","MT_20",2065,179.966250326794,179.966250326766,5.25371482986092e-05,9.50998102707543e-60,1469.21897139311,-5.27574604359861e-56,6.47281416337907e-63,-261704.653163357,58.1891809389027,58.1891809368096,0.00596111022411739,3.12719227396237e-73,475.054173497549,-5.04089565144436e-69,6.58289451978214e-76,-136622.631481538,556.553167659354,556.553167659354,1.07188862797457e-10,1.56480468030628e-46,4543.62104999989,-3.03166044955559e-43,3.44395948316675e-50,-499914.278546294,"No MPA"
"4183","Lutjanus","MT_40",2015,85.902521681198,85.902521681198,116.326626446818,4.03167855408873,813.590939792729,-49133.6076912744,0.00574889718557471,-352117.447151921,43.9612148003701,43.9612148003701,21.4636998279063,0.87703444258098,379.479782085325,-18911.0242153192,0.00244372043310626,-186205.7245322,123.218258404434,123.218258404434,393.781188181417,16.6016568412694,1383.11590034015,-173421.527278474,0.016503684877974,-720629.03114116,"No MPA"
"4184","Lutjanus","MT_40",2016,99.6576540467908,99.657552135089,119.793755965287,0.332526018223035,933.052067828091,-3482.65724865291,0.000408725918279608,-306466.4967093,46.4828982122705,46.4828914368746,20.4388057744654,0.0400909519479836,399.878490132447,-817.317688706506,0.000105647271286755,-168112.018005587,169.41939635885,169.417867712211,491.693754519888,2.46935551727213,1872.33877069612,-18058.9822681858,0.00178690672766699,-565266.486130871,"No MPA"
"4185","Lutjanus","MT_40",2017,114.29057974385,114.289811683615,118.888260032743,0.0271905185731674,1051.91236928203,-247.59408797686,2.91426246601215e-05,-303231.433548624,48.9815585219335,48.9815083601933,19.1818273718791,0.00182689129112047,419.058440451295,-35.3336393212869,4.56862364505536e-06,-167330.033956202,229.344846829249,229.332893837531,578.28200913198,0.373153299175845,2450.23567353721,-1955.19292659743,0.000199534378419559,-549162.696789283,"No MPA"
"4186","Lutjanus","MT_40",2018,128.849909528436,128.848494507153,113.28705114148,0.00219170691330089,1165.19581369531,-17.6530090411385,2.08362740295157e-06,-303001.492469688,51.3309318495142,51.3308464779071,17.7807247830118,8.28143127215712e-05,436.838997048387,-1.52794152663987,1.97620300240046e-07,-167296.228258408,300.132077612228,300.105776136406,621.772292939222,0.0558136207088661,3071.9258513799,-218.311373767564,2.28046911982667e-05,-547425.815236453,"No MPA"
"4187","Lutjanus","MT_40",2019,142.726123926109,142.72424884943,103.585033953971,0.000174033487380385,1268.77879853912,-1.26209769461655,1.49365150069163e-07,-302985.101558342,53.5088918923876,53.5087832105267,16.2920624622897,3.73521997521845e-06,453.130947093595,-0.0660913780467965,8.5505783774573e-09,-167294.766408259,376.283595085516,376.243954411797,597.45869049676,0.00813602252088392,3669.33676518042,-24.9489048753767,2.6509290629911e-06,-547232.452767561,"No MPA"
"4188","Lutjanus","MT_40",2020,155.414118302407,155.412019874242,90.986420326854,1.36185298489116e-05,1359.76310681927,-0.0904703965070315,1.07338890913983e-08,-302983.929931043,55.504510872322,55.5043897053435,14.7677234573111,1.67686819099103e-07,467.898549216241,-0.00285957389587692,3.70063154632565e-10,-167294.703176455,449.461118653412,449.414442352016,504.660044653633,0.00114389811725688,4173.94898963454,-2.89998169050686,3.11945553202289e-07,-547210.403844376,"No MPA"
"4189","Lutjanus","MT_40",2021,166.558886852289,166.556790421041,76.9827870649307,1.05132352776556e-06,1436.74379640163,-0.00650130479981517,7.73184536974624e-10,-302983.845961952,57.3134107892928,57.3132860492068,13.2535480647532,7.49587551833174e-09,481.151972533413,-0.000123758475712821,1.60203216188744e-11,-167294.700440639,511.271628127917,511.227088382729,373.259505469241,0.000154513431431359,4547.16380084516,-0.341232564038847,3.70331686063297e-08,-547207.845095249,"No MPA"
"4190","Lutjanus","MT_40",2022,175.988336659875,175.986414884605,62.9890120747696,8.01934032668516e-08,1499.73088662094,-0.000468290034079167,5.58170400969915e-11,-302983.839928937,58.9368372696993,58.9367157276109,11.7873779552524,3.33781307610789e-10,492.939228946243,-5.35752613825514e-06,6.9371361907936e-13,-167294.700322238,556.987123128688,556.951922089387,244.840249609773,2.01169050941436e-05,4791.96882929873,-0.0405082693200139,4.42500378422804e-09,-547207.544370955,"No MPA"
"4191","Lutjanus","MT_40",2023,183.703695004559,183.70205011279,50.0761751778406,6.05558160243704e-09,1549.80541690095,-3.38056281868896e-05,4.03782870721155e-12,-302983.839494453,60.3806713444125,60.3805576971661,10.3981644222975,1.48113397170032e-11,503.337279721279,-2.31989281269644e-07,3.00470168807049e-14,-167294.700317113,586.973561818327,586.949868787415,146.181277840992,2.54579259987745e-06,4938.12641156302,-0.00484009730926145,5.31317639688736e-10,-547207.508702783,"No MPA"
"4192","Lutjanus","MT_40",2024,189.837379600989,189.836047848028,38.8711024718887,4.53566439829063e-10,1588.67518761943,-2.44547095255386e-06,2.92662753787107e-13,-302983.839463092,61.6543400840908,61.6542372054332,9.10605981925102,6.5522722850548e-13,512.443236661872,-1.00481086665456e-08,1.30176672252714e-15,-167294.700316891,604.876565720165,604.862504549132,81.8304061783188,3.16218508138812e-07,5019.94275625408,-0.000581148734828419,6.40391120478368e-11,-547207.504443834,"No MPA"
"4193","Lutjanus","MT_40",2025,194.598580806261,194.597550195109,29.5996373403608,3.37598764677658e-11,1618.2737943486,-1.77245892568861e-07,2.12504552801084e-14,-302983.839460824,62.7697388209324,62.7696481066601,7.92322640187369,2.8908104982251e-14,520.366372349473,-4.35323366967791e-10,5.64123407392034e-17,-167294.700316881,614.898340270251,614.890725551709,44.0297117657498,3.88651494555856e-08,5063.96485326243,-7.00445308010434e-05,7.74230266703252e-12,-547207.50393273,"No MPA"
"4194","Lutjanus","MT_40",2026,198.224146880577,198.223377951338,22.2033222640024,2.50118316187672e-12,1640.47634768336,-1.28698201306965e-08,1.54559300254761e-15,-302983.83946066,63.7402524742948,63.7401742099189,6.85507298902874,1.27242356262946e-15,527.221367074126,-1.88646749054026e-11,2.44524673831582e-18,-167294.700316881,620.290655621242,620.286786501115,23.1625296795139,4.75223506521899e-09,5087.12351381706,-8.46831200744858e-06,9.38449150606436e-13,-547207.503871154,"No MPA"
"4195","Lutjanus","MT_40",2027,200.943762194576,200.943205172257,16.46434857906,1.84698962192026e-13,1656.94013924011,-9.36043464537728e-10,1.12588892630145e-16,-302983.839460648,64.5799283597417,64.5798620621611,5.90166494928474,5.5894637936645e-17,533.12296572583,-8.17701455078572e-13,1.06017438911015e-19,-167294.700316881,623.127385566058,623.125503941623,12.0366233947606,5.79941028659561e-10,5099.15825558681,-1.02644641471878e-06,1.14002130266904e-13,-547207.503863712,"No MPA"
"4196","Lutjanus","MT_40",2028,202.960430231314,202.960036176676,12.1031152871804,1.36089836463794e-14,1669.04286047265,-6.81857975039333e-11,8.21333529583392e-18,-302983.839460647,65.302821705757,65.3027664120169,5.05911608845239,2.45111487272988e-18,538.182026520542,-3.54524866830776e-14,4.59765523586996e-21,-167294.700316881,624.601534395859,624.600646870619,6.21450121179213,7.07557451007528e-11,5105.37186927329,-1.24691800427052e-07,1.38759837128107e-14,-547207.50386281,"No MPA"
"4197","Lutjanus","MT_40",2029,204.442905940698,204.442632444471,8.83975574094186,1.00135296303795e-15,1677.88234271736,-4.97411812487428e-12,5.99957001392728e-19,-302983.839460647,65.9225116578226,65.9224661510304,4.32083962037435,1.07331564845458e-19,542.502820634125,-1.53745881569004e-15,1.99433619072107e-22,-167294.700316881,625.362646808573,625.362237244648,3.19769231342021,8.63781244282624e-12,5108.56915202278,-1.51770860634848e-08,1.69190748537376e-15,-547207.503862701,"No MPA"
"4198","Lutjanus","MT_40",2030,205.525663897321,205.525476974903,6.42557451899017,7.36231542937469e-17,1684.30773031393,-3.63341770385721e-13,4.38786425711773e-20,-302983.839460647,66.4517705075935,66.4517334815196,3.67859536931589,4.69422094813768e-21,546.181378977366,-6.66904259677288e-17,8.65289836091482e-24,-167294.700316881,625.754285508752,625.754099539576,1.64249171373559,1.05555581396717e-12,5110.21145776733,-1.8505510318321e-09,2.06624594211194e-16,-547207.503862687,"No MPA"
"4199","Lutjanus","MT_40",2031,206.312716730504,206.312590560272,4.6544401531263,5.41126602496627e-18,1688.96204429683,-2.6573417563015e-14,3.2127550039807e-21,-302983.839460647,66.9023611875428,66.9023313578751,3.12331532025514,2.05097943111597e-22,549.304664467954,-2.89351040015517e-18,3.75512564679482e-25,-167294.700316881,625.955453355793,625.955369944101,0.842894733975369,1.29139962858177e-13,5111.05426908962,-2.2599893100977e-10,2.52709646637194e-17,-547207.503862686,"No MPA"
"4200","Lutjanus","MT_40",2032,206.88282879794,206.882744495231,3.36293898267465,3.97717778430894e-19,1692.3248989768,-1.94567873003555e-15,2.35480645201148e-22,-302983.839460647,67.2849358816386,67.2849120545073,2.64571889499053,8.95361859180314e-24,551.950359535813,-1.25570173868953e-19,1.62999152823124e-26,-167294.700316881,626.058690246809,626.058653189638,0.43235161095311,1.58181605278671e-14,5111.4865836434,-2.76405161844677e-11,3.09489201092818e-18,-547207.503862685,"No MPA"
"4201","Lutjanus","MT_40",2033,207.294748587006,207.294692725952,2.42532453198349,2.92371051536737e-20,1694.75016764773,-1.42609425351835e-16,1.72762980597275e-23,-302983.839460647,67.6090099966394,67.6089911051755,2.23674531287581,3.90609290530098e-25,554.187085957225,-5.45062325058376e-21,7.0768922152873e-28,-167294.700316881,626.111644934642,626.111628594535,0.221713646442511,1.93979183645556e-15,5111.70828094974,-3.38508678080348e-12,3.79496615839568e-19,-547207.503862685,"No MPA"
"4202","Lutjanus","MT_40",2034,207.591822428855,207.591785667617,1.74679388496627,2.14999331080658e-21,1696.49692477145,-1.04626894103564e-17,1.26861973005032e-24,-302983.839460647,67.8829890898176,67.8829742082918,1.88783665690975,1.703142167797e-26,556.074907732609,-2.36647749895827e-22,3.07322618726497e-29,-167294.700316881,626.138800882892,626.138793720694,0.11368155513202,2.38140889773448e-16,5111.82195534267,-4.15080377609585e-13,4.65873398556869e-20,-547207.503862685,"No MPA"
"4203","Lutjanus","MT_40",2035,207.805784640854,207.805760586792,1.25688490322057,1.58168743957602e-22,1697.75378562061,-7.68287631818857e-19,9.32325606567649e-26,-302983.839460647,68.1142304670152,68.1142188103026,1.59110527106142,7.42288625121845e-28,557.666001346958,-1.02766949088588e-23,1.33487169908523e-30,-167294.700316881,626.152724985006,626.15272186053,0.058284904733138,2.92659943201301e-17,5111.88023712293,-5.09556332169698e-14,5.7251591764078e-21,-547207.503862685,"No MPA"
"4204","Lutjanus","MT_40",2036,207.959738916356,207.959723252088,0.903749606533363,1.16414319882778e-23,1698.65751956288,-5.64624608269087e-20,6.85696151363585e-27,-302983.839460647,68.3091252835864,68.3091161978307,1.33941564834919,3.23407495054938e-29,559.005407909551,-4.46372816813625e-25,5.79930468426169e-32,-167294.700316881,626.15986398473,626.159862626797,0.0298816387531439,3.60008088336098e-18,5111.91011740375,-6.26198254784845e-15,7.04257674094601e-22,-547207.503862685,"No MPA"
"4205","Lutjanus","MT_40",2037,208.070438286474,208.070428126665,0.649507007384686,8.572440779319e-25,1699.30701641045,-4.15263504513544e-21,5.04659759245061e-28,-302983.839460647,68.4731906748221,68.4731836235031,1.1264059989406,1.40869855905945e-30,560.131806857173,-1.93924879246175e-26,2.52000888113974e-33,-167294.700316881,626.163524053375,626.16352346493,0.015319417122908,4.43251556591345e-19,5111.92543623243,-7.7029286229049e-16,8.67095755873874e-23,-547207.503862685,"No MPA"
"4206","Lutjanus","MT_40",2038,208.149995873677,208.149989306383,0.466620167354684,6.31564131861191e-26,1699.77363001052,-3.05626234427859e-22,3.716598197428e-29,-302983.839460647,68.6111645277135,68.6111590759521,0.94646945242634,6.13488651048794e-32,561.078270857838,-8.42673160283725e-28,1.09525767748882e-34,-167294.700316881,626.165400473642,626.165400219217,0.00785368572285429,5.46195017470497e-20,5111.93328966372,-9.48399563188794e-17,1.06847219183156e-23,-547207.503862685,"No MPA"
"4207","Lutjanus","MT_40",2039,208.207151889623,208.207147656717,0.335143604839151,4.65524716574315e-27,1700.10876938245,-2.25080305325932e-23,2.73874539358863e-30,-302983.839460647,68.7270979499442,68.7270937488404,0.794710032958052,2.67140924155682e-33,561.872976689692,-3.66246063273539e-29,4.76120608330975e-36,-167294.700316881,626.166362449128,626.166362339304,0.00402624723865232,6.7356035674755e-21,5111.93731580114,-1.16865819285078e-17,1.31762352638621e-24,-547207.503862685,"No MPA"
"4208","Lutjanus","MT_40",2040,208.248203481955,208.248200760306,0.240667626097346,3.43300588135826e-28,1700.3494342869,-1.65860699636014e-24,2.01928603517883e-31,-302983.839460647,68.8244423462326,68.8244391182773,0.666884457841018,1.16316302315839e-34,562.539857919578,-1.59211075775219e-30,2.07015301078041e-37,-167294.700316881,626.166855615153,626.166855567801,0.00206406936875637,8.31208763578979e-22,5111.93937982315,-1.44117136623328e-18,1.62601517241672e-25,-547207.503862685,"No MPA"
"4209","Lutjanus","MT_40",2041,208.277682792276,208.27768104594,0.17280105945251,2.53282444166513e-29,1700.52223360001,-1.22289632037655e-25,1.48959054958476e-32,-302983.839460647,68.906129365652,68.9061268917367,0.559337526074136,5.0643575934174e-36,563.099192971737,-6.92242787948082e-32,9.00266453675129e-39,-167294.700316881,626.167108439492,626.167108419091,0.00105814663611592,1.02641665796636e-22,5111.94043794939,-1.77847955812777e-19,2.00788112242623e-26,-547207.503862685,"No MPA"
"4210","Lutjanus","MT_40",2042,208.298849171256,208.298848052681,0.124060470468586,1.86950017861142e-30,1700.64629295191,-9.02108299841552e-27,1.09936826736057e-33,-302983.839460647,68.9746429348155,68.9746410430282,0.468936333883559,2.20498741327295e-37,563.568127413833,-3.01041802661002e-33,3.91580640200296e-40,-167294.700316881,626.167238050545,626.167238041759,0.000542457425951068,1.26821854168657e-23,5111.94098039803,-2.19615142067794e-20,2.48089459782266e-27,-547207.503862685,"No MPA"
"4211","Lutjanus","MT_40",2043,208.314045338479,208.314044623056,0.0890615938923062,1.38046846859436e-31,1700.73535383038,-6.65786444403517e-28,8.11731678494821e-35,-302983.839460647,69.0320832332693,69.0320817894564,0.393006672921727,9.60058466178076e-39,563.961132642942,-1.30941326701046e-34,1.70353578061847e-41,-167294.700316881,626.167304495679,626.167304491895,0.000278089159924877,1.56783303009136e-24,5111.9412584834,-2.71351731652001e-21,3.06700143077734e-28,-547207.503862685,"No MPA"
"4212","Lutjanus","MT_40",2044,208.324954503984,208.324954046974,0.0639331262330541,1.0197615863409e-32,1700.7992864996,-4.915913504878e-29,5.9960039322128e-36,-302983.839460647,69.0802228784467,69.0802217784083,0.329273610722081,4.18031274563332e-40,564.290405153626,-5.69648037572468e-36,7.41241286934233e-43,-167294.700316881,626.167338558664,626.167338557034,0.000142561194635911,1.93919226938858e-25,5111.94140104297,-3.35458084323343e-22,3.79345569781584e-29,-547207.503862685,"No MPA"
"4213","Lutjanus","MT_40",2045,208.332785687347,208.332785395706,0.0458929431083008,7.53585981080433e-34,1700.84517915107,-3.63122899214514e-30,4.43077550255323e-37,-302983.839460647,69.1205558324557,69.1205549955852,0.275807305229159,1.82031817466684e-41,564.566211621984,-2.47864766584346e-37,3.22585349989839e-44,-167294.700316881,626.167356020943,626.16735602024,7.30832177121681e-05,2.39959985140312e-26,5111.94147412548,-4.1491515737936e-23,4.69410672609416e-30,-547207.503862685,"No MPA"
"4214","Lutjanus","MT_40",2046,208.338407128982,208.338406943027,0.0329423606547226,5.57083355870983e-35,1700.87812132577,-2.6833138181258e-31,3.2753325394577e-38,-302983.839460647,69.1543396718069,69.1543390359681,0.230974464545352,7.92719745392234e-43,564.797185450691,-1.07869759491359e-38,1.40412183774125e-45,-167294.700316881,626.167364972901,626.167364972598,3.7465646068408e-05,2.97054843836705e-27,5111.94151159083,-5.13425273983757e-24,5.8109985284513e-31,-547207.503862685,"No MPA"
"4215","Lutjanus","MT_40",2047,208.342442252395,208.342442133905,0.0236458804579087,4.1195752805305e-36,1700.90176708773,-1.98356810359006e-32,2.42202849774237e-39,-302983.839460647,69.1826319115422,69.1826314289835,0.193395446962478,3.45247877826908e-44,564.990580415095,-4.6952612151327e-40,6.11277618057517e-47,-167294.700316881,626.167369562072,626.167369561941,1.92064965414769e-05,3.67873589377054e-28,5111.94153079719,-6.35587063879742e-25,7.19635755892249e-32,-547207.503862685,"No MPA"
"4216","Lutjanus","MT_40",2048,208.345338647931,208.345338572468,0.0169726819264117,3.04734616706957e-37,1700.9187396942,-1.46680020321037e-33,1.79160620928273e-40,-302983.839460647,69.2063210746269,69.2063207087494,0.161906740410944,1.50378378480048e-45,565.152486789628,-2.0440587364776e-41,2.66160859692035e-48,-167294.700316881,626.167371914681,626.167371914625,9.84606154884564e-06,4.557328141999e-29,5111.9415406432,-7.87112877261926e-26,8.91506312140535e-33,-547207.503862685,"No MPA"
"4217","Lutjanus","MT_40",2049,208.347417641268,208.347417593227,0.0121826363546904,2.25486716860722e-38,1700.93092228251,-1.08501131953268e-34,1.32567601031443e-41,-302983.839460647,69.2261531655119,69.2261528883302,0.135528415850745,6.55067406182921e-47,565.288014928297,-8.90018417318805e-43,1.15909851213585e-49,-167294.700316881,626.167373120729,626.167373120705,5.04750198627896e-06,5.64752869729445e-30,5111.94154569068,-9.75098989592689e-27,1.10477176868965e-33,-547207.503862685,"No MPA"
"4218","Lutjanus","MT_40",2050,208.348909899985,208.348909869408,0.00874438109213066,1.66894962452822e-39,1700.93966663303,-8.02840190916651e-36,9.8119776806267e-43,-302983.839460647,69.2427541571116,69.2427539472697,0.113436079828709,2.85387685354021e-48,565.401450798284,-3.87592254482969e-44,5.04853593105744e-51,-167294.700316881,626.167373739,626.16737373899,2.58755793006149e-06,7.00052936831808e-31,5111.94154827822,-1.20836142235789e-27,1.36944628684565e-34,-547207.503862685,"No MPA"
"4219","Lutjanus","MT_40",2051,208.349981005151,208.349980985692,0.00627645897954327,1.23561271067056e-40,1700.94594307255,-5.94221359446162e-37,7.26429475970773e-44,-302983.839460647,69.2566490422864,69.2566488835164,0.0949368314449346,1.2434688822485e-49,565.496387470959,-1.68818540446514e-45,2.19926723017824e-52,-167294.700316881,626.167374055952,626.167374055947,1.32648799714729e-06,8.67993475042655e-32,5111.94154960471,-1.49785332130432e-28,1.69797222218828e-35,-547207.503862685,"No MPA"
"4220","Lutjanus","MT_40",2052,208.350749813169,208.350749800787,0.0045050408911932,9.15024339241014e-42,1700.95044810106,-4.39931605898156e-38,5.37950275831112e-45,-302983.839460647,69.2682779403223,69.2682778202512,0.079448739939222,5.4185908679211e-51,565.575836090827,-7.35415280682903e-47,9.58200793002806e-54,-167294.700316881,626.167374218434,626.167374218432,6.80011580796326e-07,1.07647756241284e-32,5111.94155028472,-1.85718370769036e-29,2.10580960671603e-36,-547207.503862685,"No MPA"
"4221","Lutjanus","MT_40",2053,208.351301639094,208.351301631214,0.00323356531231385,6.77780053245183e-43,1700.95368165849,-3.25787067012045e-39,3.98471368760743e-46,-302983.839460647,69.2780096896401,69.2780095988701,0.0664833883117823,2.36151337342762e-52,565.642319388369,-3.20413743605907e-48,4.17541419403442e-55,-167294.700316881,626.16737430173,626.167374301728,3.48601375278545e-07,1.3353254354631e-33,5111.94155063332,-2.3032622336132e-30,2.61216882534333e-37,-547207.503862685,"No MPA"
"4222","Lutjanus","MT_40",2054,208.35169772112,208.351697716105,0.00232093889814789,5.02164393892912e-44,1700.95600259237,-2.4131750498643e-40,2.95225201785029e-47,-302983.839460647,69.2861533022865,69.2861532336874,0.0556310672280009,1.02931327488205e-53,565.697950386998,-1.39622092727008e-49,1.81972465588883e-56,-167294.700316881,626.16737434443,626.16737434443,1.78707279656825e-07,1.65674001634724e-34,5111.94155081202,-2.85710055840113e-31,3.24092128193834e-38,-547207.503862685,"No MPA"
"4223","Lutjanus","MT_40",2055,208.351982014879,208.351982011686,0.00166588559282706,3.7213418124286e-45,1700.95766847477,-1.78790785565684e-41,2.1877942796666e-48,-302983.839460647,69.2929676048365,69.2929675530042,0.046548246257407,4.48702062784399e-55,565.744498581423,-6.08499511686762e-51,7.93183115682826e-58,-167294.700316881,626.16737436632,626.16737436632,9.16123246011517e-08,2.05588553716838e-35,5111.94155090364,-3.54480840385303e-32,4.02173130645793e-39,-547207.503862685,"No MPA"
"4224","Lutjanus","MT_40",2056,208.352186070656,208.352186068624,0.00119571091943551,2.7583260090841e-46,1700.95886418366,-1.32494602535691e-42,1.62163119059912e-49,-302983.839460647,69.2986693446539,69.2986693054961,0.0389469926552644,1.95623874132761e-56,565.78344553492,-2.65233266716013e-52,3.45781310530803e-59,-167294.700316881,626.167374377542,626.167374377542,4.6964190654862e-08,2.55160674491951e-36,5111.9415509506,-4.39883159539262e-33,4.99146306645167e-40,-547207.503862685,"No MPA"
"4225","Lutjanus","MT_40",2057,208.35233253436,208.352332533066,0.000858236328821631,2.04493825509406e-47,1700.95972241869,-9.82073049395599e-44,1.20222675465874e-50,-302983.839460647,69.3034400000631,69.303439970483,0.0325860492265721,8.52979732318138e-58,565.816031554567,-1.1562614105285e-53,1.50760814776157e-60,-167294.700316881,626.167374383294,626.167374383294,2.40760696831847e-08,3.16732285011068e-37,5111.94155097468,-5.45949089355766e-34,6.19592931284925e-41,-547207.503862685,"No MPA"
"4226","Lutjanus","MT_40",2058,208.352437660519,208.352437659694,0.000616009420772361,1.51635138865391e-48,1700.96033842729,-7.28078308744671e-45,8.91468133353786e-52,-302983.839460647,69.3074314976498,69.3074314753053,0.0272633210935782,3.71970281489627e-59,565.843294853316,-5.0413050410256e-55,6.57404988119449e-62,-167294.700316881,626.167374386244,626.167374386243,1.2341764118693e-08,3.93213868525859e-38,5111.94155098702,-6.7768947120897e-35,7.6920650325293e-42,-547207.503862685,"No MPA"
"4227","Lutjanus","MT_40",2059,208.352513116093,208.352513115567,0.000442147971523774,1.12460832004259e-49,1700.96078057474,-5.39880357991768e-46,6.61160812886854e-53,-302983.839460647,69.3107710092668,69.3107709923874,0.0228095558340627,1.62229535609175e-60,565.86610439227,-2.19830264962753e-56,2.86703999302692e-63,-167294.700316881,626.167374387755,626.167374387755,6.3268722802746e-09,4.88222586067296e-39,5111.94155099335,-8.4133165844699e-36,9.55062927065412e-43,-547207.503862685,"No MPA"
"4228","Lutjanus","MT_40",2060,208.352567275223,208.352567274888,0.000317356785091481,8.34221707341567e-51,1700.96109793119,-4.00404369984071e-47,4.90441471001948e-54,-302983.839460647,69.3135649749207,69.3135649621688,0.0190830322917189,7.07624931530487e-62,565.88518741181,-9.5871214492796e-58,1.25051655515348e-64,-167294.700316881,626.16737438853,626.16737438853,3.24337257841181e-09,6.06253953492197e-40,5111.94155099659,-1.04461503244073e-36,1.1859563483749e-43,-547207.503862685,"No MPA"
"4229","Lutjanus","MT_40",2061,208.352606148565,208.352606148351,0.000227786425812356,6.1892441924134e-52,1700.9613257174,-2.97015346888761e-48,3.63867474684854e-55,-302983.839460647,69.3159024750899,69.3159024654551,0.0159651004597322,3.08693247767552e-63,565.901152502635,-4.18161374719895e-59,5.45505085904952e-66,-167294.700316881,626.167374388927,626.167374388927,1.66289919336723e-09,7.52895236577623e-41,5111.94155099825,-1.29715832771099e-37,1.47281659828611e-44,-547207.503862685,"No MPA"
"4230","Lutjanus","MT_40",2062,208.35263405035,208.352634050214,0.000163496258106852,4.59268921431945e-53,1700.96148921352,-2.20361104426338e-49,2.7000550482138e-56,-302983.839460647,69.3178580567225,69.3178580494416,0.0133564384279574,1.34679394231489e-64,565.914508933782,-1.82411941592162e-60,2.37991023056065e-67,-167294.700316881,626.167374389131,626.167374389131,8.52470943772369e-10,9.35090703231928e-42,5111.9415509991,-1.61091621818603e-38,1.82922808076576e-45,-547207.503862685,"No MPA"
"4231","Lutjanus","MT_40",2063,208.352654077171,208.352654077084,0.000117351254845339,3.40853179165968e-54,1700.96160656469,-1.63517531463253e-50,2.00388533971795e-57,-302983.839460647,69.3194941007459,69.3194940952428,0.0111739127644825,5.87657608924187e-66,565.925682841044,-7.95820334414133e-62,1.03842117431344e-68,-167294.700316881,626.167374389236,626.167374389236,4.36746145430498e-10,1.16147133625203e-42,5111.94155099954,-2.00074685843161e-39,2.27207475802423e-46,-547207.503862685,"No MPA"
"4232","Lutjanus","MT_40",2064,208.352668451645,208.35266845159,8.42301577792892e-05,2.53009126711128e-55,1700.96169079479,-1.21356927255772e-51,1.48744760454716e-58,-302983.839460647,69.3208628050047,69.3208628008443,0.00934794620605839,2.56445972918572e-67,565.935030783089,-3.47238591568282e-63,4.53144256737708e-70,-167294.700316881,626.167374389289,626.167374389289,2.24043304495715e-10,1.44276467341763e-43,5111.94155099976,-2.48511734651248e-40,2.82234188130639e-47,-547207.503862685,"No MPA"
"4233","Lutjanus","MT_40",2065,208.352678769084,208.352678769048,6.04571202471149e-05,1.87832789398449e-56,1700.96175125187,-9.00810376515362e-53,1.1042740728081e-59,-302983.839460647,69.3220078447647,69.3220078416186,0.00782031149370762,1.11921831941697e-68,565.942851091437,-1.51527314577354e-64,1.97764453257491e-71,-167294.700316881,626.167374389317,626.167374389317,1.14787618970032e-10,1.79230424967362e-44,5111.94155099988,-3.08698062959968e-41,3.50611256367571e-48,-547207.503862685,"No MPA"
"4234","Lutjanus","MT_60",2015,97.7871267022124,97.7871267022124,131.974176691957,5.21296035790526,925.081436434052,-55884.1913988965,0.00652991146491601,-399137.013385457,49.5734866821878,49.5734866821878,23.7319192317919,1.09668649806269,427.346140333729,-20965.168945033,0.00270980217599325,-204705.415646133,139.509559456099,139.509559456099,447.625920928569,21.9752447948352,1564.58691413373,-205391.842425632,0.019294534726039,-844860.459192087,"No MPA"
"4235","Lutjanus","MT_60",2016,113.314248288876,113.314108251889,135.754758167679,0.48600041653501,1060.35005414821,-4481.54425084764,0.000525378471852391,-347734.366237408,52.3461013743097,52.3460926595012,22.5541331235029,0.0549982136768326,449.845266528747,-995.39938764408,0.000128697297845216,-184735.646088744,191.647981545368,191.645737553157,559.750504037099,3.79219666905553,2120.54297750957,-24672.6081090952,0.00242664277235278,-664141.224875551,"No MPA"
"4236","Lutjanus","MT_60",2017,129.883450879774,129.882392833177,134.597781009511,0.0449590442918277,1194.90181806683,-360.55753670865,4.24022805307014e-05,-343613.379523269,55.102044225971,55.1019796485648,21.1204430581162,0.00275033720447394,470.962894672252,-47.273746380122,6.11397431257338e-06,-183787.52044748,259.74765463568,259.730029421724,660.996843798197,0.669199895846763,2780.85299619796,-3102.86096174193,0.000316099591959338,-642571.477728197,"No MPA"
"4237","Lutjanus","MT_60",2018,146.364845256417,146.362883494818,128.129625569859,0.00410115822397477,1323.02538071687,-29.0986957082912,3.43238423462594e-06,-343281.920682268,57.6887658533657,57.6886558567377,19.5362464142794,0.000136831051130302,490.498894258852,-2.24577155432687,2.90535241616952e-07,-183742.492472654,340.629759127702,340.590468503948,714.72581417821,0.117263103798272,3495.42225664862,-404.158321015251,4.22345307445769e-05,-639872.775087471,"No MPA"
"4238","Lutjanus","MT_60",2019,162.05884215008,162.056236565217,117.041285259609,0.000368617040022666,1440.06369177457,-2.355391306549,2.78629165637182e-07,-343255.177377867,60.0817520495439,60.0816122051007,17.8650186333206,6.77377746138819e-06,508.363766273952,-0.106716803066471,1.38100006566145e-08,-183740.353417903,428.158138153905,428.098303396282,691.493335635649,0.0200530618964878,4186.83570446475,-53.9962961430708,5.74422812011377e-06,-639522.613062599,"No MPA"
"4239","Lutjanus","MT_60",2020,176.394994315911,176.392076900805,102.709793330881,3.26571945756521e-05,1542.77053503315,-0.1911956849074,2.26784429281169e-08,-343253.013182245,62.2700399812219,62.2698843808337,16.1637112012062,3.33795675449081e-07,524.527321540975,-0.00507248053422959,6.56609025664459e-10,-183740.25177358,512.850136080176,512.779004451193,588.492440893842,0.00330863101576358,4775.25370509859,-7.34340804861832,7.90950243449287e-07,-639475.960174504,"No MPA"
"4240","Lutjanus","MT_60",2021,188.975669140423,188.972755257475,86.8276332136545,2.85479911633307e-06,1629.59525150906,-0.0155614837734596,1.85049017927457e-09,-343252.837548044,64.2499317427716,64.2497718936951,14.4819813520026,1.63796380786709e-08,539.009143027521,-0.000241172028131327,3.12274718471541e-11,-183740.246942272,584.926107768124,584.857598810659,438.456493383503,0.00052429393764913,5213.64116523069,-1.0110888515567,1.09854180693454e-07,-639469.627855307,"No MPA"
"4241","Lutjanus","MT_60",2022,199.610924689693,199.608255073583,70.9912184469351,2.46631479401126e-07,1700.58380009325,-0.00126973455520543,1.513484994227e-10,-343252.823256295,66.0238260735533,66.0236706452692,12.8602928555784,8.00714591800962e-10,551.869280454015,-1.14696719680319e-05,1.48553248697624e-12,-183740.246712569,638.624672616236,638.570061235068,289.389671490129,8.00190390061071e-05,5502.97614532061,-0.140422756630778,1.53525844466883e-08,-639468.757189212,"No MPA"
"4242","Lutjanus","MT_60",2023,208.306390519106,208.304107032343,56.402428349576,2.10964982841586e-08,1756.98394493497,-0.000103847196176503,1.24056359066221e-11,-343252.822090407,67.5990785302365,67.5989334805261,11.3291405465291,3.90101024324439e-11,563.198275950794,-5.45620993866394e-07,7.06872883918803e-14,-183740.246701645,674.065634331939,674.028610687126,173.564957223629,1.1860355138621e-05,5676.50406703907,-0.0196240973579529,2.15557416972227e-09,-639468.636390553,"No MPA"
"4243","Lutjanus","MT_60",2024,215.214906639328,215.213059049339,43.759387783535,1.79021896842009e-09,1800.74148512673,-8.5119318949918e-06,1.01892680538667e-12,-343252.821995072,68.986779718506,68.986648647304,9.90931941354409,1.89484520536986e-12,573.107464293135,-2.59624463955501e-08,3.36444001119965e-15,-183740.246701126,695.321261385114,695.299167867009,97.4462787043412,1.72414267304353e-06,5773.92825050117,-0.00275526606626733,3.03752895077201e-10,-639468.619521721,"No MPA"
"4244","Lutjanus","MT_60",2025,220.574816133255,220.573387157847,33.3085023547512,1.50985074204671e-10,1834.04855850592,-6.99111170968742e-07,8.38466578590662e-14,-343252.821987259,70.2005671581216,70.2004517713841,8.61293509434738,9.17974788168709e-14,581.720284000744,-1.23569995797591e-09,1.60175093188156e-16,-183740.246701101,707.254857368533,707.242846068928,52.5242333726055,2.47870116736341e-07,5826.4404723263,-0.00038825469881738,4.29303803933575e-11,-639468.61715471,"No MPA"
"4245","Lutjanus","MT_60",2026,224.654636389096,224.653570775702,24.9776258199243,1.26763630507241e-11,1859.02511871244,-5.75286991201708e-08,6.91171596061262e-15,-343252.821986618,71.2555609698853,71.2554615629427,7.44483650289413,4.43711094958278e-15,589.165021096696,-5.88290329987454e-11,7.62757201004942e-18,-183740.2467011,713.687137498411,713.681018071454,27.6587989460372,3.54404432388844e-08,5854.09315180994,-5.48730027289417e-05,6.08276071224463e-12,-639468.616821329,"No MPA"
"4246","Lutjanus","MT_60",2027,227.714042872868,227.71327124911,18.5171951014521,1.06088663614499e-12,1877.54154219013,-4.74221606650281e-09,5.70669996493782e-16,-343252.821986565,72.1674750506476,72.1673909511046,6.40419793986666,2.14053303765564e-16,595.56913493702,-2.80143144789339e-12,3.63316536621849e-19,-183740.2467011,717.074344792225,717.071363324809,14.38116212257,5.05648435610728e-09,5868.47133246004,-7.77487666066766e-06,8.63755870280374e-13,-639468.61677423,"No MPA"
"4247","Lutjanus","MT_60",2028,229.982140063815,229.981594377858,13.6097899028935,8.85965844391016e-14,1891.15078640707,-3.91541695619352e-10,4.71876406707832e-17,-343252.82198656,72.9519220378988,72.9518519760181,5.48605103849445,1.03091280658633e-17,601.055115913633,-1.33436988697786e-13,1.73097141533087e-20,-183740.2467011,718.835544042324,718.834135922889,7.42731554159408,7.21203503295259e-10,5875.89723988147,-1.10403580224345e-06,1.22894833632911e-13,-639468.616767559,"No MPA"
"4248","Lutjanus","MT_60",2029,231.649151439771,231.64877280499,9.93889919454761,7.38906884948015e-15,1901.08930696683,-3.23757188620191e-11,3.90718597634653e-18,-343252.82198656,73.6239059152192,73.6238483111611,4.68264256499244,4.95807441896352e-19,605.737700874568,-6.35738806253741e-15,8.2489534768675e-22,-183740.2467011,719.745151655429,719.744501241872,3.82244655429124,1.0292535948057e-10,5879.71903602211,-1.5708164674708e-07,1.75165475168364e-14,-639468.616766612,"No MPA"
"4249","Lutjanus","MT_60",2030,232.866531815141,232.866273090101,7.22385470594766,6.15810032719352e-16,1908.31290294774,-2.68073515787676e-12,3.23925076624199e-19,-343252.82198656,74.197480926023,74.1974340974326,3.98455827101373,2.38174296224468e-20,609.722212316991,-3.02960331478638e-16,3.93197158806029e-23,-183740.2467011,720.213287691602,720.212992150277,1.96361440973872,1.47036719550303e-11,5881.6823548905,-2.2389281845026e-08,2.50074468196684e-15,-639468.616766478,"No MPA"
"4250","Lutjanus","MT_60",2031,233.75135807614,233.751183468655,5.23232673442698,5.13067726466813e-17,1913.54505507468,-2.22245732367425e-13,2.68859455051456e-20,-343252.82198656,74.6855481394751,74.6855104406064,3.38159992926907,1.14302233565194e-21,613.103774547391,-1.44409464097959e-17,1.87466108905308e-24,-183740.2467011,720.453776791222,720.453644159866,1.00776128297786,2.10300487562411e-12,5882.68998354212,-3.19639851150989e-09,3.57551629409588e-16,-639468.616766459,"No MPA"
"4251","Lutjanus","MT_60",2032,234.392250176929,234.392133524495,3.78028997032459,4.27468300258434e-18,1917.32522839257,-1.84464786708178e-14,2.23390832913525e-21,-343252.82198656,75.0997594370846,75.099729343586,2.86343240523886,5.48110707013128e-23,615.967176859132,-6.88504319167338e-19,8.93993467136938e-26,-183740.2467011,720.577202339197,720.577143388859,0.516943489980003,3.01148970008881e-13,5883.20686808177,-4.57014819637637e-10,5.11923939608079e-17,-639468.616766456,"No MPA"
"4252","Lutjanus","MT_60",2033,234.855287787509,234.855210497703,2.72621938674603,3.562236378516e-19,1920.05137048951,-1.53268533349731e-15,1.85792006267413e-22,-343252.82198656,75.4505007531726,75.4504769065399,2.42003319858235,2.626642367725e-24,618.387186211081,-3.28334923662252e-20,4.26425740023326e-27,-183740.2467011,720.640516098132,720.640490094796,0.265102796786827,4.31754293880768e-14,5883.47194487522,-6.54330159560110e-11,7.33875777247863e-18,-639468.616766455,"No MPA"
"4253","Lutjanus","MT_60",2034,235.189215948076,235.1891650881,1.96345899941569,2.96953652482027e-20,1922.01477862895,-1.27471857371954e-16,1.54659239379875e-23,-343252.82198656,75.7469303752233,75.746911599169,2.04198235639051,1.25808131989152e-25,620.429149791418,-1.56612043855752e-21,2.03445580489145e-28,-183740.2467011,720.672985647736,720.672974246439,0.135932754233288,6.19698545321661e-15,5883.60786622815,-9.38024195439713e-12,1.05328716667492e-18,-639468.616766455,"No MPA"
"4254","Lutjanus","MT_60",2035,235.429715982606,235.429682704577,1.41275904921354,2.4764929756333e-21,1923.42750440014,-1.0611160821117e-17,1.28848808331946e-24,-343252.82198656,75.9970527525904,75.9970380511762,1.72062977232124,6.02336740574897e-27,622.149764862325,-7.47186766269236e-23,9.70838926112829e-30,-183740.2467011,720.689634804587,720.689629829526,0.069694727697041,8.90392623626387e-16,5883.67755598079,-1.34628892813399e-12,1.51334461138021e-19,-639468.616766455,"No MPA"
"4255","Lutjanus","MT_60",2036,235.602762324793,235.602740654186,1.01581683373915,2.06627333826953e-22,1924.44329956327,-8.84030490007599e-19,1.0742663374933e-25,-343252.82198656,76.2078127956261,76.2078013405698,1.44817258509281,2.88292531197889e-28,623.597925992361,-3.56555704956809e-24,4.63381259321819e-31,-183740.2467011,720.698171179464,720.698169016766,0.0357319035412639,1.28058053780555e-16,5883.71328572163,-1.93432441302364e-13,2.17649680314773e-20,-639468.616766455,"No MPA"
"4256","Lutjanus","MT_60",2037,235.727188197795,235.727174142311,0.730041336254886,1.72484317245997e-23,1925.17332684404,-7.37052916373507e-20,8.96281649064868e-27,-343252.82198656,76.3851996541105,76.3851907665333,1.21766971389539,1.3795106386489e-29,624.815586818679,-1.70183747345287e-25,2.2121797041223e-32,-183740.2467011,720.702547754937,720.702546817577,0.0183189467962618,1.84341761404457e-17,5883.73160373107,-2.78195121874932e-14,3.13308539229425e-21,-639468.616766455,"No MPA"
"4257","Lutjanus","MT_60",2038,235.816610046826,235.81660096125,0.524474769005841,1.44053635645274e-24,1925.69779252747,-6.14937685097285e-21,7.48263212130628e-28,-343252.82198656,76.5343522754591,76.534345405605,1.02301477286821,6.59998783241768e-31,625.838594721694,-8.12455387567478e-27,1.05630974996776e-33,-183740.2467011,720.704791548172,720.704791142821,0.00939154826118621,2.65583129585561e-18,5883.74099487398,-4.00464209128252e-15,4.51385527952111e-22,-639468.616766455,"No MPA"
"4258","Lutjanus","MT_60",2039,235.880852428449,235.880846572244,0.376695417237145,1.20367259103009e-25,1926.0744820885,-5.1338234319741e-22,6.2505789137277e-29,-343252.82198656,76.659661644946,76.6596563520912,0.858883366234863,3.15727022161529e-32,626.697472795074,-3.879448490808e-28,5.04486347506821e-35,-183740.2467011,720.705941879654,720.705941704657,0.00481469341347357,3.82919283849508e-19,5883.7458093924,-5.76951233874968e-16,6.5080921170221e-23,-639468.616766455,"No MPA"
"4259","Lutjanus","MT_60",2040,235.926993549398,235.926989783867,0.270505410608769,1.0062265629312e-26,1926.34498373358,-4.28851295191394e-23,5.2242349796063e-30,-343252.82198656,76.7648665700735,76.7648625038991,0.720666366424429,1.51025761416625e-33,627.418135095324,-1.85279669940689e-29,2.40986711457973e-36,-183740.2467011,720.70653161534,720.70653153988,0.00246829049217464,5.52479213886318e-20,5883.74827760743,-8.31850279360761e-17,9.38992321894443e-24,-639468.616766455,"No MPA"
"4260","Lutjanus","MT_60",2041,235.960127595078,235.96012517882,0.194224480474515,8.41546966577712e-28,1926.5392057978,-3.58433959733926e-24,4.36862024387787e-31,-343252.82198656,76.8531412922836,76.853138176342,0.604397272547378,7.22399932266119e-35,628.022529251929,-8.85056816934186e-31,1.15138517299459e-37,-183740.2467011,720.706833949729,720.706833917214,0.001265380122196,7.9762814186107e-21,5883.74954295503,-1.2001997068357e-17,1.3556462721295e-24,-639468.616766455,"No MPA"
"4261","Lutjanus","MT_60",2042,235.983918070534,235.983916522767,0.139441021920365,7.0412065476029e-29,1926.67864527195,-2.99730346166119e-25,3.65484727220937e-32,-343252.82198656,76.9271742009862,76.9271718184735,0.506679064909916,3.45545762626787e-36,628.529205934327,-4.22861788004523e-32,5.50212370664441e-39,-183740.2467011,720.706988943557,720.706988929551,0.00064869936124762,1.15222311951707e-21,5883.75019164039,-1.73275778751032e-18,1.95831435568328e-25,-639468.616766455,"No MPA"
"4262","Lutjanus","MT_60",2043,236.000998165943,236.00099717595,0.100103060149934,5.89376155584412e-30,1926.77874734211,-2.50758484342597e-26,3.05902677496459e-33,-343252.82198656,76.9892375881974,76.9892357699909,0.424613988135855,1.65289795630156e-37,628.953818104256,-2.02072843570588e-33,2.62978704538345e-40,-183740.2467011,720.707068401743,720.707068395711,0.000332555475770164,1.66533614602781e-22,5883.75052418983,-2.50307511608544e-19,2.83039913624536e-26,-639468.616766455,"No MPA"
"4263","Lutjanus","MT_60",2044,236.013259779229,236.013259146777,0.0718592565811117,4.93520757802762e-31,1926.85060596624,-2.09879329248497e-27,2.56137742242161e-34,-343252.82198656,77.0412488025131,77.0412474172918,0.355738273846838,7.90693970103438e-39,629.309554992881,-9.65824038729429e-35,1.25715744119501e-41,-183740.2467011,720.707109136093,720.707109133494,0.00017048384927741,2.40810719602306e-23,5883.75069467108,-3.61775504822657e-20,4.09280982618824e-27,-639468.616766455,"No MPA"
"4264","Lutjanus","MT_60",2045,236.022061821575,236.022061417944,0.0515825327475498,4.13405811666913e-32,1926.90218809535,-1.7573568426027e-28,2.14550007436255e-35,-343252.82198656,77.0848234074459,77.0848223536482,0.297962825898632,3.78268606817788e-40,629.607516764982,-4.61707526092336e-36,6.01085117317259e-43,-183740.2467011,720.707130018529,720.707130017409,8.73979308153105e-05,3.48368879883315e-24,5883.7507820679,-5.23134112791984e-21,5.92086405358593e-28,-639468.616766455,"No MPA"
"4265","Lutjanus","MT_60",2046,236.02838017362,236.028379916235,0.0370264009897361,3.46415529210022e-33,1926.93921423896,-1.47202405376212e-29,1.79778471079899e-36,-343252.82198656,77.1213210744562,77.1213202738088,0.249520227664132,1.80978828733061e-41,629.857036191999,-2.20756315485056e-37,2.8744705903263e-44,-183740.2467011,720.707140723861,720.707140723378,4.48041289518409e-05,5.04167834039634e-25,5883.75082687154,-7.56792056104893e-22,8.56881694541256e-29,-639468.616766455,"No MPA"
"4266","Lutjanus","MT_60",2047,236.032915546901,236.032915382881,0.0265773904459568,2.90375243295199e-34,1926.96579146538,-1.23345710364542e-30,1.50692477060426e-37,-343252.82198656,77.15188498504,77.1518843773999,0.208918003539347,8.65955806203881e-43,630.065953587898,-1.05568640658519e-38,1.37484501643202e-45,-183740.2467011,720.70714621191,720.707146211701,2.29685762184169e-05,7.29906524813927e-26,5883.75084983991,-1.09524767597872e-22,1.24054628805899e-29,-639468.616766455,"No MPA"
"4267","Lutjanus","MT_60",2048,236.03617102076,236.03617091629,0.0190768824509468,2.43475723251584e-35,1926.98486824336,-1.03389857338133e-31,1.26351865898045e-38,-343252.82198656,77.1774755079263,77.1774750472032,0.174897807182681,4.14388807972155e-44,630.240850934358,-5.04929469330513e-40,6.57691160720401e-47,-183740.2467011,720.70714902533,720.70714902524,1.1774688159731e-05,1.05706365226229e-26,5883.75086161451,-1.5856394734455e-23,1.79658126123928e-30,-639468.616766455,"No MPA"
"4268","Lutjanus","MT_60",2049,236.038507756394,236.038507689879,0.0136929904809161,2.04210714019752e-36,1926.99856116733,-8.66898040808659e-33,1.05974217751302e-39,-343252.82198656,77.1988988773306,77.1988985282848,0.146400065339367,1.98320509215242e-45,630.387250650651,-2.41545476153609e-41,3.14674158381749e-48,-183740.2467011,720.707150467614,720.707150467575,6.03620744907272e-06,1.53131147532443e-27,5883.75086765068,-2.29635136753127e-24,2.60261100672139e-31,-639468.616766455,"No MPA"
"4269","Lutjanus","MT_60",2050,236.040185017795,236.040184975456,0.00982847640097511,1.71325356034604e-37,1927.00838960139,-7.2708733428132e-34,8.89078795867444e-41,-343252.82198656,77.2168315404975,77.2168312762394,0.122533540503467,9.49241753380333e-47,630.509783926897,-1.15568086499893e-42,1.50580734755497e-49,-183740.2467011,720.707151206991,720.707151206974,3.09441394551717e-06,2.21892352431373e-28,5883.75087074507,-3.32660118046115e-25,3.77127375755073e-32,-639468.616766455,"No MPA"
"4270","Lutjanus","MT_60",2051,236.041388913553,236.041388886607,0.0070545922005897,1.43773556772781e-38,1927.01544416665,-6.09995471929751e-35,7.46097202022446e-42,-343252.82198656,77.2318407770266,77.2318405770739,0.102549260850844,4.54398928399617e-48,630.612332987795,-5.53026834587069e-44,7.20684976096443e-51,-183740.2467011,720.707151586027,720.70715158602,1.58632517836588e-06,3.21607754252548e-29,5883.75087233139,-4.82036066907694e-26,5.46603283037752e-33,-639468.616766455,"No MPA"
"4271","Lutjanus","MT_60",2052,236.042253035054,236.042253017905,0.00506356103284875,1.20682729386868e-39,1927.02050771053,-5.11896038888168e-36,6.26267577426929e-43,-343252.82198656,77.2444021249153,77.2444019736903,0.0858182826280895,2.17545545902262e-49,630.698151119198,-2.64680666664285e-45,3.4497508941296e-52,-183740.2467011,720.707151780337,720.707151780333,8.13215515239115e-07,4.66236258208226e-30,5883.7508731446,-6.98656511441981e-27,7.92413323277714e-34,-639468.616766455,"No MPA"
"4272","Lutjanus","MT_60",2053,236.042873274144,236.04287326323,0.0036344528272071,1.01324598339944e-40,1927.02414215244,-4.29681133771605e-37,5.2580965244123e-44,-343252.82198656,77.2549140827457,77.2549139684163,0.0718127852602236,1.04163671750104e-50,630.769963790129,-1.26696451717471e-46,1.65156139405893e-53,-183740.2467011,720.707151879948,720.707151879947,4.16887379393995e-07,6.76039117523349e-31,5883.75087356149,-1.01284559614157e-27,1.14899344329655e-34,-639468.616766455,"No MPA"
"4273","Lutjanus","MT_60",2054,236.043318460954,236.043318454007,0.00260868227516007,8.50910056892431e-42,1927.02675082777,-3.60757119639307e-38,4.41566889735732e-45,-343252.82198656,77.2637104962328,77.2637104098222,0.0600900439214873,4.98810933373528e-52,630.83005374764,-6.06556707158367e-48,7.90796902317591e-55,-183740.2467011,720.707151931013,720.707151931012,2.13713311422924e-07,9.80427731685334e-32,5883.7508737752,-1.46861860452407e-28,1.6663311427594e-35,-639468.616766455,"No MPA"
"4274","Lutjanus","MT_60",2055,236.04363800048,236.043637996057,0.00187241765328017,7.14738431302038e-43,1927.028623241,-3.0295830135779e-39,3.70902184412733e-46,-343252.82198656,77.2710709815878,77.2710709162922,0.0502788723521151,2.38896274059498e-53,630.880332554696,-2.90430098277791e-49,3.78701478573249e-56,-183740.2467011,720.707151957191,720.70715195719,1.09558061037272e-07,1.42209898100084e-32,5883.75087388476,-2.12986847908639e-29,2.4169938726321e-36,-639468.616766455,"No MPA"
"4275","Lutjanus","MT_60",2056,236.043867354448,236.043867351631,0.00134395218648484,6.00483915110346e-44,1927.02996719037,-2.54475365582788e-40,3.11611310734603e-47,-343252.82198656,77.2772296882725,77.2772296389392,0.0420681766076047,1.1442908168619e-54,630.92240068197,-1.39082869591206e-50,1.81380011056722e-57,-183740.2467011,720.707151970611,720.70715197061,5.61637394828552e-08,2.06304043675488e-33,5883.75087394092,-3.089349368421e-30,3.50633546690728e-37,-639468.616766455,"No MPA"
"4276","Lutjanus","MT_60",2057,236.044031976292,236.044031974498,0.000964638472444254,5.04594775486435e-45,1927.03093182705,-2.13795996676704e-41,2.61851026750031e-48,-343252.82198656,77.2823826597097,77.2823826224394,0.0351973059828966,5.48171911030822e-56,630.957597950683,-6.66140822080443e-52,8.68842048509049e-59,-183740.2467011,720.707151977491,720.70715197749,2.87916632320403e-08,2.993251241174e-34,5883.75087396972,-4.48172226782095e-31,5.08731811612059e-38,-639468.616766455,"No MPA"
"4277","Lutjanus","MT_60",2058,236.044150135706,236.044150134563,0.000692380924899933,4.24099621564531e-46,1927.03162420683,-1.79655549396549e-42,2.2007930156194e-49,-343252.82198656,77.2866940120825,77.2866939839261,0.0294479293487721,2.62633439726795e-57,630.987045851875,-3.19093120525078e-53,4.16245783535238e-60,-183740.2467011,720.707151981017,720.707151981017,1.47600176567677e-08,4.34340711666146e-35,5883.75087398448,-6.50250014571964e-32,7.38203776756953e-39,-639468.616766455,"No MPA"
"4278","Lutjanus","MT_60",2059,236.044234946071,236.044234945342,0.000496964570055405,3.5651160446819e-47,1927.03212117067,-1.50996038912727e-43,1.85005580598628e-50,-343252.82198656,77.2903011180689,77.2903010967971,0.024637203016208,1.25844884648028e-58,631.01168303362,-1.52871471313341e-54,1.99441312589062e-61,-183740.2467011,720.707151982825,720.707151982825,7.56672561454037e-09,6.3032537873028e-36,5883.75087399204,-9.43556124536853e-33,1.07129855126484e-39,-639468.616766455,"No MPA"
"4279","Lutjanus","MT_60",2060,236.044295819722,236.044295819257,0.000356702065497576,2.997486362328e-48,1927.03247787227,-1.26932017889028e-44,1.55549371979725e-51,-343252.82198656,77.2933189537095,77.2933189376376,0.0206120298710071,6.03076958812066e-60,631.032295047419,-7.3247315397706e-56,9.5573025831219e-63,-183740.2467011,720.707151983752,720.707151983752,3.87887011476264e-09,9.14832044115562e-37,5883.75087399592,-1.36931067149796e-33,1.55484496829972e-40,-639468.616766455,"No MPA"
"4280","Lutjanus","MT_60",2061,236.044339512495,236.044339512199,0.000256026970241904,2.52066905031654e-49,1927.03273389895,-1.06722162654235e-45,1.308057377995e-52,-343252.82198656,77.2958437420767,77.295843729932,0.0172442390186411,2.89041878275005e-61,631.049539274293,-3.51003878783419e-57,4.58046094546283e-64,-183740.2467011,720.707151984227,720.707151984227,1.98878049958455e-09,1.32787175596415e-37,5883.75087399791,-1.98736925864785e-34,2.25684564897686e-41,-639468.616766455,"No MPA"
"4281","Lutjanus","MT_60",2062,236.044370873486,236.044370873297,0.00018376624052843,2.1200543642635e-50,1927.032917665,-8.97455968273783e-47,1.100165205795e-53,-343252.82198656,77.2979560064986,77.29795599732,0.0144265408180851,1.38547549751577e-62,631.063965805932,-1.68223148572636e-58,2.19550987886479e-65,-183740.2467011,720.707151984471,720.707151984471,1.01969968627685e-09,1.92754868399537e-38,5883.75087399893,-2.88465136765016e-35,3.27605421316154e-42,-639468.616766455,"No MPA"
"4282","Lutjanus","MT_60",2063,236.044393383193,236.044393383072,0.000131900269706874,1.78339838676311e-51,1927.03304956515,-7.54821498339311e-48,9.25463374504335e-55,-343252.82198656,77.2997231283149,77.2997231213766,0.0120691343087011,6.64180472506132e-64,631.076034933303,-8.06328410896671e-60,1.05247725824871e-66,-183740.2467011,720.707151984595,720.707151984595,5.22743329649352e-10,2.7982445224969e-39,5883.75087399945,-4.18738174264456e-36,4.75588545881967e-43,-639468.616766455,"No MPA"
"4283","Lutjanus","MT_60",2064,236.044409539788,236.044409539711,9.46728800637519e-05,1.50043689820765e-52,1927.03314423795,-6.34958865535416e-49,7.78625409951465e-56,-343252.82198656,77.3012014890749,77.301201483829,0.0100968630189697,3.18435607176413e-65,631.086131791076,-3.86535407416533e-61,5.04591506492159e-68,-183740.2467011,720.707151984659,720.707151984659,2.68057176348839e-10,4.06250591307301e-40,5883.75087399972,-6.07887008107587e-37,6.90461917928137e-44,-639468.616766455,"No MPA"
"4284","Lutjanus","MT_60",2065,236.044421136364,236.044421136315,6.79525028292644e-05,1.26256287765783e-53,1927.0332121904,-5.3421358487601e-50,6.55184827221606e-57,-343252.82198656,77.3024382643507,77.3024382603832,0.00844683136172027,1.5268785048043e-66,631.09457861847,-1.85317526017584e-62,2.41944550496889e-69,-183740.2467011,720.707151984692,720.707151984692,1.37530522782308e-10,5.89831056383525e-41,5883.75087399986,-8.82533511658058e-38,1.00247455919656e-44,-639468.616766455,"No MPA"
"4285","Micropogonias","MT",2015,423.0465276,423.0465276,140.817580967312,6.00026326950861,557.863845297804,-37667.6491331792,0.0141834594495998,-95509.361276742,223.2301066,223.2301066,53.584201161209,1.71052552891206,275.103782232297,-19889.9583660359,0.00766261126227522,-63581.7127132725,605.1753686,605.1753686,327.302061976983,20.6196317620216,911.857798814961,-94508.6243919666,0.0340721596282457,-171082.882361673,"No MPA"
"4286","Micropogonias","MT",2016,557.863845297804,557.863524205825,144.331037234024,0.344776584939109,701.84978485491,-1640.26301036331,0.000618037676445399,-59481.9751539261,275.103782232297,275.103733538037,55.3315353036295,0.0709595815986464,330.364309260068,-669.384665762258,0.000257938025426745,-44361.1390129989,911.857798814961,911.855681394217,380.405268119651,1.71861397689175,1290.54233553698,-5216.65034010636,0.00188491961163415,-81790.9083098131,"No MPA"
"4287","Micropogonias","MT",2017,701.84978485491,701.832747569553,126.005876254915,0.0189122435583975,827.819711580909,-71.4677608878318,2.69463081376298e-05,-57913.1799044507,330.364309260068,330.361724796817,52.7521332060653,0.00286892206791904,383.110989080814,-22.5313967796327,8.68411785682466e-06,-43714.2857440162,1290.54233553698,1290.4296933423,341.324555923087,0.134853272143188,1631.61939599324,-288.559081657737,0.000104495670413014,-76862.8170513644,"No MPA"
"4288","Micropogonias","MT",2018,827.819711580909,827.798303490343,91.2713974768878,0.000973123372506873,919.068727843859,-3.11575223745369,1.17552568706456e-06,-57844.8278958003,383.110989080814,383.107398247692,46.0167250541978,0.000112029399185288,429.124011272491,-0.758531156372361,2.92420218164909e-07,-43692.512878393,1631.61939599324,1631.46852717456,207.135612191391,0.00947136548792335,1838.59466800046,-15.9953973982474,5.80486602447746e-06,-76590.2533671049,"No MPA"
"4289","Micropogonias","MT",2019,919.068727843859,919.089435421412,55.2099051660146,4.71582950802881e-05,974.299293429132,-0.135916721388029,5.13109569353688e-08,-57841.8480602842,429.124011272491,429.126155076648,36.7325250975342,4.22612921235685e-06,465.858675948053,-0.0255407282584278,9.84827020088634e-09,-43691.7798879649,1838.59466800046,1838.75077946159,79.9667902102837,0.000594062984507285,1918.71697560889,-0.888508372946575,3.23107817912108e-07,-76575.1464780797,"No MPA"
"4290","Micropogonias","MT",2020,974.299293429132,974.278206116416,28.933573641286,2.18334349118609e-06,1003.21177757436,-0.00593249024427442,2.24093715535268e-09,-57841.7180760531,465.858675948053,465.85699531825,27.0403598032219,1.54538626655388e-07,492.897354966933,-0.000860138529172744,3.31728557858788e-10,-43691.7552073751,1918.71697560889,1918.53097140003,21.4630565240792,3.45737999864482e-05,1939.99399335031,-0.0494545411292272,1.80191975850768e-08,-76574.3074242478,"No MPA"
"4291","Micropogonias","MT",2021,1003.21177757436,1003.23325466322,13.8403134657288,9.82380740287631e-08,1017.07356803071,-0.000259089221820351,9.79235649289647e-11,-57841.712402652,492.897354966933,492.898619688869,18.612972034388,5.50848356230037e-09,511.511591717749,-2.89719998881339e-05,1.11757214848664e-11,-43691.7543762086,1939.99399335031,1940.22285046407,5.05704929411785,1.95310990047561e-06,1945.27989780508,-0.00275798144475333,1.00676227943327e-09,-76574.2607276881,"No MPA"
"4292","Micropogonias","MT",2022,1017.07356803071,1017.05154658171,6.27791799539567,4.35443175543061e-09,1023.32946457275,-1.13214853584439e-05,4.28133413593622e-12,-57841.7121548843,511.511591717749,511.510585182754,12.1738738107563,1.92616294935386e-10,523.684458993317,-9.76028164263904e-07,3.76562912989088e-13,-43691.7543482126,1945.27989780508,1944.99722426441,0.924645745803625,1.09616206511272e-07,1945.9218699006,-0.000154092722071479,5.6349766908113e-11,-76574.2581237994,"No MPA"
"4293","Micropogonias","MT",2023,1023.32946457275,1023.35207211207,2.79575530897361,1.91653709839256e-10,1026.14782742085,-4.94986949279504e-07,1.87284461998052e-13,-57841.7121440578,523.684458993317,523.685280234777,7.68188179939586,6.64565734534363e-12,531.367162034167,-3.28865675439618e-08,1.26901939314337e-14,-43691.7543472695,1945.9218699006,1946.27039500674,0.421243954346178,6.14788146084819e-09,1946.69163895493,-8.62476421575379e-06,3.15937038378864e-12,-76574.2579783315,"No MPA"
"4294","Micropogonias","MT",2024,1026.14782742085,1026.1246464266,1.21293061864099,8.41126436174003e-12,1027.33757704523,-2.16528798513678e-08,8.19693246341053e-15,-57841.7121435845,531.367162034167,531.366478065957,4.73241179601994,2.27280360416775e-13,536.098889861977,-1.10827009659135e-09,4.27727523837776e-16,-43691.7543472377,1946.69163895493,1946.26391083987,0.00380647373150521,3.45397204331895e-10,1946.26771731326,-4.83565766104019e-07,1.77427642652201e-13,-76574.2579701903,"No MPA"
"4295","Micropogonias","MT",2025,1027.33757704523,1027.36130776695,0.54213109171865,3.6875447769447e-13,1027.90343885867,-9.47687117069975e-10,3.58941873116185e-16,-57841.7121435638,536.098889861977,536.099467282015,2.87178977298449,7.72998693677059e-15,538.971257054999,-3.73544467056985e-11,1.44189571768266e-17,-43691.7543472366,1946.26771731326,1946.60935052325,0.152090107345824,1.94234240689787e-11,1946.76144063058,-2.71566592891891e-08,9.97983160249431e-15,-76574.2579697339,"No MPA"
"4296","Micropogonias","MT",2026,1027.90343885867,1027.87917382879,0.222542960978275,1.61647297564262e-14,1028.10171678977,-4.14989972553775e-11,1.57259225882013e-17,-57841.7121435629,538.971257054999,538.970764944429,1.72592672258723,2.62019322801562e-16,540.696691667017,-1.25923735710583e-12,4.86147117136954e-19,-43691.7543472366,1946.76144063058,1946.46595074038,0.000107361500030614,1.09443002936757e-12,1946.46605810188,-1.52748941333694e-09,5.62179856280435e-16,-76574.2579697082,"No MPA"
"4297","Micropogonias","MT",2027,1028.10171678977,1028.12651636581,0.110475981071965,7.08695156378818e-16,1028.23699234688,-1.81814937874551e-12,6.89323963096481e-19,-57841.7121435628,540.696691667017,540.697113939137,1.03165462554796,8.86384160845814e-18,541.728768564685,-4.24561533194534e-14,1.63933712635772e-20,-43691.7543472366,1946.46605810188,1946.61584294493,0.0028922817428183,6.17296119112688e-14,1946.61873522668,-8.60459264641126e-11,3.17136841296137e-17,-76574.2579697068,"No MPA"
"4298","Micropogonias","MT",2028,1028.23699234688,1028.21164264376,0.0339932201767509,3.1083863349317e-17,1028.24563586394,-7.96960451991417e-14,3.02302522256586e-20,-57841.7121435628,541.728768564685,541.728404345356,0.614237715335507,2.99513852562309e-19,542.342642060692,-1.43166270915052e-15,5.52885262828092e-22,-43691.7543472366,1946.61873522668,1946.57929057115,0,3.48728978193742e-15,1946.57929057115,-4.85402167143522e-12,1.79146024354449e-18,-76574.2579697067,"No MPA"
"4299","Micropogonias","MT",2029,1028.24563586394,1028.27156547605,0.0291056207071828,1.36384195389971e-18,1028.30067109675,-3.49506424365239e-15,1.3263775643827e-21,-57841.7121435628,542.342642060692,542.342957503875,0.36520259353139,1.01144241047149e-20,542.708160097407,-4.82844357927408e-17,1.86495092208078e-23,-43691.7543472366,1946.57929057115,1946.63520240884,0,1.97241903196766e-16,1946.63520240884,-2.74196681606521e-13,1.01327442935185e-19,-76574.2579697067,"No MPA"
"4300","Micropogonias","MT",2030,1028.30067109675,1028.2741207643,0.000574758458416966,5.98708574915241e-20,1028.27469552276,-1.53348857859261e-16,5.82231050506454e-23,-57841.7121435628,542.708160097407,542.707885958317,0.216651352973956,3.41453266793269e-22,542.924537311291,-1.6286935669579e-18,6.29165529322365e-25,-43691.7543472366,1946.63520240884,1946.62707374609,0,1.11702313824324e-17,1946.62707374609,-1.55089392773031e-14,5.73822532347846e-21,-76574.2579697067,"No MPA"
"4301","Micropogonias","MT",2031,1028.27469552276,1028.29933311427,0.012695188804772,2.62924622512145e-21,1028.31202830308,-6.73145191394905e-18,2.556949257996e-24,-57841.7121435628,542.924537311291,542.924776262006,0.128618420346301,1.15256779257491e-23,543.053394682352,-5.49460897717206e-20,2.12288764515764e-26,-43691.7543472366,1946.62707374609,1946.63923029956,0,6.33305960889008e-19,1946.63923029956,-8.78279227658711e-16,3.25335021088678e-22,-76574.2579697067,"No MPA"
"4302","Micropogonias","MT",2032,1028.31202830308,1028.28751948645,0.000174666966249274,1.1552288981046e-22,1028.28769415341,-2.95621138561621e-19,1.12342253043935e-25,-57841.7121435628,543.053394682352,543.053185857287,0.0761595113859826,3.89041252305047e-25,543.129345368673,-1.85395342344327e-21,7.16395949520514e-28,-43691.7543472366,1946.63923029956,1946.63738938914,0,3.59455655672179e-20,1946.63738938914,-4.97950104579956e-17,1.84654480554358e-23,-76574.2579697067,"No MPA"
"4303","Micropogonias","MT",2033,1028.28769415341,1028.30501144193,0.00544025042794698,5.0777201273379e-24,1028.31045169235,-1.2988425607622e-20,4.93803451172011e-27,-57841.7121435628,543.129345368673,543.129528294534,0.0452276863570117,1.31324562816046e-26,543.174755980891,-6.2564055895382e-23,2.41792427402976e-29,-43691.7543472366,1946.63738938914,1946.64010042253,0,2.04232077375769e-21,1946.64010042253,-2.8262778979985e-18,1.04915316242509e-24,-76574.2579697067,"No MPA"
"4304","Micropogonias","MT",2034,1028.31045169235,1028.29948932818,1.27237448812032e-06,2.23292955075136e-25,1028.29949060055,-5.70909798610545e-22,2.1714546924703e-28,-57841.7121435628,543.174755980891,543.174595402566,0.0267295377488822,4.43337775453598e-28,543.201324940315,-2.11161358498869e-24,8.1619731143369e-31,-43691.7543472366,1946.64010042253,1946.63967606564,0,1.16152600155748e-22,1946.63967606564,-1.60580906741292e-19,5.96682458908228e-26,-76574.2579697067,"No MPA"
"4305","Micropogonias","MT",2035,1028.29949060055,1028.30455940407,7.92446012921067e-06,9.82309604646607e-27,1028.30456732853,-2.51052269090235e-23,9.55275785622713e-30,-57841.7121435628,543.201324940315,543.201466172155,0.0159051582085362,1.49682406776793e-29,543.217371330364,-7.12798700655229e-26,2.75556041377881e-32,-43691.7543472366,1946.63967606564,1946.64029278268,0,6.61203327503605e-24,1946.64029278268,-9.13268088322026e-21,3.39663953010157e-27,-76574.2579697067,"No MPA"
"4306","Micropogonias","MT",2036,1028.30456732853,1028.30320277901,0,4.32320242246502e-28,1028.30320277901,-1.1044400498727e-24,4.20420424312764e-31,-57841.7121435628,543.217371330364,543.217246897073,0.00936723395056582,5.05428922637384e-31,543.226614131023,-2.40647674350236e-27,9.30435861089609e-34,-43691.7543472366,1946.64029278268,1946.64019366287,0,3.76721855486611e-25,1946.64019366287,-5.19881629412651e-22,1.93524123022026e-28,-76574.2579697067,"No MPA"
"4307","Micropogonias","MT",2037,1028.30320277901,1028.304715826,0,1.90341190362237e-29,1028.304715826,-4.86068171882304e-26,1.85102205070875e-32,-57841.7121435628,543.226614131023,543.226723938309,0.00560118165548687,1.70688835912503e-32,543.232325119964,-8.12565105529718e-29,3.14212948091494e-35,-43691.7543472366,1946.64019366287,1946.64033598538,0,2.14815055271463e-26,1946.64033598538,-2.96203454970023e-23,1.10351700312819e-29,-76574.2579697067,"No MPA"
"4308","Micropogonias","MT",2038,1028.304715826,1028.30439707049,0,8.38358340732799e-31,1028.30439707049,-2.14005517212155e-27,8.15282015077202e-34,-57841.7121435628,543.232325119964,543.232228078929,0.00327412994364473,5.76511337098805e-34,543.235502208873,-2.74407389491914e-30,1.06126110405093e-36,-43691.7543472366,1946.64033598538,1946.64031260946,0,1.22587702448026e-27,1946.64031260946,-1.68901707873053e-24,6.29739866080844e-31,-76574.2579697067,"No MPA"
"4309","Micropogonias","MT",2039,1028.30439707049,1028.30473662283,0,3.69394201092574e-32,1028.30473662283,-9.42586552524592e-29,3.59226511258648e-35,-57841.7121435628,543.235502208873,543.235588081453,0.00197954309959077,1.94745974268296e-35,543.237567624552,-9.26816956110854e-32,3.58492722718031e-38,-43691.7543472366,1946.64031260946,1946.64034580463,0,7.00081155336024e-29,1946.64034580463,-9.63864975311162e-26,3.59635599241658e-32,-76574.2579697067,"No MPA"
"4310","Micropogonias","MT",2040,1028.30473662283,1028.30466160522,0,1.62821138976738e-33,1028.30466160522,-4.15318960181281e-30,1.58339384408631e-36,-57841.7121435628,543.237567624552,543.237491543063,0.00113792807156526,6.57941910804622e-37,543.238629471135,-3.13077650767752e-33,1.21114950443316e-39,-43691.7543472366,1946.64034580463,1946.64034025184,0,4.00084198281564e-30,1946.64034025184,-5.50449759736296e-27,2.05525483505302e-33,-76574.2579697067,"No MPA"
"4311","Micropogonias","MT",2041,1028.30466160522,1028.30473906515,0,7.17938478947787e-35,1028.30473906515,-1.83063739535177e-31,6.98176820298805e-38,-57841.7121435628,543.238629471135,543.238696952592,0.000705244619618903,2.2231282141421e-38,543.239402197211,-1.05771698309947e-34,4.0923603247166e-41,-43691.7543472366,1946.64034025184,1946.64034805742,0,2.28791119788027e-31,1946.64034805742,-3.14572454044939e-28,1.17531274297033e-34,-76574.2579697067,"No MPA"
"4312","Micropogonias","MT",2042,1028.30473906515,1028.30472132186,0,3.16676283323323e-36,1028.30472132186,-8.07195632674173e-33,3.07959568107597e-39,-57841.7121435628,543.239402197211,543.239342282852,0.000390371528766295,7.51275652176875e-40,543.239732654381,-3.5739262551123e-36,1.38295500869573e-42,-43691.7543472366,1946.64034805742,1946.64034673098,0,1.3091697326118e-32,1946.64034673098,-1.79890594353496e-29,6.72527790723609e-36,-76574.2579697067,"No MPA"
"4313","Micropogonias","MT",2043,1028.30472132186,1028.30473923764,0,1.39730613382371e-37,1028.30473923764,-3.56046793866392e-34,1.3588444211584e-40,-57841.7121435628,543.239732654381,543.239785899839,0.000255715426593645,2.53916670520821e-41,543.240041615265,-1.20775758272799e-37,4.67411817019049e-44,-43691.7543472366,1946.64034673098,1946.64034857819,0,7.49561035452495e-34,1946.64034857819,-1.02935516283786e-30,3.85053683239983e-37,-76574.2579697067,"No MPA"
"4314","Micropogonias","MT",2044,1028.30473923764,1028.30473501962,0,6.16753157228272e-39,1028.30473501962,-1.57102506177903e-35,5.99776635947977e-42,-57841.7121435628,543.240041615265,543.239994255752,0.000129818574294339,8.58301593752046e-43,543.240124074326,-4.08198504305086e-39,1.579967469283e-45,-43691.7543472366,1946.64034857819,1946.6403482599,0,4.29396461297331e-35,1946.6403482599,-5.89354079161731e-32,2.20583356145379e-38,-76574.2579697067,"No MPA"
"4315","Micropogonias","MT",2045,1028.30473501962,1028.30473920661,0,2.72314673690422e-40,1028.30473920661,-6.9343047068097e-37,2.64819040909116e-43,-57841.7121435628,543.240124074326,543.240166231944,9.6217739484125e-05,2.90164735333271e-44,543.240262449684,-1.37981183673754e-40,5.3413715679415e-47,-43691.7543472366,1946.6403482599,1946.64034869932,0,2.46114590137509e-36,1946.64034869932,-3.37619678496761e-33,1.26430437115668e-39,-76574.2579697067,"No MPA"
"4316","Micropogonias","MT",2046,1028.30473920661,1028.30473819934,0,1.20272604685213e-41,1028.30473819934,-3.06169965911069e-38,1.16962025068619e-44,-57841.7121435628,543.240262449684,543.240224895081,3.98318262935087e-05,9.8108116549059e-46,543.240264726908,-4.66470851839069e-42,1.80598021412839e-48,-43691.7543472366,1946.64034869932,1946.64034862266,0,1.41133969319051e-37,1946.64034862266,-1.9351144291711e-34,7.25013068866865e-41,-76574.2579697067,"No MPA"
"4317","Micropogonias","MT",2047,1028.30473819934,1028.30473918566,0,5.31367043508969e-43,1028.30473918566,-1.35225394311654e-39,5.16740829609844e-46,-57841.7121435628,543.240264726908,543.24029820381,3.89038910189374e-05,3.3175696732779e-47,543.240337107701,-1.57719252100549e-43,6.1070025339714e-50,-43691.7543472366,1946.64034862266,1946.64034872764,0,8.09710330828106e-39,1946.64034872764,-1.10968789075559e-35,4.15952711244788e-42,-76574.2579697067,"No MPA"
"4318","Micropogonias","MT",2048,1028.30473918566,1028.30473894419,0,2.34828627562496e-44,1028.30473894419,-5.97428801355722e-41,2.28364820868652e-47,-57841.7121435628,543.240337107701,543.240307246903,9.52109547655515e-06,1.12199132050983e-48,543.240316767999,-5.33334675885585e-45,2.06536820607694e-51,-43691.7543472366,1946.64034872764,1946.64034870912,0,4.64751815721242e-40,1946.64034870912,-6.36647402117438e-37,2.38745598808233e-43,-76574.2579697067,"No MPA"
"4319","Micropogonias","MT",2049,1028.30473894419,1028.30473917799,0,1.03808368018286e-45,1028.30473917799,-2.64023497633045e-42,1.00950976969012e-48,-57841.7121435628,543.240316767999,543.240343307631,1.76996377401452e-05,3.79500630608906e-50,543.240361007269,-1.80372036309043e-46,6.98587013688357e-53,-43691.7543472366,1946.64034870912,1946.64034873429,0,2.66867597218041e-41,1946.64034873429,-3.65418378433851e-38,1.37091372525494e-44,-76574.2579697067,"No MPA"
"4320","Micropogonias","MT",2050,1028.30473917799,1028.3047391199,0,4.59023626243358e-47,1028.3047391199,-1.16714255406957e-43,4.46388710228358e-50,-57841.7121435628,543.240361007269,543.240337340592,8.28108645126325e-07,1.28377392292306e-51,543.240338168701,-6.10087643555203e-48,2.36317846588553e-54,-43691.7543472366,1946.64034873429,1946.6403487298,0,1.53300868210011e-42,1946.6403487298,-2.09828819025791e-39,7.87515106782247e-46,-76574.2579697067,"No MPA"
"4321","Micropogonias","MT",2051,1028.3047391199,1028.3047391756,0,2.03027843261086e-48,1028.3047391756,-5.16091349491042e-45,1.97439373307615e-51,-57841.7121435628,543.240338168701,543.240358177387,8.98931912578466e-06,4.34327064611073e-53,543.240367166706,-2.06380300998788e-49,7.99511807376384e-56,-43691.7543472366,1946.6403487298,1946.64034873585,0,8.80965054165566e-44,1946.64034873585,-1.20535203475594e-40,4.52556659857792e-47,-76574.2579697067,"No MPA"
"4322","Micropogonias","MT",2052,1028.3047391756,1028.30473916159,0,8.98236428160263e-50,1028.30473916159,-2.28269107793659e-46,8.73511901618182e-53,-57841.7121435628,543.240367166706,543.240349869542,2.85612397961905e-07,1.46959269100482e-54,543.240350155155,-6.9822694237934e-51,2.70523469873232e-57,-43691.7543472366,1946.64034873585,1946.64034873476,0,5.06442191837748e-45,1946.64034873476,-6.92672541903086e-42,2.60162177449281e-48,-76574.2579697067,"No MPA"
"4323","Micropogonias","MT",2053,1028.30473916159,1028.30473917492,0,3.97499810366414e-51,1028.30473917492,-1.00990891071591e-47,3.86558376353014e-54,-57841.7121435628,543.240350155155,543.24036253632,4.13266366245319e-06,4.97311040096627e-56,543.240366668983,-2.3625264001389e-52,9.15453058582471e-59,-43691.7543472366,1946.64034873476,1946.64034873622,0,2.91239689598485e-46,1946.64034873622,-3.98198088207259e-43,1.49611452258132e-49,-76574.2579697067,"No MPA"
"4324","Micropogonias","MT",2054,1028.30473917492,1028.30473917153,0,1.75950768430568e-52,1028.30473917153,-4.46918637362108e-49,1.71107612099256e-55,-57841.7121435628,543.240366668983,543.240357984123,6.45210464863185e-08,1.68309901458483e-57,543.240358048644,-7.99480363002681e-54,3.09825837301096e-60,-43691.7543472366,1946.64034873622,1946.64034873596,0,1.67538086167612e-47,1946.64034873596,-2.28991757553667e-44,8.60652489179005e-51,-76574.2579697067,"No MPA"
"4325","Micropogonias","MT",2055,1028.30473917153,1028.30473917473,0,7.79022954740811e-54,1028.30473917473,-1.97825698574046e-50,7.57579854556e-57,-57841.7121435628,543.240358048644,543.24036340952,9.61266529951748e-07,5.69693141468024e-59,543.240364370786,-2.70576050353659e-55,1.04869443705094e-61,-43691.7543472366,1946.64034873596,1946.64034873631,0,9.64077896634436e-49,1946.64034873631,-1.31729438599394e-45,4.95252190400993e-52,-76574.2579697067,"No MPA"
"4326","Micropogonias","MT",2056,1028.30473917473,1028.3047391739,0,3.4499367644062e-55,1028.3047391739,-8.75874323266393e-52,3.35497507010906e-58,-57841.7121435628,543.240364370786,543.240361706698,4.76994155718294e-11,1.92850810577946e-60,543.240361706745,-9.15842272145245e-57,3.55000885844576e-63,-43691.7543472366,1946.64034873631,1946.64034873625,0,5.54932262702903e-50,1946.64034873625,-7.5802131321175e-47,2.8507179719312e-53,-76574.2579697067,"No MPA"
"4327","Micropogonias","MT",2057,1028.3047391739,1028.30473917467,0,1.52816707722946e-56,1028.30473917467,-3.87884722836195e-53,1.48610331063642e-59,-57841.7121435628,543.240361706745,543.24036326818,8.17817220767157e-11,6.52905671562035e-62,543.240363268262,-3.10028170665908e-58,1.20187253669892e-64,-43691.7543472366,1946.64034873625,1946.64034873633,0,3.19514937547909e-51,1946.64034873633,-4.36324164246502e-48,1.64136604768999e-54,-76574.2579697067,"No MPA"
"4328","Micropogonias","MT",2058,1028.30473917467,1028.30473917447,0,6.77058947469683e-58,1028.30473917447,-1.71815515378307e-54,6.58422471156844e-61,-57841.7121435628,543.240363268262,543.240362845651,0,2.21068713113341e-63,543.240362845651,-1.04961525106971e-59,4.06944564618498e-66,-43691.7543472366,1946.64034873633,1946.64034873632,0,1.84017924094354e-52,1946.64034873632,-2.51223613150254e-49,9.45310335387889e-56,-76574.2579697067,"No MPA"
"4329","Micropogonias","MT",2059,1028.30473917447,1028.30473917466,0,3.00037307250907e-59,1028.30473917466,-7.61233727216618e-56,2.91778590354235e-62,-57841.7121435628,543.240362845651,543.240363240575,0,7.48602642135267e-65,543.240363240575,-3.5539144819539e-61,1.37803207076473e-67,-43691.7543472366,1946.64034873632,1946.64034873634,0,1.06008724866679e-53,1946.64034873634,-1.44686968722578e-50,5.44572729808544e-57,-76574.2579697067,"No MPA"
"4330","Micropogonias","MT",2060,1028.30473917466,1028.30473917461,0,1.32988610572518e-60,1028.30473917461,-3.3733919115354e-57,1.29328014844371e-63,-57841.7121435628,543.240363240575,543.24036313641,0,2.53525722765302e-66,543.24036313641,-1.20345829842372e-62,4.66691615573203e-69,-43691.7543472366,1946.64034873634,1946.64034873633,0,6.10844511450849e-55,1946.64034873633,-8.33510166718391e-52,3.13794231095322e-58,-76574.2579697067,"No MPA"
"4331","Micropogonias","MT",2061,1028.30473917461,1028.30473917466,0,5.89578188018929e-62,1028.30473917466,-1.49522306856466e-58,5.73349675011869e-65,-57841.7121435628,543.24036313641,543.240363231543,0,8.58694488499161e-68,543.240363231543,-4.07569540275449e-64,1.58068977706561e-70,-43691.7543472366,1946.64034873633,1946.64034873634,0,3.5206484786447e-56,1946.64034873634,-4.80286043642848e-53,1.80857675169948e-59,-76574.2579697067,"No MPA"
"4332","Micropogonias","MT",2062,1028.30473917466,1028.30473917465,0,2.61428887082588e-63,1028.30473917465,-6.62876996498731e-60,2.5423289140184e-66,-57841.7121435628,543.240363231543,543.240363205886,0,2.90871163828105e-69,543.240363205886,-1.38044263976201e-65,5.35437319307094e-72,-43691.7543472366,1946.64034873634,1946.64034873634,0,2.02961273994306e-57,1946.64034873634,-2.76816488839245e-54,1.04262337994822e-60,-76574.2579697067,"No MPA"
"4333","Micropogonias","MT",2063,1028.30473917465,1028.30473917466,0,1.15944048673893e-64,1028.30473917466,-2.9393081187349e-61,1.12752615306387e-67,-57841.7121435628,543.240363205886,543.240363228858,0,9.85388267524581e-71,543.240363228858,-4.67606305307759e-67,1.81390841746256e-73,-43691.7543472366,1946.64034873634,1946.64034873634,0,1.17030232666712e-58,1946.64034873634,-1.59581473635424e-55,6.01190829845287e-62,-76574.2579697067,"No MPA"
"4334","Micropogonias","MT",2064,1028.30473917466,1028.30473917465,0,5.14308451980906e-66,1028.30473917465,-1.30358694247323e-62,5.00151786126847e-69,-57841.7121435628,543.240363228858,543.240363222542,0,3.33855252074295e-72,543.240363222542,-1.5841163525059e-68,6.14562677356965e-75,-43691.7543472366,1946.64034873634,1946.64034873634,0,6.74952795606478e-60,1946.64034873634,-9.20168494280066e-57,3.46727014080759e-63,-76574.2579697067,"No MPA"
"4335","Micropogonias","MT",2065,1028.30473917465,1028.30473917466,0,2.28179613391719e-67,1028.30473917466,-5.78249414328834e-64,2.21898825026191e-70,-57841.7121435628,543.240363222542,543.240363228101,0,1.13123421306029e-73,543.240363228101,-5.36707794874697e-70,2.08238247679117e-76,-43691.7543472366,1946.64034873634,1946.64034873634,0,3.89345766435245e-61,1946.64034873634,-5.30692183969307e-58,2.00009090887276e-64,-76574.2579697067,"No MPA"
"4336","Micropogonias","MT_20",2015,513.421977,513.421977,171.033181527262,8.74599143318212,675.70916709408,-45251.474067378,0.0170347040543263,-115528.004138733,273.5374602,273.5374602,64.9590564916745,2.48342240354232,336.013094288132,-23561.0879839385,0.00907891153820956,-75955.2384934176,735.1614422,735.1614422,398.825600034667,30.1425116470147,1103.84453058765,-113931.603659931,0.041001214041928,-208193.856978051,"No MPA"
"4337","Micropogonias","MT_20",2016,675.70916709408,675.708677929639,175.457587795193,0.609243125604887,850.557022599228,-2393.51147058483,0.000901649316328514,-72670.0415419403,336.013094288132,336.013021394042,66.748385006854,0.123170390204616,402.638236010691,-951.074419139542,0.000366565165898321,-53345.2249286187,1103.84453058765,1103.84124780486,464.671130240522,3.07680015494219,1565.43557789044,-7727.60733826537,0.00278769790439253,-101989.860656385,"No MPA"
"4338","Micropogonias","MT_20",2017,850.557022599228,850.531055188079,153.54184415696,0.0406169726997014,1004.03228237234,-126.678380217331,4.77534572669546e-05,-70403.2084515728,402.638236010691,402.634366349274,63.3106824121753,0.00596014536315981,465.939088616086,-38.3977444742304,1.48027345012309e-05,-52432.5482539534,1565.43557789044,1565.26080879779,420.766679999498,0.297372492525993,1985.73011630476,-525.34434048355,0.000189967746934464,-94787.5976586036,"No MPA"
"4339","Micropogonias","MT_20",2018,1004.03228237234,1003.99963570337,111.496080638159,0.00254085866430359,1115.49317548287,-6.70869417942177,2.53065418309225e-06,-70283.2387655349,465.939088616086,465.933788680392,54.9328978814308,0.000278570273139764,520.866407991549,-1.55049933040505,5.97868434134825e-07,-52395.7010088096,1985.73011630476,1985.49220117886,258.597998549201,0.0257628575677777,2244.06443687049,-35.7958522019816,1.29739388737516e-05,-94298.049170322,"No MPA"
"4340","Micropogonias","MT_20",2019,1115.49317548287,1115.52329079659,67.593661897495,0.000149687255753009,1183.11680300683,-0.355502760576676,1.34189312240512e-07,-70276.885574116,520.866407991549,520.869542180256,43.6272454781722,1.25796357158274e-05,564.496775078792,-0.0626200860626908,2.41513668908098e-08,-52394.2131295652,2244.06443687049,2244.29219697099,101.125631503132,0.00199262098313477,2345.41583585314,-2.44453752134121,8.87954475246327e-07,-94264.6978556414,"No MPA"
"4341","Micropogonias","MT_20",2020,1183.11680300683,1183.08649196239,35.476173822536,8.4233325808182e-06,1218.5626573616,-0.018850121210661,7.11961191103644e-09,-70276.5489214767,564.496775078792,564.494303967648,31.9742537524082,5.50821828995531e-07,596.468557169234,-0.00252948783388605,9.75774979880956e-10,-52394.153038967,2345.41583585314,2345.15256998994,27.3271144917772,0.000142831678252818,2372.47954165004,-0.167303329341146,6.08980907067248e-08,-94262.4206214494,"No MPA"
"4342","Micropogonias","MT_20",2021,1218.5626573616,1218.59330244393,16.9876386330472,4.60566059782473e-07,1235.58094061641,-0.00100010414268847,3.77958455750895e-10,-70276.5310714596,596.468557169234,596.470423113261,21.9328017261301,2.35188729235273e-08,618.403224815872,-0.000102194608713543,3.94301973299913e-11,-52394.1506116738,2372.47954165004,2372.79714074476,6.47508688814551,9.92839253492636e-06,2379.27221770451,-0.0114739943011766,4.18482525611313e-09,-94262.2647921144,"No MPA"
"4343","Micropogonias","MT_20",2022,1235.58094061641,1235.54965777038,7.70676280107225,2.48055249622539e-08,1243.25642054665,-5.30920456471659e-05,2.00760017108326e-11,-70276.5301244475,618.403224815872,618.401736295138,14.3088373565265,9.85486593329313e-10,632.710573650679,-4.12951104459147e-06,1.59359873011442e-12,-52394.1505136087,2379.27221770451,2378.88547367966,1.16565386496864,6.85523641841025e-07,2380.05112685911,-0.000788474304469127,2.8812275591571e-10,-94262.2541065944,"No MPA"
"4344","Micropogonias","MT_20",2023,1243.25642054665,1243.28844489097,3.43516604025635,1.32651606312761e-09,1246.7236109299,-2.82007743302462e-06,1.06696899449141e-12,-70276.5300741755,632.710573650679,632.711790075648,9.01367345646088,4.07571959768431e-11,641.725463532068,-1.66894886353443e-07,6.44168086645866e-14,-52394.1505096461,2380.05112685911,2380.52285046085,0.554899269787059,4.72993608437243e-08,2381.07774968334,-5.42859813554214e-05,1.98732829139545e-11,-94262.2533724061,"No MPA"
"4345","Micropogonias","MT_20",2024,1246.7236109299,1246.69083534737,1.48810013654786,7.0734923704036e-11,1248.17893548385,-1.49876965993661e-07,5.67366525680465e-14,-70276.5300715053,641.725463532068,641.724449452277,5.5465818300995,1.67123829147053e-12,647.271031282374,-6.74620781246955e-09,2.60428857336661e-15,-52394.1505094859,2381.07774968334,2380.50374137164,0.00449523383308617,3.26958365897762e-09,2380.5082366022,-3.74437758160907e-06,1.37315118477863e-12,-94262.2533218644,"No MPA"
"4346","Micropogonias","MT_20",2025,1248.17893548385,1248.2124474036,0.667592557141552,3.76778074273392e-12,1248.88003996074,-7.96978310588695e-09,3.01862224854789e-15,-70276.5300713634,647.271031282374,647.271887888019,3.3635931345734,6.81607429867605e-14,650.635481022592,-2.72739119810001e-10,1.05304794557893e-16,-52394.1505094794,2380.5082366022,2380.95739395505,0.19889334831246,2.26234183321123e-10,2381.15628730313,-2.58719068622563e-07,9.50360836154581e-14,-94262.2533183788,"No MPA"
"4347","Micropogonias","MT_20",2026,1248.88003996074,1248.84580044812,0.271627618330605,2.00679687315487e-13,1249.11742806645,-4.24024955577374e-10,1.60687722571582e-16,-70276.5300713559,650.635481022592,650.634750729698,2.0205607284254,2.77085332404257e-15,652.655311458123,-1.10282131460655e-11,4.25868770659841e-18,-52394.1505094792,2381.15628730313,2380.77181295854,9.37554326680868e-05,1.56867509231497e-11,2380.77190671396,-1.79059985079577e-08,6.58787147776021e-15,-94262.253318138,"No MPA"
"4348","Micropogonias","MT_20",2027,1249.11742806645,1249.15240494832,0.137456360051222,1.0690164464512e-14,1249.28986130837,-2.25717533127107e-11,8.55817404688754e-18,-70276.5300713555,652.655311458123,652.655938225551,1.20751880933991,1.12423057930053e-16,653.863457034891,-4.45997070209463e-13,1.72254873194169e-19,-52394.1505094792,2380.77190671396,2380.96268645166,0.00331093359070519,1.08885825716066e-12,2380.96599738525,-1.24123831355586e-09,4.57355122784597e-16,-94262.2533181213,"No MPA"
"4349","Micropogonias","MT_20",2028,1249.28986130837,1249.2541182844,0.0399654655671385,5.69721728595819e-16,1249.29408374997,-1.2021638895368e-12,4.56036466810701e-19,-70276.5300713554,653.863457034891,653.862916383571,0.718780399204844,4.5563999586972e-18,654.581696782776,-1.8039614552872e-14,6.96842729194874e-21,-52394.1505094792,2380.96599738525,2380.91596850937,0,7.57064964457948e-14,2380.91596850937,-8.61714858522768e-11,3.17965475213826e-17,-94262.2533181201,"No MPA"
"4350","Micropogonias","MT_20",2029,1249.29408374997,1249.33063995786,0.0375779677960548,3.03737374630996e-17,1249.36821792565,-6.40592921576589e-14,2.43127199242546e-20,-70276.5300713554,654.581696782776,654.582165048723,0.427366613358444,1.84556297411861e-19,655.009531662082,-7.2977709308515e-16,2.81945398567596e-22,-52394.1505094792,2380.91596850937,2380.9875402383,0,5.27030170069234e-15,2380.9875402383,-5.99087151869952e-12,2.21356055313847e-18,-94262.2533181201,"No MPA"
"4351","Micropogonias","MT_20",2030,1249.36821792565,1249.33080209427,0.000701032644545809,1.62020107020531e-18,1249.33150312691,-3.41519963264916e-15,1.29681631302625e-21,-70276.5300713554,655.009531662082,655.009124707201,0.253475006220712,7.47324623471403e-21,655.262599713422,-2.95270661574973e-17,1.14093702061841e-23,-52394.1505094792,2380.9875402383,2380.97711328951,0,3.6737793995241e-16,2380.97711328951,-4.17062784164971e-13,1.54296456751081e-19,-94262.2533181201,"No MPA"
"4352","Micropogonias","MT_20",2031,1249.33150312691,1249.36484504069,0.0164581037668416,8.64584411463221e-20,1249.38130314446,-1.82163356748947e-16,6.92037627483574e-23,-70276.5300713554,655.262599713422,655.262954428872,0.150509512244769,3.02579546354193e-22,655.413463941117,-1.19485954871239e-18,4.6176837571029e-25,-52394.1505094792,2380.97711328951,2380.99272797957,0,2.56388228522289e-17,2380.99272797957,-2.90714025940351e-14,1.07681937281782e-20,-94262.2533181201,"No MPA"
"4353","Micropogonias","MT_20",2032,1249.38130314446,1249.34908654423,0.000217250920033946,4.61612579000884e-21,1249.34930379515,-9.72102933698442e-18,3.69472937447389e-24,-70276.5300713554,655.413463941117,655.413153951623,0.089089690710539,1.22508813981375e-23,655.502243642333,-4.83592229602483e-20,1.86918366388211e-26,-52394.1505094792,2380.99272797957,2380.99036036539,0,1.79135110255595e-18,2380.99036036539,-2.02886378893892e-15,7.52354714359693e-22,-94262.2533181201,"No MPA"
"4354","Micropogonias","MT_20",2033,1249.34930379515,1249.3716437949,0.00653335208046388,2.46556499824308e-22,1249.37817714698,-5.18997403626003e-19,1.97347930460015e-25,-70276.5300713554,655.502243642333,655.502515180067,0.0529324891347565,4.96042213362832e-25,655.555447669202,-1.95752388087525e-21,7.56736102961961e-28,-52394.1505094792,2380.99036036539,2380.99385124998,0,1.25292418791341e-19,2380.99385124998,-1.41753136675828e-16,5.26219764845351e-23,-94262.2533181201,"No MPA"
"4355","Micropogonias","MT_20",2034,1249.37817714698,1249.36455018513,1.01217308419348e-06,1.31755509449922e-23,1249.36455119731,-2.77213976271944e-20,1.05456868245553e-26,-70276.5300713554,655.555447669202,655.555209309919,0.0312594544451817,2.00867860213655e-26,655.586468764364,-7.92500464414590e-23,3.06408650766618e-29,-52394.1505094792,2380.99385124998,2380.99330473228,0,8.7721867909096e-21,2380.99330473228,-9.91464541379454e-18,3.68425428217701e-24,-94262.2533181201,"No MPA"
"4356","Micropogonias","MT_20",2035,1249.36455119731,1249.37104237674,1.85206685916992e-06,7.04358938127373e-25,1249.37104422881,-1.48134910219824e-21,5.63773749445825e-28,-70276.5300713554,655.586468764364,655.586678401312,0.0186211691982681,8.13487826374058e-28,655.60529957051,-3.20889924851811e-24,1.24085511995607e-30,-52394.1505094792,2380.99330473228,2380.99410017664,0,6.14755937949264e-22,2380.99410017664,-6.94160068992233e-19,2.58193056100927e-25,-94262.2533181201,"No MPA"
"4357","Micropogonias","MT_20",2036,1249.37104422881,1249.36931818316,0,3.76711870505388e-26,1249.36931818316,-7.91931098374624e-23,3.01521211397469e-29,-70276.5300713554,655.60529957051,655.6051148725,0.0109487386322049,3.29493203400698e-29,655.616063611132,-1.2994995356983e-25,5.02578614951503e-32,-52394.1505094792,2380.99410017664,2380.99397245376,0,4.31207521169141e-23,2380.99397245376,-4.86468348473739e-20,1.81103985580558e-26,-94262.2533181201,"No MPA"
"4358","Micropogonias","MT_20",2037,1249.36931818316,1249.37112300668,0,2.01558045924554e-27,1249.37112300668,-4.23545836526966e-24,1.61327833925244e-30,-70276.5300713554,655.616063611132,655.616226596171,0.00656283598168594,1.33474644532261e-30,655.622789432152,-5.26331124328772e-27,2.03586598828261e-33,-52394.1505094792,2380.99397245376,2380.99415623042,0,3.02716137713099e-24,2380.99415623042,-3.41222797005626e-21,1.27138556926229e-27,-94262.2533181201,"No MPA"
"4359","Micropogonias","MT_20",2038,1249.37112300668,1249.37071622857,0,1.07886231565956e-28,1249.37071622857,-2.26616668192841e-25,8.63524293079928e-32,-70276.5300713554,655.622789432152,655.622645398636,0.00382226817375189,5.40766820720186e-32,655.62646766681,-2.13208361078578e-28,8.24813947064043e-35,-52394.1505094792,2380.99415623042,2380.99412610519,0,2.12681326717131e-25,2380.99412610519,-2.39545109184482e-22,8.9324589967014e-29,-94262.2533181201,"No MPA"
"4360","Micropogonias","MT_20",2039,1249.37071622857,1249.37111993844,0,5.77697400227731e-30,1249.37111993844,-1.21298968366386e-26,4.62390700126409e-33,-70276.5300713554,655.62646766681,655.626595121209,0.00232347547164346,2.19119120973449e-33,655.628918596681,-8.63795703030991e-30,3.34213354361932e-36,-52394.1505094792,2380.99412610519,2380.99416900368,0,1.49536616794581e-26,2380.99416900368,-1.68298816456471e-23,6.28042779083044e-30,-94262.2533181201,"No MPA"
"4361","Micropogonias","MT_20",2040,1249.37111993844,1249.37102393985,0,3.09456676390608e-31,1249.37102393985,-6.49518668394843e-28,2.47689954938889e-34,-70276.5300713554,655.628918596681,655.62880567636,0.00132477079713757,8.87994057882844e-35,655.630130447157,-3.50008701696088e-31,1.35441563469446e-37,-52394.1505094792,2380.99416900368,2380.99416184808,0,1.0521348361096e-27,2380.99416184808,-1.1833119686484e-24,4.41888875583556e-31,-94262.2533181201,"No MPA"
"4362","Micropogonias","MT_20",2041,1249.37102393985,1249.37111611851,0,1.65828607394453e-32,1249.37111611851,-3.47929250458627e-29,1.32729672943116e-35,-70276.5300713554,655.630130447157,655.630230601755,0.00083096331970156,3.59913994655161e-36,655.631061565075,-1.41842703515282e-32,5.48958899130297e-39,-52394.1505094792,2380.99416184808,2380.99417194136,0,7.40769829731145e-29,2380.99417194136,-8.32574488086582e-26,3.11117868997803e-32,-94262.2533181201,"No MPA"
"4363","Micropogonias","MT_20",2042,1249.37111611851,1249.37109337011,0,8.88945340861315e-34,1249.37109337011,-1.86444927207841e-30,7.11514240563908e-37,-70276.5300713554,655.631061565075,655.630972642665,0.00045154811797704,1.45896974518676e-37,655.631424190783,-5.74903392364708e-34,2.22529076297033e-40,-52394.1505094792,2380.99417194136,2380.99417023227,0,5.21875316618527e-30,2380.99417023227,-5.86185384668737e-27,2.19183785818892e-33,-94262.2533181201,"No MPA"
"4364","Micropogonias","MT_20",2043,1249.37109337011,1249.37111472133,0,4.7669681190506e-35,1249.37111472133,-9.99461671600494e-32,3.81549416688979e-38,-70276.5300713554,655.631424190783,655.631503214456,0.000303783828300727,5.91496083494422e-39,655.631806998284,-2.33046082363577e-35,9.02177750575676e-42,-52394.1505094792,2380.99417023227,2380.99417262197,0,3.67880205942326e-31,2380.99417262197,-4.12969953212039e-28,1.54506974666951e-34,-94262.2533181201,"No MPA"
"4365","Micropogonias","MT_20",2044,1249.37111472133,1249.37110930636,0,2.55715369368588e-36,1249.37110930636,-5.3596118820624e-33,2.04675269306242e-39,-70276.5300713554,655.631806998284,655.631736711019,0.000147795597480044,2.39836473586334e-40,655.631884506617,-9.44815813703954e-37,3.65809698416792e-43,-52394.1505094792,2380.99417262197,2380.99417221193,0,2.59470456615823e-32,2380.99417221193,-2.91110667062885e-29,1.08975678982922e-35,-94262.2533181201,"No MPA"
"4366","Micropogonias","MT_20",2045,1249.37110930636,1249.37111430328,0,1.37219115607606e-37,1249.37111430328,-2.87506665548144e-34,1.09830549614417e-40,-70276.5300713554,655.631884506617,655.63194707294,0.000116212109169827,9.72602723265232e-42,655.632063285049,-3.83098328046391e-38,1.48345854775157e-44,-52394.1505094792,2380.99417221193,2380.99417278061,0,1.83104000108813e-33,2380.99417278061,-2.05323951690437e-30,7.69023302306948e-37,-94262.2533181201,"No MPA"
"4367","Micropogonias","MT_20",2046,1249.37111430328,1249.37111300896,0,7.36565756670882e-39,1249.37111300896,-1.54278605333796e-35,5.89549212590803e-42,-70276.5300713554,655.632063285049,655.63200755066,4.33626456569798e-05,3.94468414932901e-43,655.632050913306,-1.55356867720398e-39,6.01661262510751e-46,-52394.1505094792,2380.99417278061,2380.99417268187,0,1.29277712679725e-34,2380.99417268187,-1.44893709170112e-31,5.42956862967685e-38,-94262.2533181201,"No MPA"
"4368","Micropogonias","MT_20",2047,1249.37111300896,1249.37111418755,0,3.9549731972593e-40,1249.37111418755,-8.28137805132709e-37,3.16557118703779e-43,-70276.5300713554,655.632050913306,655.632100595439,4.84038430657796e-05,1.60009082113413e-44,655.632148999282,-6.30096535660459e-41,2.44053172642205e-47,-52394.1505094792,2380.99417268187,2380.99417281776,0,9.1317440099358e-36,2380.99417281776,-1.02299934941838e-32,3.83526516557997e-39,-94262.2533181201,"No MPA"
"4369","Micropogonias","MT_20",2048,1249.37111418755,1249.37111387704,0,2.12425553763139e-41,1249.37111387704,-4.44666724818936e-38,1.70025984554076e-44,-70276.5300713554,655.632148999282,655.632104684053,8.98448099696536e-06,6.49130794579837e-46,655.632113668534,-2.55587434603027e-42,9.90083838290193e-49,-52394.1505094792,2380.99417281776,2380.99417279391,0,6.4532301335194e-37,2380.99417279391,-7.22612427770095e-34,2.71030908315178e-40,-94262.2533181201,"No MPA"
"4370","Micropogonias","MT_20",2049,1249.37111387704,1249.37111415673,0,1.14129347348861e-42,1249.37111415673,-2.38834931260968e-39,9.13494365934954e-46,-70276.5300713554,655.632113668534,655.632152670609,2.2839023517675e-05,2.63374753775453e-47,655.632175509633,-1.03687645417169e-43,4.01711185712476e-50,-52394.1505094792,2380.99417279391,2380.9941728265,0,4.56229934533327e-38,2380.9941728265,-5.10656484500856e-35,1.9161320919907e-41,-94262.2533181201,"No MPA"
"4371","Micropogonias","MT_20",2050,1249.37111415673,1249.371114082,0,6.13354458658903e-44,1249.371114082,-1.2831824774756e-40,4.90930558349676e-47,-70276.5300713554,655.632175509633,655.632140679852,9.24939921028456e-07,1.06873469881117e-48,655.632141604792,-4.20696564988525e-45,1.63008274874537e-51,-52394.1505094792,2380.9941728265,2380.99417282073,0,3.22674111093045e-39,2380.99417282073,-3.61023502455065e-36,1.35520747919343e-42,-94262.2533181201,"No MPA"
"4372","Micropogonias","MT_20",2051,1249.371114082,1249.3711141487,0,3.29720299596052e-45,1249.3711141487,-6.89608511692228e-42,2.63909014607174e-48,-70276.5300713554,655.632141604792,655.632169563805,1.14705139807012e-05,4.33729257914247e-50,655.632181034319,-1.70712252348412e-46,6.61543616287853e-53,-52394.1505094792,2380.99417282073,2380.99417282857,0,2.28301801833204e-40,2380.99417282857,-2.55338216366604e-37,9.58850737390666e-44,-94262.2533181201,"No MPA"
"4373","Micropogonias","MT_20",2052,1249.3711141487,1249.37111413066,0,1.77294903602814e-46,1249.37111413066,-3.70712109258803e-43,1.41907317685683e-49,-70276.5300713554,655.632181034319,655.632157929843,3.16305415718687e-07,1.76043508319691e-51,655.632158246148,-6.92809005224446e-48,2.68509559800519e-54,-52394.1505094792,2380.99417282857,2380.99417282716,0,1.61588764598846e-41,2380.99417282716,-1.80659597003441e-38,6.78660899060002e-45,-94262.2533181201,"No MPA"
"4374","Micropogonias","MT_20",2053,1249.37111413066,1249.37111414663,0,9.53585761854e-48,1249.37111414663,-1.99336734051407e-44,7.63252608507379e-51,-70276.5300713554,655.632158246148,655.632174203943,4.75313073984346e-06,7.14616501541601e-53,655.632178957074,-2.81199661582925e-49,1.08996560426636e-55,-52394.1505094792,2380.99417282716,2380.99417282905,0,1.14409439834514e-42,2380.99417282905,-1.27868290386702e-39,4.80511213089891e-46,-94262.2533181201,"No MPA"
"4375","Micropogonias","MT_20",2054,1249.37111414663,1249.37111414227,0,5.13018268053491e-49,1249.37111414227,-1.07213838382223e-45,4.10621201534584e-52,-70276.5300713554,655.632178957074,655.632168693879,3.53960280715061e-08,2.90119686807331e-54,655.632168729275,-1.14147875881472e-50,4.42503733220794e-57,-52394.1505094792,2380.99417282905,2380.99417282871,0,8.10315610883281e-44,2380.99417282871,-9.05343853086964e-41,3.40326582958613e-47,-94262.2533181201,"No MPA"
"4376","Micropogonias","MT_20",2055,1249.37111414227,1249.3711141461,0,2.7606553272866e-50,1249.3711141461,-5.76798227047497e-47,2.20963594886846e-53,-70276.5300713554,655.632168729275,655.632174614326,5.61132231708807e-07,1.17796335253931e-55,655.632175175458,-4.63417019945697e-52,1.79668327565547e-58,-52394.1505094792,2380.99417282871,2380.99417282917,0,5.74091916246591e-45,2380.99417282917,-6.41218293205639e-42,2.4111437264231e-48,-94262.2533181201,"No MPA"
"4377","Micropogonias","MT_20",2056,1249.3711141461,1249.37111414505,0,1.48591730928193e-51,1249.37111414505,-3.10386821957706e-48,1.1893322107879e-54,-70276.5300713554,655.632175175458,655.63217288534,0,4.78339392126315e-57,655.63217288534,-1.88159680219065e-53,7.29584987190098e-60,-52394.1505094792,2380.99417282917,2380.99417282909,0,4.06852691853678e-46,2380.99417282909,-4.54289950402882e-43,1.70875131277723e-49,-94262.2533181201,"No MPA"
"4378","Micropogonias","MT_20",2057,1249.37111414505,1249.37111414597,0,7.99976254825963e-53,1249.37111414597,-1.67065097464326e-49,6.40303145933858e-56,-70276.5300713554,655.63217288534,655.632174702399,0,1.94262791830491e-58,655.632174702399,-7.64066097473536e-55,2.96298442731213e-61,-52394.1505094792,2380.99417282909,2380.9941728292,0,2.88413471353706e-47,2380.9941728292,-3.21950342746266e-44,1.21131531796659e-50,-94262.2533181201,"No MPA"
"4379","Micropogonias","MT_20",2058,1249.37111414597,1249.37111414571,0,4.30781005766505e-54,1249.37111414571,-8.99431685376523e-51,3.44798275619629e-57,-70276.5300713554,655.632174702399,655.632174275889,0,7.89026455407565e-60,655.632174275889,-3.10301882302526e-56,1.20345902146411e-62,-52394.1505094792,2380.9941728292,2380.99417282918,0,2.0450827610212e-48,2380.99417282918,-2.28227114663811e-45,8.58919683365353e-52,-94262.2533181201,"No MPA"
"4380","Micropogonias","MT_20",2059,1249.37111414571,1249.37111414594,0,2.32022485848991e-55,1249.37111414594,-4.84336983388047e-52,1.85711421708066e-58,-70276.5300713554,655.632174275889,655.63217471744,0,3.20509793599301e-61,655.63217471744,-1.26033601861747e-57,4.88856108919993e-64,-52394.1505094792,2380.99417282918,2380.9941728292,0,1.45050082131103e-49,2380.9941728292,-1.61831323483548e-46,6.09199651919976e-53,-94262.2533181201,"No MPA"
"4381","Micropogonias","MT_20",2060,1249.37111414594,1249.37111414588,0,1.24995638331028e-56,1249.37111414588,-2.60868212316748e-53,1.00046845101324e-59,-70276.5300713554,655.63217471744,655.63217461233,0,1.30208157499723e-62,655.63217461233,-5.11960067608484e-59,1.98599401494972e-65,-52394.1505094792,2380.9941728292,2380.9941728292,0,1.02903908724209e-50,2380.9941728292,-1.14780913565339e-47,4.32188830609079e-54,-94262.2533181201,"No MPA"
"4382","Micropogonias","MT_20",2061,1249.37111414588,1249.37111414593,0,6.73516372197752e-58,1249.37111414593,-1.40535468359831e-54,5.39084315758491e-61,-70276.5300713554,655.63217461233,655.632174719606,0,5.29031560273338e-64,655.632174719606,-2.07985460672683e-60,8.06902987313177e-67,-52394.1505094792,2380.9941728292,2380.99417282921,0,7.30210219229036e-52,2380.99417282921,-8.14298377448218e-49,3.06682908997366e-55,-94262.2533181201,"No MPA"
"4383","Micropogonias","MT_20",2062,1249.37111414593,1249.37111414591,0,3.6298386314591e-59,1249.37111414591,-7.57249933506956e-56,2.90533260322771e-62,-70276.5300713554,655.632174719606,655.632174693728,0,2.14966518345353e-65,655.632174693728,-8.45038244179843e-62,3.27876706839915e-68,-52394.1505094792,2380.99417282921,2380.9941728292,0,5.18276706203575e-53,2380.9941728292,-5.77829359531829e-50,2.17672395891559e-56,-94262.2533181201,"No MPA"
"4384","Micropogonias","MT_20",2063,1249.37111414591,1249.37111414593,0,1.95663480330544e-60,1249.37111414593,-4.08111098078283e-57,1.56609575901954e-63,-70276.5300713554,655.632174693728,655.63217471979,0,8.73585213755609e-67,655.63217471979,-3.43372575156846e-63,1.33243188402657e-69,-52394.1505094792,2380.9941728292,2380.99417282921,0,3.67933279420883e-54,2380.99417282921,-4.10122303577272e-51,1.54529264968208e-57,-94262.2533181201,"No MPA"
"4385","Micropogonias","MT_20",2064,1249.37111414593,1249.37111414592,0,1.05490424329233e-61,1249.37111414592,-2.19988946945058e-58,8.44348193541729e-65,-70276.5300713554,655.63217471979,655.632174713423,0,3.55045734500169e-68,655.632174713423,-1.39540430196728e-64,5.4153189576444e-71,-52394.1505094792,2380.99417282921,2380.99417282921,0,2.61255911427897e-55,2380.99417282921,-2.91152664807516e-52,1.09725556832195e-58,-94262.2533181201,"No MPA"
"4386","Micropogonias","MT_20",2065,1249.37111414592,1249.37111414593,0,5.68846000798317e-63,1249.37111414593,-1.18605308061427e-59,4.55305868974875e-66,-70276.5300713554,655.632174713423,655.632174719757,0,1.44313600886932e-69,655.632174719757,-5.67125378836349e-66,2.20113665028735e-72,-52394.1505094792,2380.99417282921,2380.99417282921,0,1.8554494997868e-56,2380.99417282921,-2.06736816328964e-53,7.79275111615276e-60,-94262.2533181201,"No MPA"
"4387","Micropogonias","MT_40",2015,595.5065861,595.5065861,196.568006043325,11.6881521460821,780.386439997242,-52111.8579953265,0.019627242450211,-132572.009665002,309.7713726,309.7713726,74.8235189119661,3.36940035437136,381.225491157595,-28239.9583387937,0.0108770553137012,-89808.6170530083,840.8920779,840.8920779,453.655828102374,39.7599636543618,1254.78794234801,-130927.154111309,0.0472830755566829,-236075.392828011,"No MPA"
"4388","Micropogonias","MT_40",2016,780.386439997242,780.385841782957,200.552321525818,0.928602550703708,980.009560758071,-3157.39942828362,0.00118994617906847,-83617.5510979594,381.225491157595,381.225398180106,77.4906143642187,0.196650258651665,458.519362285673,-1338.97313734613,0.000515838580256794,-62907.6318515607,1254.78794234801,1254.78409319821,525.40591219612,4.51348098144217,1775.67652441288,-9940.71215508065,0.00359745373562229,-115088.950871783,"No MPA"
"4389","Micropogonias","MT_40",2017,980.009560758071,979.977796611655,174.508215462775,0.0707398818896526,1154.41527219254,-191.408659757336,7.21829912299544e-05,-80651.5603294332,458.519362285673,458.514424047226,74.2167037979605,0.0112187374207389,532.719909107765,-63.4962614367056,2.44673239721755e-05,-61632.1549756513,1775.67652441288,1775.47154054514,473.625794380048,0.48694310925481,2248.61039181594,-756.235528635156,0.000274239239848592,-105904.474245337,"No MPA"
"4390","Micropogonias","MT_40",2018,1154.41527219254,1154.3734531562,125.963633262465,0.00505756275138433,1280.33202885591,-11.6101466666333,4.38105992416852e-06,-80471.7618163424,532.719909107765,532.712720090568,65.0521516943344,0.000618340695497374,597.764253444207,-3.01158872220513,1.16072384070834e-06,-61571.6703029368,2248.61039181594,2248.31847073216,289.466252962958,0.0470981892994997,2537.73762550582,-57.6429401270542,2.09453742030896e-05,-105205.881656829,"No MPA"
"4391","Micropogonias","MT_40",2019,1280.33202885591,1280.37024754885,75.9647737689633,0.000340627520402474,1356.33468069029,-0.704627079847621,2.66046252383936e-07,-80460.8562967557,597.764253444207,597.76813412225,52.1667015757015,3.29208165810069e-05,649.934802777135,-0.142861777948375,5.50732440487977e-08,-61568.8015759926,2537.73762550582,2538.01342444264,112.588953439015,0.0040671711775519,2650.59831071048,-4.40227268387769,1.60268104311326e-06,-105152.640989386,"No MPA"
"4392","Micropogonias","MT_40",2020,1356.33468069029,1356.29623262897,39.7183686904622,2.19246323769917e-05,1396.0145793948,-0.0427881572197461,1.61646180436766e-08,-80460.194457833,649.934802777135,649.931781499155,38.5557557021883,1.69859962463965e-06,688.487535502743,-0.00677813358142551,2.61349233551241e-09,-61568.6654923482,2650.59831071048,2650.28100826004,30.3067288526444,0.000325631480127955,2680.58741148121,-0.336841115492659,1.22851773473044e-07,-105148.575557818,"No MPA"
"4393","Micropogonias","MT_40",2021,1396.0145793948,1396.05343923796,18.9798239271811,1.37179984028573e-06,1415.03326179334,-0.00259970896624586,9.82654382143277e-10,-80460.1542693848,688.487535502743,688.489775210997,26.6239642859087,8.54016337973598e-08,715.113739411504,-0.00032164561027862,1.24042381814129e-10,-61568.6590358602,2680.58741148121,2680.96863192356,7.19284843441719,2.52868456271579e-05,2688.16145507113,-0.0258200187616629,9.43334193170385e-09,-105148.264536721,"No MPA"
"4394","Micropogonias","MT_40",2022,1415.03326179334,1414.99360640478,8.59841449704573,8.45719876679823e-08,1423.59202081725,-0.000158036226786898,5.97667844823143e-11,-80460.151827712,715.113739411504,715.111966908559,17.453676051155,4.21077328896701e-09,732.565642955503,-1.52657262442053e-05,5.88825673266174e-12,-61568.6587294803,2688.16145507113,2687.69877133537,1.27219244375252,1.95042658045752e-06,2688.9709618287,-0.00198262223743584,7.25560258018044e-10,-105148.240699324,"No MPA"
"4395","Micropogonias","MT_40",2023,1423.59202081725,1423.6326021799,3.83327161391705,5.17755766116035e-09,1427.46587378864,-9.6120098033993e-06,3.63696729612084e-12,-80460.1516792878,732.565642955503,732.567083608072,11.0310167586898,2.04793982789106e-10,743.598100366557,-7.2464983116396e-07,2.79557176469751e-13,-61568.6587149393,2688.9709618287,2689.53382460325,0.63744358151657,1.5030170992308e-07,2690.17126803446,-0.000152492261814431,5.58957084559452e-11,-105148.238869194,"No MPA"
"4396","Micropogonias","MT_40",2024,1427.46587378864,1427.42435277913,1.65743820478404,3.16083359519937e-10,1429.0817909836,-5.8491534053351e-07,2.21429715611182e-13,-80460.1516702607,743.598100366557,743.5969029839,6.80250398787265,9.87096468742563e-12,750.399406971763,-3.44039544544029e-08,1.32745964319104e-14,-61568.658714249,2690.17126803446,2689.48819761143,0.00505642546110799,1.16020259088675e-08,2689.49325402529,-1.17476951680709e-05,4.31274076499914e-12,-105148.23872845,"No MPA"
"4397","Micropogonias","MT_40",2025,1429.0817909836,1429.12423522325,0.746316068252659,1.92753824776404e-11,1429.87055129148,-3.56114147033729e-08,1.34879489755762e-14,-80460.1516697114,750.399406971763,750.40041674218,4.13072853951183,4.73075847769494e-13,754.531145281691,-1.63364143461815e-09,6.30432064951363e-16,-61568.6587142163,2689.49325402529,2690.02062088794,0.23073949735229,8.96274747748656e-10,2690.25136038439,-9.06416124997361e-07,3.33250414015524e-13,-105148.238717609,"No MPA"
"4398","Micropogonias","MT_40",2026,1429.87055129148,1429.8271923843,0.300829916766349,1.17533743122324e-12,1430.12802230107,-2.16919750766981e-09,8.21988705712009e-16,-80460.151669678,754.531145281691,754.530285083191,2.48344833395881,2.25942657822679e-14,757.01373341715,-7.75840250372854e-11,2.99447755432877e-17,-61568.6587142147,2690.25136038439,2689.80868011533,9.93414448141233e-05,6.93738586989579e-11,2689.8087794567,-7.00397994797869e-08,2.57871298227031e-14,-105148.238716772,"No MPA"
"4399","Micropogonias","MT_40",2027,1430.12802230107,1430.17231055827,0.155305640942179,7.16748783758747e-14,1430.32761619921,-1.32196204510377e-10,5.01178051812113e-17,-80460.1516696759,757.01373341715,757.014471491399,1.48487043521866,1.07689386064483e-15,758.499341926618,-3.68514205289665e-12,1.42255524961625e-18,-61568.6587142146,2689.8087794567,2690.02286932906,0.00320665099149843,5.37457750951972e-12,2690.02607598005,-5.41972493462796e-09,1.99812619322312e-15,-105148.238716708,"No MPA"
"4400","Micropogonias","MT_40",2028,1430.32761619921,1430.28236035246,0.0424586878181487,4.37276637493488e-15,1430.32481904028,-8.06018748011191e-12,3.05717820998231e-18,-80460.1516696758,758.499341926618,758.498705214706,0.884152263818359,5.12669227538764e-17,759.382857478524,-1.7506600064692e-13,6.75899370317346e-20,-61568.6587142146,2690.02607598005,2689.96942240297,0,4.17022857605018e-13,2689.96942240297,-4.19949560393501e-10,1.55025585619459e-16,-105148.238716703,"No MPA"
"4401","Micropogonias","MT_40",2029,1430.32481904028,1430.37110265028,0.0440402728661766,2.66859617826925e-16,1430.41514292314,-4.91670165359307e-13,1.86572736150376e-19,-80460.1516696758,759.382857478524,759.383409088095,0.525774111562208,2.43904631541024e-18,759.909183199657,-8.31791370072735e-15,3.21187960877386e-21,-61568.6587142146,2689.96942240297,2690.04896732481,0,3.2394045364922e-14,2690.04896732481,-3.25819898484972e-11,1.20425328662015e-17,-105148.238716702,"No MPA"
"4402","Micropogonias","MT_40",2030,1430.41514292314,1430.36783190739,0.000781898179202901,1.62941817372343e-17,1430.36861380557,-3.00055274164919e-14,1.13912258147077e-20,-80460.1516696758,759.909183199657,759.908703639243,0.311884455823748,1.16001064492855e-19,760.220588095067,-3.95267810589961e-16,1.52651220785959e-22,-61568.6587142146,2690.04896732481,2690.03700849021,0,2.51941966588386e-15,2690.03700849021,-2.53099948077584e-12,9.36570190125168e-19,-105148.238716702,"No MPA"
"4403","Micropogonias","MT_40",2031,1430.36861380557,1430.40934954305,0.0193359896285164,9.9524880835281e-19,1430.42868553268,-1.83199191983443e-15,6.95798828093509e-22,-80460.1516696758,760.220588095067,760.221006268083,0.185195153633494,5.51625355982353e-21,760.406201421717,-1.87859155724422e-17,7.25612229639121e-24,-61568.6587142146,2690.03700849021,2690.05435656587,0,1.9615702180288e-16,2690.05435656587,-1.96840539901818e-13,7.29198226413924e-20,-105148.238716702,"No MPA"
"4404","Micropogonias","MT_40",2032,1430.42868553268,1430.3909217185,0.000232287056988966,6.0820522739683e-20,1430.39115400556,-1.1190172329605e-16,4.25190878232005e-23,-80460.1516696758,760.406201421717,760.405835820036,0.109632397535545,2.62311491364874e-22,760.515468217571,-8.92969479015504e-19,3.44962325254399e-25,-61568.6587142146,2690.05435656587,2690.05163713086,0,1.52886898788495e-17,2690.05163713086,-1.53256823190297e-14,5.68341299539838e-21,-105148.238716702,"No MPA"
"4405","Micropogonias","MT_40",2033,1430.39115400556,1430.41628792637,0.00677331217224502,3.71810843625825e-21,1430.42306123855,-6.83812487516726e-18,2.59936481140791e-24,-80460.1516696758,760.515468217571,760.515788604189,0.0651328773670901,1.24740940864664e-23,760.580921481556,-4.24525371831288e-20,1.64021569673724e-26,-61568.6587142146,2690.05163713086,2690.05551394544,0,1.19280160101742e-18,2690.05551394544,-1.19449251180862e-15,4.4341215767294e-22,-105148.238716702,"No MPA"
"4406","Micropogonias","MT_40",2034,1430.42306123855,1430.40831703896,5.2189990875161e-07,2.27401909123144e-22,1430.40831756086,-4.18042386400193e-19,1.58975282143849e-25,-80460.1516696758,760.580921481556,760.580640128429,0.0384705395400347,5.93249482227726e-25,760.619110667969,-2.0185193918113e-21,7.79995218785505e-28,-61568.6587142146,2690.05551394544,2690.05488569344,0,9.3149245505601e-20,2690.05488569344,-9.31926822775307e-17,3.46272577040417e-23,-105148.238716702,"No MPA"
"4407","Micropogonias","MT_40",2035,1430.40831756086,1430.4156030179,9.00334129116642e-07,1.39132018854079e-23,1430.41560391823,-2.55671718109487e-20,9.72673445899341e-27,-80460.1516696758,760.619110667969,760.619358212177,0.0229120829256479,2.82170285288241e-26,760.642270295103,-9.59895354521785e-23,3.70974488175555e-29,-61568.6587142146,2690.05488569344,2690.05576880628,0,7.2808180361409e-21,2690.05576880628,-7.27766925187072e-18,2.70656858131764e-24,-105148.238716702,"No MPA"
"4408","Micropogonias","MT_40",2036,1430.41560391823,1430.41368555234,0,8.51604319961078e-25,1430.41368555234,-1.56430035516889e-21,5.95354467674509e-28,-80460.1516696758,760.642270295103,760.642052122135,0.0134759793008294,1.34226161594846e-27,760.655528101435,-4.56537005398204e-24,1.76464241919863e-30,-61568.6587142146,2690.05576880628,2690.05562191366,0,5.69575085662584e-22,2690.05562191366,-5.688440911738e-19,2.11733560429537e-25,-105148.238716702,"No MPA"
"4409","Micropogonias","MT_40",2037,1430.41368555234,1430.41555791058,0,5.21450342989424e-26,1430.41555791058,-9.57477774171822e-23,3.64545129946337e-29,-80460.1516696758,760.655528101435,760.655720689095,0.00807399145174656,6.38583084744151e-29,760.663794680547,-2.17164409683684e-25,8.39516786680848e-32,-61568.6587142146,2690.05562191366,2690.05582589941,0,4.4593507539563e-23,2690.05582589941,-4.45004000965673e-20,1.6577169325256e-26,-105148.238716702,"No MPA"
"4410","Micropogonias","MT_40",2038,1430.41555791058,1430.41510395047,0,3.19412845039367e-27,1430.41510395047,-5.86279062788259e-24,2.23300734745871e-30,-80460.1516696758,760.663794680547,760.663624435395,0.00470561945367311,3.03846491102258e-30,760.668330054848,-1.03314509636258e-26,3.9944913013652e-33,-61568.6587142146,2690.05582589941,2690.05579124413,0,3.49400574786792e-24,2690.05579124413,-3.48405168227797e-21,1.29885993973043e-27,-105148.238716702,"No MPA"
"4411","Micropogonias","MT_40",2039,1430.41510395047,1430.41552253296,0,1.9572681216153e-28,1430.41552253296,-3.59123013193634e-25,1.36832176625432e-31,-80460.1516696758,760.668330054848,760.668480745245,0.00285756541536463,1.44593162073219e-31,760.671338310661,-4.91579102566437e-28,1.90087001596087e-34,-61568.6587142146,2690.05579124413,2690.05583885217,0,2.73961209612506e-25,2690.05583885217,-2.72983587807201e-22,1.01842203608979e-28,-105148.238716702,"No MPA"
"4412","Micropogonias","MT_40",2040,1430.41552253296,1430.41541512684,0,1.19978619239146e-29,1430.41541512684,-2.20060106917953e-26,8.38767598311397e-33,-80460.1516696758,760.671338310661,760.671204770389,0.00163176263316553,6.88174653476453e-33,760.672836533023,-2.33929154890953e-29,9.04693812996906e-36,-61568.6587142146,2690.05583885217,2690.0558306196,0,2.14956836256691e-26,2690.0558306196,-2.14043479829307e-23,7.9907945832413e-30,-105148.238716702,"No MPA"
"4413","Micropogonias","MT_40",2041,1430.41541512684,1430.4155109457,0,7.3571344616016e-31,1430.4155109457,-1.34894651188088e-27,5.14335512866178e-34,-80460.1516696758,760.672836533023,760.672955003774,0.00102126401396608,3.27571716839931e-34,760.673976267788,-1.11335471171072e-30,4.30634171617637e-37,-61568.6587142146,2690.0558306196,2690.05584181958,0,1.68769622213057e-27,2690.05584181958,-1.67943879707101e-24,6.27383343839441e-31,-105148.238716702,"No MPA"
"4414","Micropogonias","MT_40",2042,1430.4155109457,1430.41548544779,0,4.51295722330304e-32,1430.41548544779,-8.27179182155445e-29,3.15499740375983e-35,-80460.1516696758,760.673976267788,760.673871061158,0.000556841021135051,1.55944832840129e-35,760.674427902179,-5.29956739705602e-32,2.05008765527276e-38,-61568.6587142146,2690.05584181958,2690.05583985319,0,1.32587677495789e-28,2690.05583985319,-1.3185821726506e-25,4.92880762676577e-32,-105148.238716702,"No MPA"
"4415","Micropogonias","MT_40",2043,1430.41548544779,1430.41550769967,0,2.76922057427318e-33,1430.41550769967,-5.07401901461009e-30,1.93595539368603e-36,-80460.1516696758,760.674427902179,760.674521415415,0.00037280712062574,7.42491799928541e-37,760.674894222535,-2.52292512095566e-33,9.76096701399671e-40,-61568.6587142146,2690.05583985319,2690.05584250468,0,1.0422305597781e-29,2690.05584250468,-1.03589582555824e-26,3.8743826218668e-33,-105148.238716702,"No MPA"
"4416","Micropogonias","MT_40",2044,1430.41550769967,1430.41550162212,0,1.69978507291746e-34,1430.41550162212,-3.11349685017267e-31,1.18831560743747e-37,-80460.1516696758,760.674894222535,760.674811032821,0.000182788691161013,3.53564141038333e-38,760.674993821512,-1.20122614328865e-34,4.6480322109993e-41,-61568.6587142146,2690.05584250468,2690.05584203292,0,8.19715075734443e-31,2690.05584203292,-8.14285540951098e-28,3.04720468171146e-34,-105148.238716702,"No MPA"
"4417","Micropogonias","MT_40",2045,1430.41550162212,1430.41550684149,0,1.04367889603133e-35,1430.41550684149,-1.91110648150446e-32,7.29633379145422e-39,-80460.1516696758,760.674993821512,760.675067885068,0.000142203597910635,1.6838360950491e-39,760.675210088666,-5.72006625804572e-36,2.21360779399756e-42,-61568.6587142146,2690.05584203292,2690.05584266384,0,6.45042058670355e-32,2690.05584266384,-6.40436155848963e-29,2.39787609086527e-35,-105148.238716702,"No MPA"
"4418","Micropogonias","MT_40",2046,1430.41550684149,1430.41550538734,0,6.41021529233085e-37,1430.41550538734,-1.1734315961824e-33,4.48136591198438e-40,-80460.1516696758,760.675210088666,760.67514410255,5.40779305682057e-05,8.02021733021583e-41,760.675198180481,-2.72415996147609e-37,1.05435502879046e-43,-61568.6587142146,2690.05584266384,2690.05584255025,0,5.07840579255036e-33,2690.05584255025,-5.03965668946517e-30,1.88784400383362e-36,-105148.238716702,"No MPA"
"4419","Micropogonias","MT_40",2047,1430.41550538734,1430.41550662073,0,3.93828908473234e-38,1430.41550662073,-7.2071488304708e-35,2.75324831833751e-41,-80460.1516696758,760.675198180481,760.675257009405,5.89303413644198e-05,3.82055422902267e-42,760.675315939747,-1.29753417133196e-38,5.02258288177487e-45,-61568.6587142146,2690.05584255025,2690.05584270101,0,4.00009221224638e-34,2690.05584270101,-3.96771363575918e-31,1.48699225829235e-37,-105148.238716702,"No MPA"
"4420","Micropogonias","MT_40",2048,1430.41550662073,1430.41550627161,0,2.42029520675696e-39,1430.41550627161,-4.42790675593483e-36,1.69202248965757e-42,-80460.1516696758,760.675315939747,760.675263459107,1.15149889538113e-05,1.82020414672463e-43,760.675274974095,-6.18100425273938e-40,2.39287920694257e-46,-61568.6587142146,2690.05584270101,2690.05584267358,0,3.15213995692601e-35,2690.05584267358,-3.12523675023664e-32,1.1717749151858e-38,-105148.238716702,"No MPA"
"4421","Micropogonias","MT_40",2049,1430.41550627161,1430.41550656476,0,1.48782357850371e-40,1430.41550656476,-2.72119218715204e-37,1.0401338436142e-43,-80460.1516696758,760.675274974095,760.675321248786,2.76454761066645e-05,8.6729441370661e-45,760.675348894262,-2.94477899181023e-41,1.14016380212711e-47,-61568.6587142146,2690.05584267358,2690.05584270973,0,2.48498718597893e-36,2690.05584270973,-2.4627391350037e-33,9.23767881156386e-40,-105148.238716702,"No MPA"
"4422","Micropogonias","MT_40",2050,1430.41550656476,1430.41550648069,0,9.14857654026002e-42,1430.41550648069,-1.67279342097152e-38,6.39574759800469e-45,-80460.1516696758,760.675348894262,760.675307578386,1.14551171911085e-06,4.13299858178523e-46,760.675308723898,-1.40313409961998e-42,5.43332788137493e-49,-61568.6587142146,2690.05584270973,2690.05584270309,0,1.95982308715524e-37,2690.05584270309,-1.9414985617972e-34,7.28543644350924e-41,-105148.238716702,"No MPA"
"4423","Micropogonias","MT_40",2051,1430.41550648069,1430.4155065507,0,5.62692754062497e-43,1430.4155065507,-1.02859498033076e-39,3.93377135184241e-46,-80460.1516696758,760.675308723898,760.675342146701,1.3911053112699e-05,1.96976978820835e-47,760.675356057755,-6.68648453037116e-44,2.58950141486983e-50,-61568.6587142146,2690.05584270309,2690.05584271178,0,1.54623351083585e-38,2690.05584271178,-1.53119248521951e-35,5.74796064189556e-42,-105148.238716702,"No MPA"
"4424","Micropogonias","MT_40",2052,1430.4155065507,1430.4155065304,0,3.46179714342737e-44,1430.4155065304,-6.32648084414128e-41,2.42013395938021e-47,-80460.1516696758,760.675356057755,760.675328244822,3.9541403800549e-07,9.38894279484973e-49,760.675328640236,-3.18675064882707e-45,1.23429038684209e-51,-61568.6587142146,2690.05584271178,2690.05584271017,0,1.2203678414003e-39,2690.05584271017,-1.20805859861e-36,4.53658924853423e-43,-105148.238716702,"No MPA"
"4425","Micropogonias","MT_40",2053,1430.4155065304,1430.41550654718,0,2.13030243880295e-45,1430.41550654718,-3.89217617518716e-42,1.48928925132403e-48,-80460.1516696758,760.675328640236,760.675347962161,5.86790796073557e-06,4.47577460360932e-50,760.675353830069,-1.51897028076809e-46,5.88394869016533e-53,-61568.6587142146,2690.05584271017,2690.05584271227,0,9.63510264010487e-41,2690.05584271227,-9.53462626397892e-38,3.58174818794755e-44,-105148.238716702,"No MPA"
"4426","Micropogonias","MT_40",2054,1430.41550654718,1430.41550654227,0,1.31125514695663e-46,1430.41550654227,-2.39514681387726e-43,9.16695282562909e-50,-80460.1516696758,760.675353830069,760.675341211191,5.2727563097027e-08,2.13387743268628e-51,760.675341263918,-7.24103767559622e-48,2.80524066140511e-54,-61568.6587142146,2690.05584271227,2690.05584271187,0,7.60965147607095e-42,2690.05584271187,-7.52782067602828e-39,2.82880799544982e-45,-105148.238716702,"No MPA"
"4427","Micropogonias","MT_40",2055,1430.41550654227,1430.4155065463,0,8.07302782013566e-48,1430.4155065463,-1.47427357269576e-44,5.6438341049941e-51,-80460.1516696758,760.675341263918,760.675348604713,8.13967333839341e-07,1.0174657805982e-52,760.675349418681,-3.45224854739127e-49,1.33758217915421e-55,-61568.6587142146,2690.05584271187,2690.05584271238,0,6.01186691178569e-43,2690.05584271238,-5.94535355341766e-40,2.23484836869597e-46,-105148.238716702,"No MPA"
"4428","Micropogonias","MT_40",2056,1430.4155065463,1430.41550654511,0,4.97148437604788e-49,1430.41550654511,-9.07668625326519e-46,3.47555263019442e-52,-80460.1516696758,760.675349418681,760.675346414779,0,4.85197605323615e-54,760.675346414779,-1.64608555640258e-50,6.37851095996397e-57,-61568.6587142146,2690.05584271238,2690.05584271229,0,4.75098716737706e-44,2690.05584271229,-4.69701857162046e-41,1.76612956948382e-47,-105148.238716702,"No MPA"
"4429","Micropogonias","MT_40",2057,1430.41550654511,1430.41550654608,0,3.06219790496417e-50,1430.41550654608,-5.58955139256673e-47,2.14077510412364e-53,-80460.1516696758,760.675346414779,760.675348647451,0,2.31401061674935e-55,760.675348647451,-7.84966705314216e-52,3.04204760632078e-58,-61568.6587142146,2690.05584271229,2690.05584271241,0,3.755626315965e-45,2690.05584271241,-3.711904352864e-42,1.39611462941912e-48,-105148.238716702,"No MPA"
"4430","Micropogonias","MT_40",2058,1430.41550654608,1430.41550654579,0,1.88657993901391e-51,1430.41550654579,-3.44289778853301e-48,1.31890344475452e-54,-80460.1516696758,760.675348647451,760.675348107022,0,1.10372099227205e-56,760.675348107022,-3.74367325215342e-53,1.45097510289352e-59,-61568.6587142146,2690.05584271241,2690.05584271239,0,2.96960960658906e-46,2690.05584271239,-2.93423770236321e-43,1.10392117495776e-49,-105148.238716702,"No MPA"
"4431","Micropogonias","MT_40",2059,1430.41550654579,1430.41550654603,0,1.16254362489709e-52,1430.41550654603,-2.12112414073162e-49,8.12731419351312e-56,-80460.1516696758,760.675348107022,760.675348649694,0,5.26501846758537e-58,760.675348649694,-1.78563171429624e-54,6.92150531851338e-61,-61568.6587142146,2690.05584271239,2690.05584271242,0,2.3487110401531e-47,2690.05584271242,-2.32012978285734e-44,8.73108655538129e-51,-105148.238716702,"No MPA"
"4432","Micropogonias","MT_40",2060,1430.41550654603,1430.41550654596,0,7.16527360621336e-54,1430.41550654596,-1.30707387290053e-50,5.00922534286214e-57,-80460.1516696758,760.675348649694,760.675348516481,0,2.51180851345341e-59,760.675348516481,-8.51789902029028e-56,3.30207692139934e-62,-61568.6587142146,2690.05584271242,2690.05584271241,0,1.85809594317555e-48,2690.05584271241,-1.83502721148733e-45,6.90727647237987e-52,-105148.238716702,"No MPA"
"4433","Micropogonias","MT_40",2061,1430.41550654596,1430.41550654602,0,4.4171609810926e-55,1430.41550654602,-8.0560778299333e-52,3.08802649361567e-58,-80460.1516696758,760.675348516481,760.675348648336,0,1.19844630902125e-60,760.675348648336,-4.0636763939892e-57,1.57550302025497e-63,-61568.6587142146,2690.05584271241,2690.05584271242,0,1.47031486208076e-49,2690.05584271242,-1.4517139652305e-46,5.46574104052139e-53,-105148.238716702,"No MPA"
"4434","Micropogonias","MT_40",2062,1430.41550654602,1430.415506546,0,2.72356743767397e-56,1430.415506546,-4.96631316634871e-53,1.90403936842833e-59,-80460.1516696758,760.675348648336,760.675348615533,0,5.71867554750985e-62,760.675348615533,-1.93888106923778e-58,7.51789256437927e-65,-61568.6587142146,2690.05584271242,2690.05584271242,0,1.16372893616234e-50,2690.05584271242,-1.1487440282124e-47,4.3260400683316e-54,-105148.238716702,"No MPA"
"4435","Micropogonias","MT_40",2063,1430.415506546,1430.41550654601,0,1.67963569949679e-57,1430.41550654601,-3.06216795879886e-54,1.17422923046505e-60,-80460.1516696758,760.675348615533,760.675348647567,0,2.72908179076998e-63,760.675348647567,-9.2518385469549e-60,3.58770899535133e-66,-61568.6587142146,2690.05584271242,2690.05584271242,0,9.21273207635658e-52,2690.05584271242,-9.09211149496651e-49,3.42473636795111e-55,-105148.238716702,"No MPA"
"4436","Micropogonias","MT_40",2064,1430.41550654601,1430.41550654601,0,1.03602870381518e-58,1430.41550654601,-1.888452090559e-55,7.24285145871249e-62,-80460.1516696758,760.675348647567,760.675348639494,0,1.302510603351e-64,760.675348639494,-4.41518738053263e-61,1.7123081557287e-67,-61568.6587142146,2690.05584271242,2690.05584271242,0,7.29484792249472e-53,2690.05584271242,-7.19782628141191e-50,2.71178308147656e-56,-105148.238716702,"No MPA"
"4437","Micropogonias","MT_40",2065,1430.41550654601,1430.41550654601,0,6.39154640818259e-60,1430.41550654601,-1.16483030944451e-56,4.46831454142727e-63,-80460.1516696758,760.675348639494,760.67534864728,0,6.21711656230592e-66,760.67534864728,-2.10723929130049e-62,8.17315372901926e-69,-61568.6587142146,2690.05584271242,2690.05584271242,0,5.77738774546472e-54,2690.05584271242,-5.69940031472193e-51,2.1476832018622e-57,-105148.238716702,"No MPA"
"4438","Micropogonias","MT_60",2015,678.7767649,678.7767649,226.251651053082,15.4349009187339,889.593515034348,-60386.9216251702,0.0227392888455865,-153376.473665463,356.4076579,356.4076579,86.0366952599497,4.3915743786829,438.052778781267,-31985.1884745473,0.0123217733439248,-102398.392575019,970.379623,970.379623,525.140528136099,53.1546206891211,1442.36553044698,-151889.824931713,0.054777140233829,-274694.303394595,"No MPA"
"4439","Micropogonias","MT_60",2016,889.593515034348,889.592695931442,232.365601935116,1.41711076828629,1120.54118709827,-4227.6823259783,0.00159301852406511,-97217.2343662713,438.052778781267,438.052654488893,89.0793876290805,0.292801541570433,526.839240576403,-1734.71531164442,0.000668418315998469,-72147.9194121165,1442.36553044698,1442.36013212202,609.601594302603,7.01069752752091,2044.9510288971,-13450.0725650068,0.00486130336285246,-136254.551027889,"No MPA"
"4440","Micropogonias","MT_60",2017,1120.54118709827,1120.49766830712,204.161897510049,0.125123957650866,1324.53444185952,-296.149007529152,0.000111664213823072,-93285.7010478221,526.839240576403,526.832637117089,85.3367086140289,0.0191061339934662,612.150239597124,-94.0973007223469,3.62656051444803e-05,-70507.3014011944,2044.9510288971,2044.6633303788,554.825169686577,0.884028708492948,2598.60447135689,-1193.51613136043,0.000432319945713714,-123997.994594243,"No MPA"
"4441","Micropogonias","MT_60",2018,1324.53444185952,1324.47638526339,148.897946329579,0.0103732960683531,1473.3639582969,-20.7573379887147,7.83165400809195e-06,-93010.3093782817,612.150239597124,612.140661587828,74.8193086588185,0.00120467692352115,686.958765569723,-5.10503357537401,1.96794326348853e-06,-70418.3091340475,2598.60447135689,2598.18731778387,343.735386091173,0.100109664142558,2941.8225942109,-106.12926777814,3.85242199573453e-05,-122910.60773066,"No MPA"
"4442","Micropogonias","MT_60",2019,1473.3639582969,1473.41312480446,90.6151288000787,0.000809740633956707,1564.02744386391,-1.45575378158169,5.49586340317187e-07,-92991.0077940745,686.958765569723,686.963713476202,60.014800803113,7.33721882763572e-05,746.978440907127,-0.277009199948452,1.06807267160638e-07,-70413.4811096721,2941.8225942109,2942.1857743122,135.574337901739,0.0101187504370336,3077.74999346351,-9.45660910544298,3.43963287000775e-06,-122813.935071988,"No MPA"
"4443","Micropogonias","MT_60",2020,1564.02744386391,1563.97893719982,47.6826943863923,6.03534626440053e-05,1611.66157123275,-0.102154199423999,3.85884922851713e-08,-92989.6541944924,746.978440907127,746.974577566021,44.3659581883524,4.33079039606209e-06,791.340531423583,-0.0150336601109102,5.79774483689691e-09,-70413.2191341322,3077.74999346351,3077.34422949972,36.7789297694277,0.000946992600300273,3114.12221227655,-0.844311023275285,3.07689029946749e-07,-122805.322773905,"No MPA"
"4444","Micropogonias","MT_60",2021,1611.66157123275,1611.70997329487,22.872632638456,4.36907432954093e-06,1634.58260156425,-0.00717250196370606,2.71091304374059e-09,-92989.5592127949,791.340531423583,791.343381942182,30.6416407124561,2.49086579667453e-07,821.985022405551,-0.000816037172587936,3.14765350233772e-10,-70413.2049165093,3114.12221227655,3114.60020054233,8.76889718622736,8.58696484951265e-05,3123.36901185891,-0.0755265039451459,2.75743385621303e-08,-122804.553989386,"No MPA"
"4445","Micropogonias","MT_60",2022,1634.58260156425,1634.53357640468,10.3810704056518,3.11467389241367e-07,1644.91464649886,-0.000503877397835387,1.90548577188434e-10,-92989.5525441703,821.985022405551,821.982768810439,20.0900246377612,1.40490718468899e-08,842.072793434151,-4.43025503582255e-05,1.70916397139683e-11,-70413.2041447746,3123.36901185891,3122.79709920163,1.54205678539323,7.73190510271183e-06,3124.33914825512,-0.00676848871566692,2.47549635196201e-09,-122804.485231371,"No MPA"
"4446","Micropogonias","MT_60",2023,1644.91464649886,1644.96458419006,4.63275323578975,2.20428605979004e-08,1649.59733740381,-3.54171319528658e-05,1.340061050596e-11,-92989.5520757101,842.072793434151,842.074623559914,12.6984353440159,7.81625361353481e-10,854.773058903148,-2.40557895582405e-06,9.28215906242245e-13,-70413.2041028777,3124.33914825512,3125.027340102,0.781383548082033,6.95522558925297e-07,3125.80872295456,-0.00060764344478195,2.22614703017389e-10,-122804.479070526,"No MPA"
"4447","Micropogonias","MT_60",2024,1649.59733740381,1649.54639386245,2.00344795702455,1.55541571941598e-09,1651.54984181792,-2.49075799678761e-06,9.42906305873893e-13,-92989.5520427837,854.773058903148,854.771538419989,7.83113681806079,4.30956130122284e-11,862.602675238007,-1.30641496943354e-07,5.04176080132403e-14,-70413.2041006027,3125.80872295456,3124.98032958222,0.00561483008192833,6.26776444426739e-08,3124.98594434963,-5.46437189800254e-05,2.00516261281038e-11,-122804.478517526,"No MPA"
"4448","Micropogonias","MT_60",2025,1651.54984181792,1651.60182018555,0.902695568642233,1.09629012880831e-10,1652.50451575408,-1.75256923834473e-07,6.63794752436174e-14,-92989.5520404682,862.602675238007,862.603957241544,4.75557930602985,2.36261914081396e-12,867.359536547571,-7.09597489777087e-09,2.73894251446343e-15,-70413.2041004792,3124.98594434963,3125.61672848292,0.277251673877998,5.65284671428068e-09,3125.89398015114,-4.92193723306437e-06,1.80891909368047e-12,-122804.478467804,"No MPA"
"4449","Micropogonias","MT_60",2026,1652.50451575408,1652.45147986133,0.363534994364235,7.72608009136618e-12,1652.81501485569,-1.23378734197883e-08,4.67537613213832e-15,-92989.5520403053,867.359536547571,867.358444497084,2.85913263688614,1.29077248749552e-13,870.21757713397,-3.85488430068166e-10,1.48816313573944e-16,-70413.2041004725,3125.89398015114,3125.36159339099,0.000124722372647146,5.10865252392577e-10,3125.36171811285,-4.44023075544772e-07,1.63430129575732e-13,-122804.478463326,"No MPA"
"4450","Micropogonias","MT_60",2027,1652.81501485569,1652.86914951265,0.188043486303974,5.44549138388429e-13,1653.05719299895,-8.6900645513758e-10,3.29467682518673e-16,-92989.5520402938,870.21757713397,870.218514173327,1.70955843743723,7.03740355533962e-15,871.928072610764,-2.09448922237478e-11,8.08694714890234e-18,-70413.2041004721,3125.36171811285,3125.62034161036,0.00417458758449861,4.62124213317859e-11,3125.62451619789,-4.01160872037466e-08,1.47862629902481e-14,-122804.478462922,"No MPA"
"4451","Micropogonias","MT_60",2028,1653.05719299895,1653.00189625011,0.051121892647682,3.83978114168858e-14,1653.05301814276,-6.12377506918458e-11,2.32283625707972e-17,-92989.552040293,871.928072610764,871.927264191911,1.01791356320342,3.8323507696061e-16,872.945177755115,-1.1381819350439e-12,4.39526021749575e-19,-70413.2041004721,3125.62451619789,3125.55610401017,0,4.18702149685925e-12,3125.55610401016,-3.62948366667331e-09,1.33957919900361e-15,-122804.478462886,"No MPA"
"4452","Micropogonias","MT_60",2029,1653.05301814276,1653.10956235773,0.0534823693914655,2.70842357428557e-15,1653.16304472712,-4.31742703057234e-12,1.63843719225272e-18,-92989.552040293,872.945177755115,872.945878199137,0.605350711377078,2.0856285024509e-17,873.551228910514,-6.18602079712506e-14,2.38918612003135e-20,-70413.2041004721,3125.55610401016,3125.65242135162,0,3.7980466701497e-13,3125.65242135162,-3.28817422584406e-10,1.21515868586992e-16,-122804.478462882,"No MPA"
"4453","Micropogonias","MT_60",2030,1653.16304472712,1653.10525076355,0.000950220051924345,1.91142813233948e-16,1653.10620098361,-3.04534283066256e-13,1.15622482508588e-19,-92989.552040293,873.551228910514,873.550619879453,0.359063052086473,1.13466752846982e-18,873.909682931539,-3.36261067924046e-15,1.29891355082022e-21,-70413.2041004721,3125.65242135162,3125.63797625611,0,3.44956743968757e-14,3125.63797625611,-2.98276757438009e-11,1.10363117342056e-17,-122804.478462882,"No MPA"
"4454","Micropogonias","MT_60",2031,1653.10620098361,1653.15583726281,0.0234842889532326,1.34943710388922e-17,1653.17932155176,-2.14906074533157e-14,8.16303936470995e-21,-92989.552040293,873.909682931539,873.910214071321,0.213233047253683,6.17222000971252e-20,874.123447118574,-1.82812861577212e-16,7.06276647324444e-23,-70413.2041004721,3125.63797625611,3125.65908012185,0,3.13655258006686e-15,3125.65908012185,-2.70900856444303e-12,1.00349195901279e-18,-122804.478462882,"No MPA"
"4455","Micropogonias","MT_60",2032,1653.17932155176,1653.13346414233,0.000281149621664937,9.53178749913358e-19,1653.13374529195,-1.51725396480667e-15,5.76573116045842e-22,-92989.552040293,874.123447118574,874.122982691704,0.126210269388094,3.35742254416345e-21,874.249192961092,-9.94034099822139e-18,3.84090205502394e-24,-70413.2041004721,3125.65908012185,3125.6557808753,0,2.85507814022078e-16,3125.6557808753,-2.46320361900882e-13,9.13432357442757e-20,-122804.478462882,"No MPA"
"4456","Micropogonias","MT_60",2033,1653.13374529195,1653.16416764169,0.00813438689583346,6.73524718063204e-20,1653.17230202858,-1.07166929075428e-16,4.07423004420479e-23,-92989.552040293,874.249192961092,874.249600001813,0.0749996087476915,1.82637556512149e-22,874.324599610561,-5.40579573921931e-19,2.08907892591859e-25,-70413.2041004721,3125.6557808753,3125.66051272044,0,2.60152028635226e-17,3125.66051272044,-2.24214042750784e-14,8.32311830838694e-21,-122804.478462882,"No MPA"
"4457","Micropogonias","MT_60",2034,1653.17230202858,1653.1545174707,5.86419862106573e-07,4.76145010704596e-21,1653.15451805712,-7.57272068343942e-18,2.88018987185901e-24,-92989.552040293,874.324599610561,874.324242118298,0.0442827828129224,9.93600554859227e-24,874.368524901111,-2.94022946085993e-20,1.13642067871896e-26,-70413.2041004721,3125.66051272044,3125.6597482339,0,2.3727962219701e-18,3125.6597482339,-2.043019373393e-15,7.59134337428386e-22,-122804.478462882,"No MPA"
"4458","Micropogonias","MT_60",2035,1653.15451805712,1653.16334166737,1.0050298575319e-06,3.36736584100205e-22,1653.1633426724,-5.35337310791615e-19,2.03693351166729e-25,-92989.552040293,874.368524901111,874.36883946993,0.0263874154466911,5.40604944659046e-25,874.395226885377,-1.59943093503937e-21,6.18280426660363e-28,-70413.2041004721,3125.6597482339,3125.66082859907,0,2.16617044044329e-19,3125.66082859907,-1.86339554615757e-16,6.93028229162703e-23,-122804.478462882,"No MPA"
"4459","Micropogonias","MT_60",2036,1653.1633426724,1653.16102080661,0,2.3824526196568e-23,1653.16102080661,-3.7860229827093e-20,1.44114774355031e-26,-92989.552040293,874.395226885377,874.394949611941,0.0155080242257878,2.94171879843293e-26,874.410457636167,-8.7018552330207e-23,3.36428963482892e-29,-70413.2041004721,3125.66082859907,3125.66064949442,0,1.97925953187315e-20,3125.66064949442,-1.7011293675543e-17,6.33229144327096e-24,-122804.478462882,"No MPA"
"4460","Micropogonias","MT_60",2037,1653.16102080661,1653.16327493202,0,1.68626957603789e-24,1653.16327493202,-2.67864338813993e-21,1.02002742287609e-27,-92989.552040293,874.410457636167,874.410702416569,0.0093021467230056,1.60094908802683e-27,874.420004563292,-4.73499722765515e-24,1.83088968571468e-30,-70413.2041004721,3125.66064949442,3125.6608994527,0,1.80996201915798e-21,3125.6608994527,-1.55434461182652e-18,5.79065427150101e-25,-122804.478462882,"No MPA"
"4461","Micropogonias","MT_60",2038,1653.16327493202,1653.16272481725,0,1.19398376040537e-25,1653.16272481725,-1.89591228382046e-22,7.22241885387232e-29,-92989.552040293,874.420004563292,874.419788161731,0.00541207327876663,8.71387627211042e-29,874.425200235009,-2.5768463690109e-25,9.9653212723066e-32,-70413.2041004721,3125.6608994527,3125.66085713882,0,1.65643050007686e-22,3125.66085713882,-1.42139261056836e-19,5.29945682969895e-26,-122804.478462882,"No MPA"
"4462","Micropogonias","MT_60",2039,1653.16272481725,1653.16322936527,0,8.45731299739403e-27,1653.16322936527,-1.34242200940516e-23,5.11583818699217e-30,-92989.552040293,874.425200235009,874.425391795286,0.00329496427801504,4.74354276916569e-30,874.428686759564,-1.40254773656459e-26,5.42475533384117e-33,-70413.2041004721,3125.66085713882,3125.66091554764,0,1.51703368182351e-23,3125.66091554764,-1.30082170764238e-20,4.8534813953092e-27,-122804.478462882,"No MPA"
"4463","Micropogonias","MT_60",2040,1653.16322936527,1653.16309909764,0,5.99274542760851e-28,1653.16309909764,-9.50874480763123e-25,3.62501737355527e-31,-92989.552040293,874.428686759564,874.428516988598,0.00187427678888419,2.58257249249331e-31,874.430391265387,-7.63495535064127e-28,2.95343980780861e-34,-70413.2041004721,3125.66091554764,3125.66090548545,0,1.39033003831944e-24,3125.66090548545,-1.19135114398984e-21,4.44811537747729e-28,-122804.478462882,"No MPA"
"4464","Micropogonias","MT_60",2041,1653.16309909764,1653.16321470215,0,4.24789874071025e-29,1653.16321470215,-6.73777470476339e-26,2.56955816578082e-32,-92989.552040293,874.430391265387,874.430541888248,0.00117972138412311,1.40624127802782e-32,874.431721609632,-4.15675540178926e-29,1.6081797842788e-35,-70413.2041004721,3125.66090548545,3125.66091923931,0,1.27504247351945e-25,3125.66091923931,-1.09184869827422e-22,4.07927319076883e-29,-122804.478462882,"No MPA"
"4465","Micropogonias","MT_60",2042,1653.16321470215,1653.16318375793,0,3.01212899268328e-30,1653.16318375793,-4.77600580273016e-27,1.82203969088805e-33,-92989.552040293,874.431721609632,874.431587842629,0.00063762819794447,7.65816758111612e-34,874.432225470827,-2.26339808302087e-30,8.75787942276055e-37,-70413.2041004721,3125.66091923931,3125.66091683403,0,1.17003775849209e-26,3125.66091683403,-1.00131150954098e-23,3.74332913493869e-30,-122804.478462882,"No MPA"
"4466","Micropogonias","MT_60",2043,1653.16318375793,1653.1632106231,0,2.13658396171173e-31,1653.1632106231,-3.38660251107347e-28,1.29242169357289e-34,-92989.552040293,874.432225470827,874.432344376591,0.0004323126984554,4.17106297447404e-35,874.432776689289,-1.23260892120418e-31,4.77002431164943e-38,-70413.2041004721,3125.66091683403,3125.66092009256,0,1.07430829509239e-27,3125.66092009256,-9.18849601761891e-25,3.43705962891292e-31,-122804.478462882,"No MPA"
"4467","Micropogonias","MT_60",2044,1653.1632106231,1653.16320324402,0,1.51603583585276e-32,1653.16320324402,-2.40220812678579e-29,9.17051520450812e-36,-92989.552040293,874.432776689289,874.432670904944,0.000207699587379633,2.27208876761436e-36,874.432878604531,-6.7134682208794e-33,2.59835727597127e-39,-70413.2041004721,3125.66092009256,3125.66091951514,0,9.86956631036676e-29,3125.66091951514,-8.43671704360637e-26,3.15759340590147e-32,-122804.478462882,"No MPA"
"4468","Micropogonias","MT_60",2045,1653.16320324402,1653.1632095488,0,1.07606419135526e-33,1653.1632095488,-1.70451225483844e-30,6.50912256722645e-37,-92989.552040293,874.432878604531,874.432972788395,0.000166170650766872,1.23782609702577e-37,874.433138959045,-3.65700211525432e-34,1.41557588614378e-40,-70413.2041004721,3125.66091951514,3125.66092029099,0,9.07181977430282e-30,3125.66092029099,-7.75073026963359e-27,2.90236849354391e-33,-122804.478462882,"No MPA"
"4469","Micropogonias","MT_60",2046,1653.1632095488,1653.16320778262,0,7.6401574327148e-35,1653.16320778262,-1.20984251556594e-31,4.62153850786647e-38,-92989.552040293,874.433138959045,874.433055043372,6.00819971112773e-05,6.74449501154016e-39,874.433115125369,-1.99232186308204e-35,7.71299109235279e-42,-70413.2041004721,3125.66092029099,3125.66092015188,0,8.34268588788724e-31,3125.66092015188,-7.12424699598587e-28,2.66909498523303e-34,-122804.478462882,"No MPA"
"4470","Micropogonias","MT_60",2047,1653.16320778262,1653.16320927311,0,5.42622890799138e-36,1653.16320927311,-8.58999614218061e-33,3.28233103812447e-39,-92989.552040293,874.433115125369,874.433189940113,6.97919096132376e-05,3.67530894223048e-40,874.433259732023,-1.08554835764835e-36,4.20307611709094e-43,-70413.2041004721,3125.66092015188,3125.66092033737,0,7.67575666745054e-32,3125.66092033737,-6.55164634430323e-29,2.4557227618527e-35,-122804.478462882,"No MPA"
"4471","Micropogonias","MT_60",2048,1653.16320927311,1653.16320884896,0,3.85497821862643e-37,1653.16320884896,-6.10082787514197e-34,2.33187999648373e-40,-92989.552040293,874.433259732023,874.433192987218,1.18635644656933e-05,2.00305311136001e-41,874.433204850783,-5.91552916488509e-38,2.29068724124326e-44,-70413.2041004721,3125.66092033737,3125.66092030376,0,7.06528599039213e-33,3125.66092030376,-6.02789602630392e-30,2.26041345189471e-36,-122804.478462882,"No MPA"
"4472","Micropogonias","MT_60",2049,1653.16320884896,1653.16320920335,0,2.73949285487345e-38,1653.16320920335,-4.33423634569322e-35,1.65712183782551e-41,-92989.552040293,874.433204850783,874.433263433229,3.32427646247478e-05,1.09180344298178e-42,874.433296675993,-3.22397853529431e-39,1.24858415361322e-45,-70413.2041004721,3125.66092030376,3125.66092034826,0,6.50611329816988e-34,3125.66092034826,-5.5484835161932e-31,2.08151602622897e-37,-122804.478462882,"No MPA"
"4473","Micropogonias","MT_60",2050,1653.16320920335,1653.16320910119,0,1.94732899895036e-39,1653.16320910119,-3.08007174879271e-36,1.17794116643136e-42,-92989.552040293,874.433296675993,874.43324433268,1.3111222103053e-06,5.95181426120993e-44,874.433245643802,-1.75729293725929e-40,6.80648173382074e-47,-70413.2041004721,3125.66092034826,3125.66092034012,0,5.99359707925944e-35,3125.66092034012,-5.10935614479845e-32,1.91754551501116e-38,-122804.478462882,"No MPA"
"4474","Micropogonias","MT_60",2051,1653.16320910119,1653.16320918583,0,1.38460524962579e-40,1653.16320918583,-2.18942459489049e-37,8.37549034483155e-44,-92989.552040293,874.433245643802,874.433287168091,1.66448325007846e-05,3.24493807643445e-45,874.433303812923,-9.57963645800605e-42,3.71090428294981e-48,-70413.2041004721,3125.66092034012,3125.66092035082,0,5.52355673954143e-36,3125.66092035082,-4.70686885740809e-33,1.7671644110841e-39,-122804.478462882,"No MPA"
"4475","Micropogonias","MT_60",2052,1653.16320918583,1653.16320916116,0,9.84751719899055e-42,1653.16320916116,-1.55674197301347e-38,5.95677253417732e-45,-92989.552040293,874.433303812923,874.433270068425,4.3878775940676e-07,1.76935540826817e-46,874.433270507212,-5.22283249260379e-43,2.02343094729241e-49,-70413.2041004721,3125.66092035082,3125.66092034885,0,5.09222171508644e-37,3125.66092034885,-4.33773856596215e-34,1.62916638907681e-40,-122804.478462882,"No MPA"
"4476","Micropogonias","MT_60",2053,1653.16320916116,1653.16320918146,0,7.0054878198601e-43,1653.16320918146,-1.10717790193264e-39,4.2376262555557e-46,-92989.552040293,874.433270507212,874.433293557697,6.61628565920763e-06,9.64882933811004e-48,874.433300173982,-2.84783440706189e-44,1.10343803964357e-50,-70413.2041004721,3125.66092034885,3125.66092035143,0,4.69618683322818e-38,3125.66092035143,-3.99900418542972e-35,1.50246202416097e-41,-122804.478462882,"No MPA"
"4477","Micropogonias","MT_60",2054,1653.16320918146,1653.16320917549,0,4.98491419384948e-44,1653.16320917549,-7.87642321388188e-41,3.01537934437683e-47,-92989.552040293,874.433300173982,874.433285689919,3.21255017188352e-08,5.26240772744394e-49,874.433285722045,-1.55301015806816e-45,6.01807790990267e-52,-70413.2041004721,3125.66092035143,3125.66092035095,0,4.33237308159218e-39,3125.66092035095,-3.68799157860952e-36,1.38606624070569e-42,-122804.478462882,"No MPA"
"4478","Micropogonias","MT_60",2055,1653.16320917549,1653.16320918037,0,3.54798319715543e-45,1653.16320918037,-5.60464808230123e-42,2.14617841569616e-48,-92989.552040293,874.433285722045,874.433293848262,5.48047183781862e-07,2.87041039862199e-50,874.433294396309,-8.47001443709072e-47,3.28259507670442e-53,-70413.2041004721,3125.66092035095,3125.66092035157,0,3.99799306301987e-40,3125.66092035157,-3.40228274719431e-37,1.27908726023006e-43,-122804.478462882,"No MPA"
"4479","Micropogonias","MT_60",2056,1653.16320918037,1653.16320917892,0,2.52584652173283e-46,1653.16320917892,-3.98907512722703e-43,1.52788696706185e-49,-92989.552040293,874.433294396309,874.433291521872,0,1.56585854033856e-51,874.433291521872,-4.62001790387179e-48,1.79071239667425e-54,-70413.2041004721,3125.66092035157,3125.66092035145,0,3.690520519869e-41,3125.66092035145,-3.13968870306021e-38,1.18071685122323e-44,-122804.478462882,"No MPA"
"4480","Micropogonias","MT_60",2057,1653.16320917892,1653.1632091801,0,1.79858494239776e-47,1653.1632091801,-2.83986450191923e-44,1.08796574494969e-50,-92989.552040293,874.433291521872,874.433294100067,0,8.54298088645875e-53,874.433294100067,-2.52029968363998e-49,9.76973426021635e-56,-70413.2041004721,3125.66092035145,3125.66092035161,0,3.4076633982483e-42,3125.66092035161,-2.89822553516139e-39,1.0902217115301e-45,-122804.478462882,"No MPA"
"4481","Micropogonias","MT_60",2058,1653.1632091801,1653.16320917975,0,1.281004563534e-48,1653.16320917975,-2.02218839809087e-45,7.74880880738526e-52,-92989.552040293,874.433294100067,874.433293526511,0,4.66137560786284e-54,874.433293526511,-1.37502025512062e-50,5.33073893607996e-57,-70413.2041004721,3125.66092035161,3125.66092035158,0,3.14733999777834e-43,3125.66092035158,-2.67609325645722e-40,1.0069358378849e-46,-122804.478462882,"No MPA"
"4482","Micropogonias","MT_60",2059,1653.16320917975,1653.16320918003,0,9.12564029764357e-50,1653.16320918003,-1.44026145511075e-46,5.52010850893025e-53,-92989.552040293,874.433293526511,874.433294152936,0,2.5436999705648e-55,874.433294152936,-7.502633967969e-52,2.9089697171822e-58,-70413.2041004721,3125.66092035158,3125.66092035161,0,2.90765781576134e-44,3125.66092035161,-2.471657073924e-41,9.30253757478686e-48,-122804.478462882,"No MPA"
"4483","Micropogonias","MT_60",2060,1653.16320918003,1653.16320917995,0,6.50228885732362e-51,1653.16320917995,-1.02601570267984e-47,3.93324072373275e-54,-92989.552040293,874.433294152936,874.433294011617,0,1.38823876284903e-56,874.433294011617,-4.09416692012391e-53,1.58758680865862e-59,-70413.2041004721,3125.66092035161,3125.66092035161,0,2.68689474874671e-45,3125.66092035161,-2.28343077454294e-42,8.59624513731468e-49,-122804.478462882,"No MPA"
"4484","Micropogonias","MT_60",2061,1653.16320917995,1653.16320918002,0,4.63400811498331e-52,1653.16320918002,-7.31066561180998e-49,2.803115923008e-55,-92989.552040293,874.433294011617,874.433294163828,0,7.57719247375197e-58,874.433294163828,-2.23441493957248e-54,8.66526071873367e-61,-70413.2041004721,3125.66092035161,3125.66092035162,0,2.48348236049632e-46,3125.66092035162,-2.11006196258328e-43,7.94546313173646e-50,-122804.478462882,"No MPA"
"4485","Micropogonias","MT_60",2062,1653.16320918002,1653.16320917999,0,3.3031811703869e-53,1653.16320917999,-5.21011670112159e-50,1.99809743650496e-56,-92989.552040293,874.433294163828,874.433294129045,0,4.13616372625253e-59,874.433294129045,-1.21957349983187e-55,4.73010777821283e-62,-70413.2041004721,3125.66092035162,3125.66092035162,0,2.29599096468323e-47,3125.66092035162,-1.95031891966522e-44,7.34561752918788e-51,-122804.478462882,"No MPA"
"4486","Micropogonias","MT_60",2063,1653.16320917999,1653.16320918001,0,2.35499832106082e-54,1653.16320918001,-3.71383885302593e-51,1.42454072772945e-57,-92989.552040293,874.433294129045,874.433294166032,0,2.25804064809698e-60,874.433294166032,-6.6572885512672e-57,2.58229033964908e-63,-70413.2041004721,3125.66092035162,3125.66092035162,0,2.12311630425959e-48,3125.66092035162,-1.80307888996127e-45,6.79253558962742e-52,-122804.478462882,"No MPA"
"4487","Micropogonias","MT_60",2064,1653.16320918001,1653.16320918001,0,1.67930282566453e-55,1653.16320918001,-2.64777613228588e-52,1.01581187891151e-58,-92989.552040293,874.433294166032,874.433294157476,0,1.23284877245766e-61,874.433294157476,-3.63438904994435e-58,1.4098831559627e-64,-70413.2041004721,3125.66092035162,3125.66092035162,0,1.96366763820949e-49,3125.66092035162,-1.66731761928829e-46,6.28240774750639e-53,-122804.478462882,"No MPA"
"4488","Micropogonias","MT_60",2065,1653.16320918001,1653.16320918001,0,1.19769248515629e-56,1653.16320918001,-1.8880769047308e-53,7.2448532516663e-60,-92989.552040293,874.433294157476,874.433294166467,0,6.73180094077626e-63,874.433294166467,-1.98430975210486e-59,7.69847281176822e-66,-70413.2041004721,3125.66092035162,3125.66092035162,0,1.81655707107904e-50,3125.66092035162,-1.54209999944147e-47,5.81175347348518e-54,-122804.478462882,"No MPA"
"4489","Mugil","MT",2015,396.747436105456,396.747436105456,308.84055569244,26.847686219438,1023.766433173,-96832.0382101719,0.0361939108284212,-255015.469932861,31.6050357519797,31.6050357519797,23.0808130996205,1.02842889024737,81.1423186793731,-35998.2256521093,0.0174044682816411,-124258.519236908,595.543900167449,595.543900167449,698.396197339865,655.298740755398,1156.54818358447,-2323900.27533697,0.588529626740634,-2626302.75152247,"No MPA"
"4490","Mugil","MT",2016,547.575065234447,547.573311925728,368.192497891466,4.38773688175692,1387.56944087399,-11448.0808174057,0.00428623540962164,-169631.512540094,43.4000461476585,43.4000200538818,31.1833948445471,0.120552332691822,112.205135097452,-3072.14325671738,0.00148569914539612,-91332.4368415161,618.595146854193,618.469462248213,717.527014438514,104.093937614949,1769.85557580205,-355901.92410134,0.0913862586057874,-658304.400286843,"No MPA"
"4491","Mugil","MT",2017,742.159932660643,742.108611450794,397.516483460079,0.705373826077322,1784.32922929814,-1355.62588719909,0.000508395614009699,-159539.057609888,60.0144058056302,60.01363859633,42.1252872036204,0.0142336291230757,154.315421462649,-262.244244404502,0.000126854523176063,-88522.5378292033,946.630746010785,942.926413401739,944.478041772758,25.0208844330033,2685.60840053276,-55260.5113497362,0.0143694981191528,-357662.987535239,"No MPA"
"4492","Mugil","MT",2018,954.372171691973,954.274162359021,368.812729768704,0.107757954163947,2152.93619177973,-160.778976607341,6.03942197599596e-05,-158344.210699296,82.5376513978868,82.5358365516872,56.0783873311768,0.00167182969256713,210.390322117933,-22.3909974884995,1.08339091583238e-05,-88282.6845822873,1436.43329910525,1427.84057938433,1085.82829027662,6.06802199002432,3756.77594909844,-8688.26770981863,0.00228480871228757,-311090.743895321,"No MPA"
"4493","Mugil","MT",2019,1151.52649809546,1151.43723500065,285.411217265093,0.0154689776965601,2438.24267697231,-19.0980509008344,7.18518228019666e-06,-158202.529773589,112.530056295522,112.527285377311,73.085754351218,0.000194711540024231,283.4731108394,-1.91224063595038,9.25481463929257e-07,-88262.2058254347,2009.36148006247,1998.91343142004,950.227197058115,1.37152885806651,4695.18356865606,-1381.31032900222,0.000366858364599113,-303783.786514505,"No MPA"
"4494","Mugil","MT",2020,1304.12645857369,1304.08440267484,183.338831264533,0.00208729766463948,2621.53736504033,-2.271984185283,8.56069121309941e-07,-158185.703706874,151.619355871053,151.615967895321,92.555001860392,2.24162709507246e-05,376.024702307789,-0.163347267554155,7.90774566524384e-08,-88260.4569320663,2511.2812508672,2504.96333025173,564.295349589518,0.278661603601832,5252.88233602651,-221.766355255569,5.94026594823018e-05,-302624.242540758,"No MPA"
"4495","Mugil","MT",2021,1402.16405535727,1402.15485018372,100.48961580843,0.000267758584783518,2722.01750791663,-0.270682102409792,1.02138022470233e-07,-158183.702404791,201.121803005195,201.118248449765,112.831381841238,2.54129353833077e-06,488.852527052304,-0.0139566156906445,6.75832696009430e-09,-88260.3075414145,2809.57383893102,2808.67456566881,216.644358855297,0.0508931087485941,5468.57652851084,-35.9068252211384,9.68810362430251e-06,-302438.383010724,"No MPA"
"4496","Mugil","MT",2022,1455.90719344759,1455.90620112841,49.3384481681807,3.32156688510185e-05,2771.35493054995,-0.0322945280046463,1.22025919458005e-08,-158183.464017217,261.469262633516,261.465987854892,130.930056941304,2.82425401901363e-07,619.779308932558,-0.00119274125047964,5.7773185937283e-10,-88260.29477754,2924.94074069029,2925.136752776,58.560325391609,0.00869343898352084,5527.32417254918,-5.85598396674544,1.58973438203497e-06,-302408.332169469,"No MPA"
"4497","Mugil","MT",2023,1482.29596879864,1482.29579270632,22.7359146597251,4.04550839351231e-06,2794.09066507186,-0.0038582384232846,1.45975831277288e-09,-158183.435580927,331.497189713346,331.494534835552,142.814872771988,3.06161047763763e-08,762.591526796135,-0.000101955275062418,4.93984230783857e-11,-88260.293686754,2956.36269786167,2956.27804685447,13.2212796229261,0.00144934746157897,5540.45935181744,-0.960910488009924,2.6221384216432e-07,-302403.437095991,"No MPA"
"4498","Mugil","MT",2024,1494.45647817908,1494.45645831928,10.1473700167937,4.88531523443384e-07,2804.23801474032,-0.000461546907675753,1.74844549459062e-10,-158183.432184236,407.882199984248,407.880322926225,144.610522440114,3.22173901597778e-09,907.200172175004,-8.7170725697961e-06,4.2247253918676e-12,-88260.2935935158,2963.38822283654,2963.42548382826,2.95041781424873,0.000240675376029302,5543.44678994804,-0.15849419900523,4.34396786963747e-08,-302402.634679702,"No MPA"
"4499","Mugil","MT",2025,1499.88392283503,1499.8839181145,4.46178333244418,5.87974361850291e-08,2808.69979329344,-5.52822940239287e-05,2.09673486618716e-11,-158183.431777971,485.228053355686,485.226911261589,134.554999081651,3.27857043410959e-10,1041.75402916223,-7.45469583293966e-07,3.6139441434071e-13,-88260.2935855442,2964.98609377295,2964.96950641125,0.607615710043654,4.00413822504129e-05,5544.037778255,-0.0262569466668988,7.22318847680897e-09,-302402.502442449,"No MPA"
"4500","Mugil","MT",2026,1502.27036431535,1502.27036412785,1.9487287960068,7.07031246851199e-09,2810.64852189487,-6.62944338493026e-06,2.51729020146882e-12,-158183.431729318,557.195969698647,557.195377691759,114.467924042506,3.22126138334082e-11,1156.22136119781,-6.37659099540867e-08,3.09215169485351e-14,-88260.2935848625,2965.30219171312,2965.30963613952,0.143852798842833,6.67989983030613e-06,5544.18906880035,-0.00436602821124228,1.20488014903493e-09,-302402.480551531,"No MPA"
"4501","Mugil","MT",2027,1503.3126676733,1503.31266747883,0.848613638614394,8.50366606605606e-10,2811.49713533816,-7.95914937916629e-07,3.02551742055785e-13,-158183.431723485,618.420341562778,618.420079556877,89.2363243157136,3.05968229922211e-12,1245.45742350762,-5.45565914258551e-09,2.64627728597833e-15,-88260.2935848042,2965.38311146938,2965.37972432544,0.025115527781456,1.11730849844645e-06,5544.21079606688,-0.000728285112976663,2.01527836683044e-10,-302402.476913788,"No MPA"
"4502","Mugil","MT",2028,1503.76655983709,1503.76655986192,0.369068767317041,1.02343161352911e-10,2811.8662041302,-9.56605669513883e-08,3.64016594811881e-14,-158183.431722784,666.149433919435,666.149332736879,64.3734045787687,2.82119273402894e-13,1309.83072690384,-4.66880416487539e-10,2.26518601593792e-16,-88260.2935847992,2965.39473258627,2965.39630381815,0.00806279824828101,1.87318868153745e-07,5544.2204299097,-0.000121812715637979,3.37863907163193e-11,-302402.476307315,"No MPA"
"4503","Mugil","MT",2029,1503.96396117917,1503.96396116446,0.160420480637415,1.2327399016636e-11,2812.02662459612,-1.15094465791651e-08,4.38406315297968e-15,-158183.4317227,700.580349667755,700.580314227378,43.6128628899177,2.54027236590332e-14,1353.44355435338,-3.99634105841964e-11,1.93938981158628e-17,-88260.2935847988,2965.39988537497,2965.39913868226,0.00060755838406595,3.1468286850852e-08,5544.22029074391,-2.04220521997622e-05,5.67587220149914e-12,-302402.476205925,"No MPA"
"4504","Mugil","MT",2030,1504.04976419463,1504.04976419873,0.0697117553259711,1.48615930828442e-12,2812.09633635555,-1.38614941376832e-09,5.28501151193002e-16,-158183.43172269,723.907249302201,723.907237585242,28.2022032588163,2.24780153031526e-15,1381.64574589523,-3.42149492164158e-12,1.66080182891323e-18,-88260.2935847988,2965.3998109403,2965.40011900158,0.000610972568569967,5.29590458419472e-09,5544.22120977246,-3.43075883286547e-06,9.55211792404399e-13,-302402.476188933,"No MPA"
"4505","Mugil","MT",2031,1504.08705045444,1504.08705045285,0.0302904610656586,1.79324143291104e-13,2812.12662681503,-1.67101048629437e-10,6.37688478067954e-17,-158183.431722689,738.991565776052,738.991562021481,17.6583215905951,1.96542940023628e-16,1399.30406373126,-2.92997224702206e-13,1.42252773989512e-19,-88260.2935847988,2965.40030249492,2965.40014571916,1.33210209030318e-05,8.92678018580415e-10,5544.22106631683,-5.77374045323248e-07,1.61010534007173e-13,-302402.47618608,"No MPA"
"4506","Mugil","MT",2032,1504.10325170874,1504.10325170927,0.0131609037072969,2.16560960061538e-14,2812.13978771927,-2.01623804341987e-11,7.70096758789313e-18,-158183.431722689,748.436351449502,748.436350267761,10.8251041496936,1.7053155714769e-17,1410.12916669921,-2.50959271199659e-14,1.21868835778999e-20,-88260.2935847988,2965.40022576577,2965.40024389432,1.26987911739054e-05,1.50682747501178e-10,5544.22109714403,-9.73221898014169e-08,2.71783440602274e-14,-302402.4761856,"No MPA"
"4507","Mugil","MT",2033,1504.11029099305,1504.11029099286,0.00571816591302345,2.6174252128258e-15,2812.14550588499,-2.4348854201907e-12,9.30759283111104e-19,-158183.431722689,754.226301453503,754.226301085456,6.54804283996217,1.47255400186754e-18,1416.67720917113,-2.14997399022793e-15,1.04426887737844e-21,-88260.2935847988,2965.4002422541,2965.4002405644,4.89370331285976e-08,2.54674227081557e-11,5544.22109550323,-1.6427844149555e-08,4.59350777182428e-15,-302402.476185519,"No MPA"
"4508","Mugil","MT",2034,1504.11334942989,1504.11334942995,0.00248441441290295,3.16595375349247e-16,2812.14799029947,-2.94286682751585e-13,1.1258143459743e-19,-158183.431722689,757.728608881775,757.728608767767,3.92837439741968,1.26791293818625e-19,1420.60558345454,-1.84226327586502e-16,8.94990707818394e-23,-88260.2935847988,2965.4002413765,2965.40024122939,0,4.30930798084793e-12,5544.22109535612,-2.77652787116456e-09,7.77261206906752e-16,-302402.476185505,"No MPA"
"4509","Mugil","MT",2035,1504.11467825195,1504.11467825192,0.00107941797147062,3.83225472646247e-17,2812.14906971742,-3.55959027332744e-14,1.36275001873368e-20,-158183.431722689,759.829752008569,759.829751973317,2.34499671182484,1.0898921283163e-20,1422.95058013111,-1.57890927623812e-17,7.67202481117924e-24,-88260.2935847988,2965.40024129782,2965.40024226444,0,7.29939911350633e-13,5544.22109632274,-4.69812507423861e-10,1.31657792633466e-16,-302402.476185503,"No MPA"
"4510","Mugil","MT",2036,1504.11525559296,1504.11525559297,0.000468980257290491,4.64202431331263e-18,2812.14953869768,-4.30873147770895e-15,1.65070350050081e-21,-158183.431722689,761.084004606175,761.084004595269,1.39561547659162,9.35998875607007e-22,1424.3461955968,-1.35346872465897e-18,6.57787338981768e-25,-88260.2935847988,2965.40024181483,2965.40024320364,0,1.23761562279727e-13,5544.22109771155,-7.9580039669258e-11,2.23226238861015e-17,-302402.476185503,"No MPA"
"4511","Mugil","MT",2037,1504.11550643328,1504.11550643328,0.00020376009917034,5.62662552184477e-19,2812.14974245778,-5.21918035919541e-16,2.00082728333518e-22,-158183.431722689,761.830468062001,761.830468058622,0.829103636341269,8.03450960806753e-23,1425.17529922976,-1.16044211997375e-19,5.64084043114328e-26,-88260.2935847988,2965.40024255765,2965.40024395838,0,2.10024748194456e-14,5544.22109911227,-1.3492823013699e-11,3.78817410938148e-18,-302402.476185503,"No MPA"
"4512","Mugil","MT",2038,1504.11561541708,1504.11561541708,8.85286022526877e-05,6.82434816351223e-20,2812.14983098638,-6.32619877264928e-17,2.42673711875238e-23,-158183.431722689,762.273925144783,762.273925143733,0.492024806518189,6.89528068957109e-24,1425.66732403523,-9.95134168984964e-21,4.83819828571101e-27,-88260.2935847988,2965.40024330685,2965.40024453848,0,3.5670731317555e-15,5544.2211003439,-2.28974707739344e-12,6.43385800810552e-19,-302402.476185503,"No MPA"
"4513","Mugil","MT",2039,1504.11566276777,1504.11566276777,3.84634288958253e-05,8.28195039973961e-21,2812.14986944981,-7.67283688590877e-18,2.9450601488167e-24,-158183.431722689,762.537091142633,762.537091142306,0.291802419168795,5.91727836781211e-25,1425.95912645407,-8.53535125345557e-22,4.15053236337336e-28,-88260.2935847988,2965.4002439656,2965.40024497545,0,6.06295591118199e-16,5544.22110135375,-3.88892039939195e-13,1.0935631536737e-19,-302402.476185503,"No MPA"
"4514","Mugil","MT",2040,1504.11568334045,1504.11568334045,1.67113827878323e-05,1.00565451883613e-21,2812.1498861612,-9.31166625600333e-19,3.57610570390006e-25,-158183.431722689,762.693165539444,762.693165539342,0.172992298992197,5.0782030562338e-26,1426.13211875296,-7.32219830928388e-23,3.56125428984894e-29,-88260.2935847988,2965.40024450573,2965.40024530111,0,1.03125072567375e-16,5544.22110214913,-6.60999986475742e-14,1.86004617568358e-20,-302402.476185503,"No MPA"
"4515","Mugil","MT",2041,1504.11569227875,1504.11569227875,7.26067047588562e-06,1.22179092076739e-22,2812.14989342187,-1.13069007518129e-19,4.34468634399582e-26,-158183.431722689,762.785692766632,762.785692766601,0.102533874947919,4.35852672313162e-27,1426.23465262788,-6.28261774143278e-24,3.05618719739852e-30,-88260.2935847988,2965.40024493115,2965.40024554227,0,1.75521508862589e-17,5544.22110276025,-1.12429766204235e-14,3.16584612389271e-21,-302402.476185503,"No MPA"
"4516","Mugil","MT",2042,1504.11569616222,1504.11569616222,3.15457660630803e-06,1.48513093229071e-23,2812.14989657644,-1.37369925155364e-20,5.28112294356964e-27,-158183.431722689,762.840534370564,762.840534370553,0.0607645509017281,3.74131638429604e-28,1426.29541717877,-5.39159900567242e-25,2.62321237070111e-31,-88260.2935847988,2965.40024525802,2965.40024572009,0,2.98925669874049e-18,5544.22110322232,-1.91358335185958e-15,5.39166213492282e-22,-302402.476185503,"No MPA"
"4517","Mugil","MT",2043,1504.11569784949,1504.11569784949,1.37058325012816e-06,1.8060963115324e-24,2812.14989794703,-1.66978098314628e-21,6.42247525187463e-28,-158183.431722689,762.873035097136,762.873035097133,0.0360080021788197,3.21197177206834e-29,1426.33142518094,-4.62776261345447e-26,2.25196809397429e-32,-88260.2935847988,2965.40024550516,2965.4002458508,0,5.09383634417337e-19,5544.22110356796,-3.25896916542275e-16,9.1876500762422e-23,-302402.476185503,"No MPA"
"4518","Mugil","MT",2044,1504.11569858256,1504.11569858256,5.95483590295505e-07,2.19742763141426e-25,2812.14989854251,-2.0306527901159e-22,7.8140487212949e-29,-158183.431722689,762.892294455034,762.892294455033,0.0213367121534869,2.75794434950854e-30,1426.35276189309,-3.97282877749318e-27,1.93359292294823e-33,-88260.2935847988,2965.40024569003,2965.40024594666,0,8.68478618940738e-20,5544.22110382459,-5.55343928307829e-17,1.56645740261289e-23,-302402.476185503,"No MPA"
"4519","Mugil","MT",2045,1504.11569890106,1504.11569890106,2.5872250549937e-07,2.67470322585926e-26,2812.14989880123,-2.47063931205738e-23,9.5112398782352e-30,-158183.431722689,762.90370667873,762.90370667873,0.0126428202547032,2.36846842272511e-31,1426.36540471335,-3.41116446568702e-28,1.66050677364105e-34,-88260.2935847988,2965.40024582729,2965.40024601683,0,1.48146118037947e-20,5544.22110401412,-9.46839072314455e-18,2.67208170929089e-24,-302402.476185503,"No MPA"
"4520","Mugil","MT",2046,1504.11569903945,1504.11569903945,1.12408423433814e-07,3.25697481263773e-27,2812.14989891364,-3.00725577580995e-24,1.15817965963554e-30,-158183.431722689,762.910468858952,762.910468858952,0.00749123315101869,2.03431687412201e-32,1426.3728959465,-2.92939718812907e-29,1.42622421113111e-35,-88260.2935847988,2965.40024592867,2965.40024606811,0,2.5282738123851e-21,5544.22110415357,-1.6151293757195e-18,4.56019658118351e-25,-302402.476185503,"No MPA"
"4521","Mugil","MT",2047,1504.11569909957,1504.11569909957,4.88385136694117e-08,3.96754612593642e-28,2812.14989896248,-3.66192264673568e-25,1.41085869123446e-31,-158183.431722689,762.914475644434,762.914475644434,0.00443872713787553,1.74758517244886e-33,1426.37733467364,-2.51608559930237e-30,1.22519516279031e-36,-88260.2935847988,2965.40024600325,2965.40024610556,0,4.31665413292998e-22,5544.22110425587,-2.75639305179766e-19,7.78586216501367e-26,-302402.476185503,"No MPA"
"4522","Mugil","MT",2048,1504.11569912569,1504.11569912569,2.12188674770281e-08,4.83492685406195e-29,2812.1498989837,-4.46084107054778e-26,1.7192991226555e-32,-158183.431722689,762.916849756558,762.916849756558,0.00263003231672184,1.50150319486135e-34,1426.37996470595,-2.16143848609301e-31,1.05266899463521e-37,-88260.2935847988,2965.40024605797,2965.40024613287,0,7.3730504989352e-23,5544.22110433077,-4.70613404309162e-20,1.32986227646576e-26,-302402.476185503,"No MPA"
"4523","Mugil","MT",2049,1504.11569913704,1504.11569913704,9.21890817366406e-09,5.8940014937875e-30,2812.14989899292,-5.43606541643642e-27,2.09590587468953e-33,-158183.431722689,762.918256464251,762.918256464251,0.00155834008210945,1.29027264310499e-35,1426.38152304604,-1.85707497444645e-32,9.04578495934618e-39,-88260.2935847988,2965.40024609803,2965.40024615277,0,1.25983091425114e-23,5544.2211043855,-8.0383007035776e-21,2.27233165947702e-27,-302402.476185503,"No MPA"
"4524","Mugil","MT",2050,1504.11569914197,1504.11569914197,4.0056953198744e-09,7.18746171082317e-31,2812.14989899692,-6.62681745798144e-28,2.55586009600595e-34,-158183.431722689,762.919089963128,762.919089963128,0.000923341851083018,1.10892723854905e-36,1426.38244638789,-1.59581985856357e-33,7.77440832366462e-40,-88260.2935847988,2965.40024612731,2965.40024616726,0,2.15343334616352e-24,5544.22110442546,-1.3735020159891e-21,3.88410437754754e-28,-302402.476185503,"No MPA"
"4525","Mugil","MT",2051,1504.11569914411,1504.11569914411,1.74038606991044e-09,8.76756181411916e-32,2812.14989899866,-8.08109682257525e-29,3.11774340949837e-35,-158183.431722689,762.919583824773,762.919583824773,0.000547094413824139,9.5321282768901e-38,1426.3829934823,-1.3715288659277e-34,6.68272965713288e-41,-88260.2935847988,2965.40024614868,2965.40024617781,0,3.68209031118212e-25,5544.22110445459,-2.34773175413198e-22,6.64131217321589e-29,-302402.476185503,"No MPA"
"4526","Mugil","MT",2052,1504.11569914504,1504.11569914504,7.56221318599071e-10,1.06982704749097e-32,2812.14989899942,-9.85765472823576e-30,3.80430306318986e-36,-158183.431722689,762.919876445482,762.919876445482,0.000324161723111196,8.19484715945336e-39,1426.38331764403,-1.17893944391403e-35,5.74519410067198e-42,-88260.2935847988,2965.40024616426,2965.40024618549,0,6.29783995528246e-26,5544.22110447582,-4.01431526101446e-23,1.13592871507638e-29,-302402.476185503,"No MPA"
"4527","Mugil","MT",2053,1504.11569914545,1504.11569914545,3.28761170962374e-10,1.30579084203517e-33,2812.14989899975,-1.20284132312637e-30,4.64338989361762e-37,-158183.431722689,762.920049827682,762.920049827682,0.000192070648043773,7.04619823581381e-40,1426.38350971467,-1.01354331011746e-36,4.93990510731162e-43,-88260.2935847988,2965.40024617561,2965.40024619107,0,1.07749171403965e-26,5544.22110449128,-6.86607684961087e-24,1.94345011451617e-30,-302402.476185503,"No MPA"
"4528","Mugil","MT",2054,1504.11569914562,1504.11569914562,1.42839842808051e-10,1.59423822073939e-34,2812.14989899989,-1.46814308709345e-31,5.66910825524074e-38,-158183.431722689,762.920152559217,762.920152559217,0.000113804690798134,6.05941552106881e-41,1426.38362351936,-8.71477566466358e-38,4.24809700883383e-44,-88260.2935847988,2965.40024618388,2965.40024619513,0,1.84396602939831e-27,5544.22110450253,-1.17471084783307e-24,3.32592440785694e-31,-302402.476185503,"No MPA"
"4529","Mugil","MT",2055,1504.1156991457,1504.1156991457,6.21503395159909e-11,1.94691491963262e-35,2812.14989899995,-1.79245385065687e-32,6.92322596432366e-39,-158183.431722689,762.920213429167,762.920213429167,6.74309471916992e-05,5.21155530496924e-42,1426.38369095031,-7.49431651574968e-39,3.65368419760078e-45,-88260.2935847988,2965.4002461899,2965.40024619808,0,3.15646230425366e-28,5544.22110451071,-2.01034204675482e-25,5.69324751801522e-32,-302402.476185503,"No MPA"
"4530","Mugil","MT",2056,1504.11569914573,1504.11569914573,2.68376466091785e-11,2.37820795532518e-36,2812.14989899998,-2.18897972661709e-33,8.45690322614351e-40,-158183.431722689,762.920249495504,762.920249495504,3.99538209552323e-05,4.48294665068074e-43,1426.38373090413,-6.44567809249755e-40,3.1428757066719e-46,-88260.2935847988,2965.40024619427,2965.40024620022,0,5.40442598771722e-29,5544.22110451666,-3.44126127491374e-26,9.74785436194138e-33,-302402.476185503,"No MPA"
"4531","Mugil","MT",2057,1504.11569914575,1504.11569914575,1.16531886592487e-11,2.90574188161811e-37,2812.14989899999,-2.67389650538429e-34,1.03328129224243e-40,-158183.431722689,762.920270865335,762.920270865335,2.36732212204844e-05,3.85672141309128e-44,1426.38375457735,-5.5445309430146e-41,2.70384562690339e-47,-88260.2935847988,2965.40024619746,2965.40024620178,0,9.25535011400187e-30,5544.22110452098,-5.89205258037723e-27,1.66936886886814e-33,-302402.476185503,"No MPA"
"4532","Mugil","MT",2058,1504.11569914575,1504.11569914575,4.943777006954e-12,3.55111008573595e-38,2812.149899,-3.267020045665e-35,1.26277410994298e-41,-158183.431722689,762.920283527272,762.920283527272,1.40267281340776e-05,3.31841221022401e-45,1426.38376860408,-4.77001228891355e-42,2.32645120892258e-48,-88260.2935847988,2965.40024619977,2965.40024620291,0,1.585345511673e-30,5544.22110452413,-1.00904350703256e-27,2.85945578609814e-34,-302402.476185503,"No MPA"
"4533","Mugil","MT",2059,1504.11569914576,1504.11569914576,2.11876157440886e-12,4.3407717926697e-39,2812.149899,-3.9926284945867e-36,1.54357767137992e-42,-158183.431722689,762.920291029654,762.920291029654,8.31104038959223e-06,2.85560846241607e-46,1426.38377691512,-4.10422871248123e-43,2.0019916976556e-49,-88260.2935847988,2965.40024620145,2965.40024620374,0,2.71604341683185e-31,5544.22110452642,-1.72838690622361e-28,4.89887283646668e-35,-302402.476185503,"No MPA"
"4534","Mugil","MT",2060,1504.11569914576,1504.11569914576,1.05938078720443e-12,5.3071524278361e-40,2812.149899,-4.88047081883677e-37,1.88722245201912e-43,-158183.431722689,762.920295474924,762.920295474924,4.92441230130259e-06,2.45766205594178e-47,1426.38378183953,-3.531830702542e-44,1.72300196883691e-50,-88260.2935847988,2965.40024620267,2965.40024620433,0,4.65399058626805e-32,5544.22110452808,-2.96110459443659e-29,8.39430913472849e-36,-302402.476185503,"No MPA"
"4535","Mugil","MT",2061,1504.11569914576,1504.11569914576,3.53126929068144e-13,6.48999356268213e-41,2812.149899,-5.96700397816644e-38,2.30784054754335e-44,-158183.431722689,762.920298108811,762.920298108811,2.91778586962811e-06,2.11543542138616e-48,1426.38378475732,-3.03964859654124e-45,1.48307590728352e-51,-88260.2935847988,2965.40024620356,2965.40024620477,0,7.9759970913965e-33,5544.22110452928,-5.07390744273601e-30,1.43861453953962e-36,-302402.476185503,"No MPA"
"4536","Mugil","MT",2062,1504.11569914576,1504.11569914576,0,7.93800919898178e-42,2812.149899,-7.29691071311261e-39,2.82275464825134e-45,-158183.431722689,762.920299669428,762.920299669428,1.72883047381838e-06,1.82108587086303e-49,1426.38378648615,-2.6163809918198e-46,1.27671520829358e-52,-88260.2935847988,2965.40024620421,2965.40024620508,0,1.36713122472135e-33,5544.22110453016,-8.69564951950559e-31,2.46586706941484e-37,-302402.476185503,"No MPA"
"4537","Mugil","MT",2063,1504.11569914576,1504.11569914576,0,9.71091808269627e-43,2812.149899,-8.92496175926848e-40,3.45320072950217e-46,-158183.431722689,762.920300594116,762.920300594116,1.02435712607045e-06,1.56788093763536e-50,1426.38378751051,-2.2523280073119e-47,1.09919991554151e-53,-88260.2935847988,2965.40024620468,2965.40024620531,0,2.34367028960327e-34,5544.2211045308,-1.49048374029249e-31,4.22723092282208e-38,-302402.476185503,"No MPA"
"4538","Mugil","MT",2064,1504.11569914576,1504.11569914576,0,1.18819376271224e-43,2812.149899,-1.09183008438149e-40,4.2252148903398e-47,-158183.431722689,762.920301142007,762.920301142007,6.0694652445077e-07,1.35004022915496e-51,1426.38378811745,-1.9391628918692e-48,9.46477547610945e-55,-88260.2935847988,2965.40024620502,2965.40024620548,0,4.0182745088629e-35,5544.22110453126,-2.55513325721289e-32,7.24768084299367e-39,-302402.476185503,"No MPA"
"4539","Mugil","MT",2065,1504.11569914576,1504.11569914576,0,1.45408445432561e-44,2812.149899,-1.33592486843783e-41,5.17072171310171e-48,-158183.431722689,762.92030146664,762.92030146664,3.59624697739734e-07,1.16259995928891e-52,1426.38378847708,-1.66973642588925e-49,8.15068124703879e-56,-88260.2935847988,2965.40024620526,2965.4002462056,0,6.89025726706771e-36,5544.2211045316,-4.38083244036142e-33,1.24278183303987e-39,-302402.476185503,"No MPA"
"4540","Mugil","MT_20",2015,483.413412847778,483.413412847778,375.480271577579,39.0197003682102,1240.26802490937,-115492.661127917,0.043172580850569,-307059.37285545,40.117453461008,40.117453461008,29.2381889319054,1.57510766632079,102.668144215585,-43436.1576519507,0.0210000179237339,-150607.417468476,719.179319328013,719.179319328013,843.699306576307,904.226603625298,1284.07674595101,-2653547.5462437,0.672485411844993,-3018797.75918042,"No MPA"
"4541","Mugil","MT_20",2016,663.373815200271,663.371283709034,445.964587108172,7.67911645643732,1678.55096406987,-16537.2847571959,0.00619211422330864,-208103.99648473,54.9134196479836,54.9133798357642,39.3526474369303,0.223471998261995,141.797279842033,-4501.0382264029,0.00217666013852409,-111672.298042928,686.805491122546,686.633763909982,813.505732236084,159.031795759561,1938.37895521497,-491195.599801459,0.126188834393219,-856445.812738178,"No MPA"
"4542","Mugil","MT_20",2017,897.795262539715,897.721008105605,481.394455092469,1.49292225736202,2158.37824247087,-2371.71219403494,0.000889508356279166,-193938.423921569,75.842157198807,75.840984824898,53.043763479324,0.0319985567121529,194.807872390736,-466.52812510445,0.000225666105719802,-107637.787941629,1036.7677123006,1031.69956510244,1079.63462007767,45.5126349247246,2967.43279316976,-92165.4135451454,0.0239737687768544,-457415.626481864,"No MPA"
"4543","Mugil","MT_20",2018,1154.43725113995,1154.29108390903,447.029579856312,0.276199774201563,2604.98545532206,-340.672236155528,0.000127974670854921,-191907.383963689,104.195576233076,104.192755264699,70.4413067134111,0.0045587869436199,265.241799348828,-48.366609426382,2.34016231602113e-05,-107219.626425951,1587.17081616231,1575.04297245424,1296.49696940559,13.4584995653109,4238.34341930197,-17508.3046635608,0.00460514156622364,-382758.51760028,"No MPA"
"4544","Mugil","MT_20",2019,1393.31104675095,1393.17351117835,346.337773745141,0.0480327175763979,2951.13766077702,-49.0091217749502,1.84392062647452e-05,-191615.720849309,141.868096936123,141.863749255217,91.5087691649852,0.000643825812612131,356.745577007094,-5.01550649968426,2.42732945201255e-06,-107176.275323025,2266.93423334586,2251.09834964503,1222.95584235851,3.75741092804582,5441.70596703161,-3362.8041553736,0.000893197773938133,-368613.017092093,"No MPA"
"4545","Mugil","MT_20",2020,1578.45514831676,1578.38776433796,222.726079024293,0.00785185167566414,3173.78850397084,-7.06104395328929,2.66063133871403e-06,-191573.772771487,190.810106946288,190.804771585217,115.387706344818,8.98402115104388e-05,472.12785815063,-0.520216243500404,2.51833616532266e-07,-107171.780032768,2910.56866423016,2899.39042905347,804.67408455217,0.948884074971213,6234.25293233213,-652.167677175792,0.000174695226542235,-365902.380613895,"No MPA"
"4546","Mugil","MT_20",2021,1697.54290704362,1697.52740820302,122.186884609273,0.00122013670816249,3295.9586696028,-1.01881314183944,3.8444187344344e-07,-191567.730540676,252.523851484926,252.518259575278,139.874615646278,1.23383959370823e-05,611.996869548864,-0.0539699101080968,2.61336471556403e-08,-107171.313786435,3334.47292809701,3331.80741189172,343.656796389962,0.214536882317215,6575.02967563448,-127.544537752707,3.44127633406785e-05,-365377.757474472,"No MPA"
"4547","Mugil","MT_20",2022,1762.88724169648,1762.88552771296,60.0248676412251,0.000183333007458409,3355.9816399275,-0.147207952464766,5.56235769676489e-08,-191566.858935486,327.33464871266,327.329524434081,161.147786442078,1.6601045063452e-06,773.13953005226,-0.00560037586609118,2.71260631026608e-09,-107171.265416901,3516.74189238199,3517.07185758623,100.171829786144,0.0448425350648123,6675.4866280898,-25.1239125023715,6.82021233119759e-06,-365275.336849221,"No MPA"
"4548","Mugil","MT_20",2023,1794.99132405953,1794.99102910255,27.668326965521,2.70437827767072e-05,3383.64964489226,-0.0212987912198049,8.05838225112524e-09,-191566.733026325,413.523939529434,413.519825083716,174.22981543379,2.17736167425145e-07,947.365230822596,-0.00058127267656807,2.81626147608685e-10,-107171.260397798,3570.47262676784,3570.36202748662,23.2069280351961,0.0090697838307273,6698.57388705994,-4.97922502959837,1.35866913841433e-06,-365255.192161749,"No MPA"
"4549","Mugil","MT_20",2024,1809.78992375236,1809.78988868262,12.350464039715,3.95513447523686e-06,3396.0000699071,-0.0030856155370765,1.16889598290563e-09,-191566.714813149,506.710868084174,506.707999243394,174.609405976591,2.77060709064433e-08,1121.9717679307,-6.03448418792455e-05,2.92454041653753e-11,-107171.25987687,3582.82115366521,3582.85640134686,5.18479978071796,0.00182098917469033,6703.79211353313,-0.991920079584251,2.71847562199708e-07,-365251.204856799,"No MPA"
"4550","Mugil","MT_20",2025,1816.39571249874,1816.39570473912,5.43081463394256,5.76486164086922e-07,3401.43087620494,-0.000447578152591398,1.69754461801565e-10,-191566.712175112,600.101492009011,600.099777249952,160.641373797756,3.40817216413383e-09,1282.61142696599,-6.26612113804627e-06,3.03766338568214e-12,-107171.259822791,3585.61219135592,3585.60190484856,1.09411450734018,0.000365988672784067,6704.87557554443,-0.198466957954029,5.45942653986556e-08,-365250.411403677,"No MPA"
"4551","Mugil","MT_20",2026,1819.30045133023,1819.30045090282,2.37202759010198,8.39506085936237e-08,3403.80290328368,-6.5000066377404e-05,2.4680968583632e-11,-191566.711792534,686.021745814229,686.020874979869,135.104072028908,4.04774339541237e-10,1417.71462816013,-6.50813967621939e-07,3.155861130992e-13,-107171.259817176,3586.19169539345,3586.19383026939,0.243965054177316,7.37448865039209e-05,6705.12160172966,-0.0398574725117776,1.09986969116819e-08,-365250.252794191,"No MPA"
"4552","Mugil","MT_20",2027,1820.56916149721,1820.56916119366,1.03295994043751,1.2227615841199e-08,3404.83586290834,-9.45049641584663e-06,3.59233956508934e-12,-191566.711736984,758.283486197706,758.283108723853,104.213804788249,4.64921850260259e-11,1521.92805547448,-6.76106276304552e-08,3.27937545133356e-14,-107171.259816592,3586.32328576413,3586.32349155991,0.0508798228950789,1.48977041346924e-05,6705.17267245063,-0.008029785675069,2.22183944688328e-09,-365250.220966505,"No MPA"
"4553","Mugil","MT_20",2028,1821.12165366293,1821.12165369535,0.449244761823653,1.78213959482084e-09,3405.28510770079,-1.37552892043472e-06,5.23414245672151e-13,-191566.711728909,814.023421021607,814.023277852143,74.5110124642755,5.18743068695991e-12,1596.43892476929,-7.02542645730669e-09,3.40845986692815e-15,-107171.259816532,3586.3506016171,3586.34994242354,0.0107969396878833,3.01655312548372e-06,6705.1828071802,-0.00162209165557845,4.4988448696306e-10,-365250.214558811,"No MPA"
"4554","Mugil","MT_20",2029,1821.361938203,1821.36193818093,0.195270439323191,2.59955687690923e-10,3405.48037811778,-2.00418519146229e-07,7.63388907152212e-14,-191566.711727734,853.876548446702,853.876498950176,50.1368890633493,5.65679030695668e-13,1646.57576433611,-7.30177808142372e-10,3.54338034546561e-16,-107171.259816526,3586.35602231173,3586.35660198269,0.00284791271208468,6.12048000742018e-07,6705.18623415183,-0.000328445816657788,9.12798375762797e-11,-365250.213265165,"No MPA"
"4555","Mugil","MT_20",2030,1821.46638117735,1821.46638118334,0.0848561141465506,3.79521448684145e-11,3405.56523423788,-2.92306276264136e-08,1.11444321078106e-14,-191566.711727563,880.692902555289,880.692886324814,32.2638319812737,6.06667013029734e-14,1678.83958008691,-7.59068105592567e-11,3.68441602381064e-17,-107171.259816525,3586.35785527299,3586.35744742269,0.000409926155568449,1.24404808876358e-07,6705.18623610327,-6.66403969395601e-05,1.85535203421064e-11,-365250.213003359,"No MPA"
"4556","Mugil","MT_20",2031,1821.51176759948,1821.5117675971,0.0368708526868214,5.54563420973319e-12,3405.60210508818,-4.26727107481448e-09,1.62840345971944e-15,-191566.711727538,897.94963264723,897.949627472051,20.1359606362454,6.43307807229373e-15,1698.97553554798,-7.8927223442515e-12,3.83185990408126e-18,-107171.259816525,3586.35785631675,3586.35797676276,0.000191762073318569,2.53266282485991e-08,6705.18654828603,-1.35453128867824e-05,3.77717000934569e-12,-365250.212950264,"No MPA"
"4557","Mugil","MT_20",2032,1821.53148846315,1821.53148846395,0.0160200215150833,8.1102222946584e-13,3405.61812511049,-6.23525619780567e-10,2.38143565936292e-16,-191566.711727534,908.719615690118,908.71961406619,12.3183564626646,6.77214968222828e-16,1711.29389038671,-8.20851854874917e-13,3.98601953973779e-19,-107171.259816525,3586.35802329184,3586.35794034498,7.9204196026865e-07,5.16336320809633e-09,6705.18646612605,-2.75758716719056e-06,7.70055116202375e-13,-365250.212939477,"No MPA"
"4558","Mugil","MT_20",2033,1821.54005698472,1821.54005698443,0.00696039946174679,1.18704132228948e-13,3405.62508550966,-9.11866240803025e-11,3.48553853861981e-17,-191566.711727534,915.30825127714,915.308250772299,7.44168686350945,7.09710837573248e-17,1718.73557674538,-8.53871952904175e-14,4.14721773717601e-20,-107171.259816525,3586.35797934748,3586.35798432304,3.04548022800571e-07,1.0540021089815e-09,6705.1864714051,-5.6219182648136e-07,1.57192065294204e-13,-365250.212937281,"No MPA"
"4559","Mugil","MT_20",2034,1821.5437798466,1821.54377984671,0.00302413707233258,1.73873777265877e-14,3405.62810964684,-1.33463396671363e-11,5.10548791778871e-18,-191566.711727534,919.288535999577,919.288535843354,4.46098343060973,7.41770747108783e-18,1723.19656001977,-8.88401029766738e-15,4.31579329098088e-21,-107171.259816525,3586.35798217105,3586.35799435184,0,2.15403094967405e-10,6705.18648358567,-1.14760739116838e-07,3.21248478117189e-14,-365250.212936834,"No MPA"
"4560","Mugil","MT_20",2035,1821.54539734651,1821.54539734647,0.00131391442054547,2.5487134308668e-15,3405.62942356122,-1.9549224639567e-12,7.48382779566352e-19,-191566.711727534,921.674552114514,921.674552066233,2.66166653472171,7.74077430295745e-19,1725.85822650621,-9.24511220902968e-16,4.4921017616636e-22,-107171.259816525,3586.35798868599,3586.35799998413,0,4.40676456910178e-11,6705.18649488377,-2.34532911822547e-08,6.57217301808426e-15,-365250.212936742,"No MPA"
"4561","Mugil","MT_20",2036,1821.54610011106,1821.54610011107,0.000570863139308664,3.73861248239019e-16,3405.62999442437,-2.86560330890213e-13,1.09777430759944e-19,-191566.711727534,923.098179763086,923.098179748152,1.58362966701291,8.07100412636681e-20,1727.44185615829,-9.62278406355189e-17,4.67651629920123e-23,-107171.259816525,3586.35799472893,3586.35800345733,0,9.02416720005799e-12,6705.18650361216,-4.79812662137833e-09,1.34584880028484e-15,-365250.212936724,"No MPA"
"4562","Mugil","MT_20",2037,1821.54640544479,1821.54640544479,0.00024802564161147,5.48765575907691e-17,3405.63024245001,-4.20344477968139e-14,1.61134819932323e-20,-191566.711727534,923.945205102017,923.945205097389,0.940639043933046,8.41165462997189e-21,1728.38249519759,-1.00178233809135e-17,4.86942851360499e-24,-107171.259816525,3586.35799939743,3586.35800572381,0,1.84961191780178e-12,6705.18650993854,-9.82559792510479e-10,2.75847944987444e-16,-365250.21293672,"No MPA"
"4563","Mugil","MT_20",2038,1821.5465381046,1821.5465381046,0.000107760860453072,8.06000563058227e-18,3405.63035021087,-6.16995053492623e-15,2.36667079417991e-21,-191566.711727534,924.448318377291,924.448318375854,0.558158272424679,8.76505868032754e-22,1728.94065346858,-1.04310679030275e-18,5.07124939339628e-25,-107171.259816525,3586.35800278117,3586.35800725223,0,3.79411997674389e-13,6705.1865144096,-2.01387480921922e-10,5.65848536964306e-17,-365250.212936719,"No MPA"
"4564","Mugil","MT_20",2039,1821.54659574192,1821.54659574192,4.68193560489411e-05,1.18451816679904e-18,3405.63039703023,-9.06212681927048e-16,3.47811724994082e-22,-191566.711727534,924.746856736963,924.746856736516,0.331003995166491,9.1329738695606e-23,1729.2716574633,-1.08633973153372e-19,5.28241027315665e-26,-107171.259816525,3586.35800517258,3586.35800830301,0,7.78883371071592e-14,6705.18651754003,-4.13107342335788e-11,1.16161328159265e-17,-365250.212936719,"No MPA"
"4565","Mugil","MT_20",2040,1821.54662078388,1821.54662078388,2.03418207984661e-05,1.74177693648645e-19,3405.63041737205,-1.33179230877866e-16,5.1144038942256e-23,-191566.711727534,924.923898616955,924.923898616815,0.196225606875707,9.51681112952144e-24,1729.46788307003,-1.13157351589409e-20,5.50336385173966e-27,-107171.259816525,3586.35800684693,3586.35800903397,0,1.60007859568471e-14,6705.18651972707,-8.48055520572689e-12,2.38632973370236e-18,-365250.212936719,"No MPA"
"4566","Mugil","MT_20",2041,1821.54663166397,1821.54663166397,8.83800359294681e-06,2.56256573469185e-20,3405.63042621005,-1.95833644492836e-17,7.52449743700976e-24,-191566.711727534,925.02885248722,925.028852487176,0.116301985032296,9.91778103529414e-25,1729.58418505502,-1.1789050909572e-21,5.7345852631208e-28,-107171.259816525,3586.3580080167,3586.35800954637,0,3.28924686178651e-15,6705.18652125674,-1.74218058336762e-12,4.90552627001101e-19,-365250.212936719,"No MPA"
"4567","Mugil","MT_20",2042,1821.54663639109,1821.54663639109,3.83988782033336e-06,3.772046992624e-21,3405.63043004994,-2.88117596212544e-18,1.10759140615904e-24,-191566.711727534,925.091058147567,925.091058147554,0.0689230714677908,1.03369864913198e-25,1729.65310812648,-1.2284362207351e-22,5.97657320218325e-29,-107171.259816525,3586.35800883487,3586.35800990748,0,6.76578940254328e-16,6705.18652232935,-3.58136283436083e-13,1.00903820961468e-19,-365250.212936719,"No MPA"
"4568","Mugil","MT_20",2043,1821.54663844491,1821.54663844491,1.66833371980386e-06,5.55504239788238e-22,3405.63043171827,-4.24103504851239e-19,1.6311348256895e-25,-191566.711727534,925.12792256715,925.127922567146,0.0408422952640795,1.07754813321198e-26,1729.69395042174,-1.28027372284027e-23,6.22985110800139e-30,-107171.259816525,3586.35800940857,3586.35801016295,0,1.39248163124482e-16,6705.18652308374,-7.36665495903162e-14,2.0767231852648e-20,-365250.212936719,"No MPA"
"4569","Mugil","MT_20",2044,1821.54663933724,1821.54663933724,7.2484858040942e-07,8.18455582606288e-23,3405.63043244312,-6.24571473390705e-20,2.40324250976741e-26,-191566.711727534,925.14976761087,925.149767610869,0.02420118920159,1.12343075624764e-27,1729.71815161094,-1.33452971948254e-24,6.49496840740942e-31,-107171.259816525,3586.35800981206,3586.35801034425,0,2.8674308510465e-17,6705.18652361593,-1.51614706018992e-14,4.27643711502243e-21,-365250.212936719,"No MPA"
"4570","Mugil","MT_20",2045,1821.54663972493,1821.54663972493,3.14928043837615e-07,1.20639680885932e-23,3405.63043275805,-9.20216214871091e-21,3.54235972690048e-27,-191566.711727534,925.162711938136,925.162711938136,0.0143400954730058,1.17145193330631e-28,1729.73249170641,-1.39132190232586e-25,6.77250182184478e-32,-107171.259816525,3586.35801009671,3586.35801047322,0,5.9076339659164e-18,6705.18652399245,-3.12208560391319e-15,8.81054381576017e-22,-365250.212936719,"No MPA"
"4571","Mugil","MT_20",2046,1821.54663989338,1821.54663989338,1.36828345533409e-07,1.77894712593428e-24,3405.63043289488,-1.35639114502658e-21,5.2235471847531e-28,-191566.711727534,925.170381928536,925.170381928536,0.00849690424308873,1.22171987350613e-29,1729.74098861065,-1.45077381148589e-26,7.06305674064594e-33,-107171.259816525,3586.35801029809,3586.35801056516,0,1.21769092425133e-18,6705.18652425952,-6.43228726857733e-16,1.81604332689954e-22,-365250.212936719,"No MPA"
"4572","Mugil","MT_20",2047,1821.54663996656,1821.54663996656,5.94486751805872e-08,2.62424714745928e-25,3405.63043295433,-2.00012807655391e-22,7.70561339278554e-29,-191566.711727534,925.17492661055,925.17492661055,0.0050346056858007,1.27434665825222e-30,1729.74602321634,-1.51301512912607e-27,7.36726866417031e-34,-107171.259816525,3586.35801044094,3586.35801063082,0,2.51101952516557e-19,6705.1865244494,-1.32583329872387e-16,3.74489138531888e-23,-365250.212936719,"No MPA"
"4573","Mugil","MT_20",2048,1821.54663999836,1821.54663999836,2.58288610691494e-08,3.87263742889186e-26,3405.63043298016,-2.95052636625288e-23,1.13712791365105e-29,-191566.711727534,925.177619436225,925.177619436225,0.00298310035305481,1.32944901501306e-31,1729.74900631669,-1.57818198823437e-28,7.68580472028515e-35,-107171.259816525,3586.3580105425,3586.35801067777,0,5.1801241396058e-20,6705.18652458467,-2.73402160907502e-17,7.72554815696374e-24,-365250.212936719,"No MPA"
"4574","Mugil","MT_20",2049,1821.54664001217,1821.54664001217,1.12217863286282e-08,5.7169111798625e-27,3405.63043299138,-4.35413213719078e-24,1.67866457983811e-30,-191566.711727534,925.179214987043,925.179214987043,0.00176753849346982,1.38714890862738e-32,1729.75077385518,-1.64641729725596e-29,8.01936525797556e-36,-107171.259816525,3586.35801061485,3586.35801071139,0,1.0690441020175e-20,6705.18652468121,-5.64016774582362e-18,1.59435400953849e-24,-365250.212936719,"No MPA"
"4575","Mugil","MT_20",2050,1821.54664001818,1821.54664001818,4.87543968445521e-09,8.44230674968334e-28,3405.63043299625,-6.42770906148023e-25,2.47892627100702e-31,-191566.711727534,925.180160378467,925.180160378467,0.00104729511434381,1.44757402578506e-33,1729.7518211503,-1.71787108133094e-30,8.36868552201179e-37,-107171.259816525,3586.35801066649,3586.3580107355,0,2.20701611824833e-21,6705.18652475022,-1.16398524445386e-18,3.29150592623262e-25,-365250.212936719,"No MPA"
"4576","Mugil","MT_20",2051,1821.54664002078,1821.54664002078,2.11815734021677e-09,1.24709322914348e-28,3405.63043299837,-9.49195988660814e-26,3.66185719114064e-32,-191566.711727534,925.18072053816,925.18072053816,0.000620538581083341,1.51085819967384e-34,1729.75244168888,-1.79270084094893e-31,8.7345374128244e-38,-107171.259816525,3586.3580107034,3586.3580107528,0,4.5578450017076e-22,6705.18652479962,-2.4030198483185e-19,6.79749173998913e-26,-365250.212936719,"No MPA"
"4577","Mugil","MT_20",2052,1821.54664002192,1821.54664002192,9.20305793690555e-10,1.84275792976679e-29,3405.63043299929,-1.40214745292423e-26,5.41091573504761e-33,-191566.711727534,925.181052441456,925.181052441456,0.000367678479674297,1.57714180410253e-35,1729.75280936736,-1.8710719288889e-32,9.11773133595149e-39,-107171.259816525,3586.35801072982,3586.35801076523,0,9.41560297473525e-23,6705.18652483503,-4.96262438411312e-20,1.40422685333375e-26,-365250.212936719,"No MPA"
"4578","Mugil","MT_20",2053,1821.54664002241,1821.54664002241,3.99640225001885e-10,2.72372401513833e-30,3405.63043299969,-2.0718726372618e-27,7.99770870246652e-34,-191566.711727534,925.181249099171,925.181249099171,0.000217854965665369,1.64657213551354e-36,1729.75302722233,-1.95315794636687e-33,9.51911814564858e-40,-107171.259816525,3586.35801074876,3586.35801077416,0,1.94563887295143e-23,6705.18652486043,-1.0251796824091e-20,2.90169239251596e-27,-365250.212936719,"No MPA"
"4579","Mugil","MT_20",2054,1821.54664002262,1821.54664002262,1.73626464794847e-10,4.02696268503647e-31,3405.63043299987,-3.06237144188037e-28,1.18244265320636e-34,-191566.711727534,925.181365621791,925.181365621791,0.000129082276034402,1.71930379459115e-37,1729.7531563046,-2.03914115936694e-34,9.93959118748901e-41,-107171.259816525,3586.35801076235,3586.35801078059,0,4.02154915601598e-24,6705.18652487868,-2.11842985223226e-21,5.99766932822155e-28,-365250.212936719,"No MPA"
"4580","Mugil","MT_20",2055,1821.54664002272,1821.54664002272,7.54804705327389e-11,5.95533794826693e-32,3405.63043299994,-4.52764503878923e-29,1.74867416339745e-35,-191566.711727534,925.18143466316,925.18143466316,7.64831393686092e-05,1.79549907505158e-38,1729.75323278774,-2.12921293618537e-35,1.03800884450324e-41,-107171.259816525,3586.35801077211,3586.35801078522,0,8.31445231898452e-25,6705.18652489179,-4.37870043754213e-22,1.24000313609993e-28,-365250.212936719,"No MPA"
"4581","Mugil","MT_20",2056,1821.54664002276,1821.54664002276,3.27153314207063e-11,8.80936204878877e-33,3405.63043299997,-6.69578002696055e-30,2.58670522891376e-36,-191566.711727534,925.181475571182,925.181475571182,4.53173766488945e-05,1.87532836467847e-39,1729.75327810512,-2.22357420727225e-36,1.08415947959011e-42,-107171.259816525,3586.35801077912,3586.35801078856,0,1.71939477111728e-25,6705.18652490123,-9.05285366274829e-23,2.56427582548873e-29,-365250.212936719,"No MPA"
"4582","Mugil","MT_20",2057,1821.54664002277,1821.54664002277,1.45401472980918e-11,1.30342786360061e-33,3405.63043299999,-9.90465209009814e-31,3.82727336169721e-37,-191566.711727534,925.181499809783,925.181499809783,2.68512060393204e-05,1.95897056213e-40,1729.75330495632,-2.32243594851301e-37,1.13251443828797e-43,-107171.259816525,3586.35801078417,3586.35801079096,0,3.5564138112181e-26,6705.18652490802,-1.87209315228714e-23,5.30397446515552e-30,-365250.212936719,"No MPA"
"4583","Mugil","MT_20",2058,1821.54664002278,1821.54664002278,6.41477086680524e-12,1.92898824238428e-34,3405.63043299999,-1.46548631353832e-31,5.66411500112491e-38,-191566.711727534,925.181514171507,925.181514171507,1.59097302988134e-05,2.04661351211651e-41,1729.75332086605,-2.42601968915142e-38,1.18318231059439e-44,-107171.259816525,3586.3580107878,3586.35801079269,0,7.35761731251358e-27,6705.18652491292,-3.87225671178763e-24,1.09730240690277e-30,-365250.212936719,"No MPA"
"4584","Mugil","MT_20",2059,1821.54664002278,1821.54664002278,2.77973404228227e-12,2.85540696307395e-35,3405.630433,-2.16882418055832e-32,8.38437117370554e-39,-191566.711727534,925.181522681037,925.181522681037,9.42674665432205e-06,2.13845446099686e-42,1729.7533302928,-2.53455804561858e-39,1.23627712414286e-45,-107171.259816525,3586.35801079042,3586.35801079395,0,1.5224541861768e-27,6705.18652491644,-8.01104273390459e-25,2.27056202019164e-31,-365250.212936719,"No MPA"
"4585","Mugil","MT_20",2060,1821.54664002279,1821.54664002279,1.49677986892123e-12,4.22764362769102e-36,3405.630433,-3.21042686045346e-33,1.24136887747004e-39,-191566.711727534,925.181527723058,925.181527723058,5.58548434336202e-06,2.23470053452448e-43,1729.75333587829,-2.64829528259786e-40,1.29191861948675e-46,-107171.259816525,3586.3580107923,3586.35801079485,0,3.15084983425327e-28,6705.18652491899,-1.65766239637418e-25,4.69912331677087e-32,-365250.212936719,"No MPA"
"4586","Mugil","MT_20",2061,1821.54664002279,1821.54664002279,6.41477086680526e-13,6.26061440155569e-37,3405.630433,-4.75327714552912e-34,1.83831291290193e-40,-191566.711727534,925.181530710528,925.181530710528,3.30948067949844e-06,2.33556923930285e-44,1729.75333918777,-2.76748790272459e-41,1.35023253943717e-47,-107171.259816525,3586.35801079366,3586.3580107955,0,6.52202251169387e-29,6705.18652492082,-3.43067485004383e-26,9.72683233711037e-33,-365250.212936719,"No MPA"
"4587","Mugil","MT_20",2062,1821.54664002279,1821.54664002279,4.2765139112035e-13,9.27300072174297e-38,3405.630433,-7.03901226606891e-35,2.72284409720125e-41,-191566.711727534,925.181532480648,925.181532480648,1.96091537113399e-06,2.4412889894293e-45,1729.75334114868,-2.89240526639191e-42,1.41135093317736e-48,-107171.259816525,3586.35801079465,3586.35801079597,0,1.35021530501244e-29,6705.18652492215,-7.10123927806356e-27,2.01368791158033e-33,-365250.212936719,"No MPA"
"4588","Mugil","MT_20",2063,1821.54664002279,1821.54664002279,0,1.3737417993778e-38,3405.630433,-1.04259361201666e-35,4.03373714912361e-42,-191566.711727534,925.181533529469,925.181533529469,1.16187091809757e-06,2.55209965978302e-46,1729.75334231055,-3.02333024320996e-43,1.47541247591303e-49,-107171.259816525,3586.35801079536,3586.35801079631,0,2.79566587786859e-30,6705.1865249231,-1.47012708720382e-27,4.16940806564818e-34,-365250.212936719,"No MPA"
"4589","Mugil","MT_20",2064,1821.54664002279,1821.54664002279,0,2.03548699795116e-39,3405.630433,-1.54454255700992e-36,5.97682877809532e-43,-191566.711727534,925.181534150911,925.181534150911,6.88425464556011e-07,2.668253167427e-47,1729.75334299898,-3.16055989674599e-44,1.54256280485796e-50,-107171.259816525,3586.35801079587,3586.35801079656,0,5.78928170763737e-31,6705.1865249238,-3.04394722720714e-28,8.63403528912831e-35,-365250.212936719,"No MPA"
"4590","Mugil","MT_20",2065,1821.54664002279,1821.54664002279,0,3.01652582587007e-40,3405.630433,-2.28856419306733e-37,8.85746673109457e-44,-191566.711727534,925.181534519125,925.181534519125,4.07902018344165e-07,2.79001408263159e-48,1729.75334340688,-3.3044062042568e-45,1.61295487239491e-51,-107171.259816525,3586.35801079624,3586.35801079674,0,1.1989946395757e-31,6705.1865249243,-6.30342421853232e-29,1.78816000885125e-35,-365250.212936719,"No MPA"
"4591","Mugil","MT_40",2015,568.598960417437,568.598960417437,441.151381759626,53.3328149103698,1450.89204584926,-134324.791361084,0.0501685123031555,-358952.133324033,47.7308985900315,47.7308985900315,34.7417152534987,2.12952233026762,121.851632233231,-49344.4286761678,0.023863017817381,-171671.909996354,843.029229893178,843.029229893178,992.455573327609,1242.87665478524,1325.73729854237,-3134350.64859516,0.788548073947519,-3574327.60063574,"No MPA"
"4592","Mugil","MT_40",2016,776.028868412599,776.025172676867,522.401745951853,12.2310110832115,1961.05908498217,-22533.5808336834,0.00843105318847466,-247160.922796633,65.1739628366583,65.1739069371716,46.6285321782197,0.344104656703671,168.13600385526,-5837.99473553729,0.00282398866769241,-128165.476055724,709.088190636549,708.827516781487,865.053800020042,228.39971347568,1962.13071123167,-693818.499463037,0.177312926020554,-1133795.45150362,"No MPA"
"4593","Mugil","MT_40",2017,1048.89848073995,1048.7898534216,564.408170333004,2.78287143142931,2522.5757565654,-3786.58662475072,0.0014192732663677,-228413.9285877,89.9297733311652,89.9281251657715,62.7549392692393,0.0562035316926476,230.833091427413,-690.86838843721,0.000334277782990864,-123018.349708624,1049.47165426319,1041.77031948446,1157.33889098065,76.7824159116749,3034.98585152191,-156004.930182248,0.0404373641882659,-595981.882222829,"No MPA"
"4594","Mugil","MT_40",2018,1349.23312554702,1349.01449503534,525.423282617103,0.603626313879367,3047.17678235694,-637.376201528298,0.000239311717468198,-225264.718164478,123.464142797575,123.460146077321,83.2081431167409,0.00913592164628362,314.028101902254,-81.7771195113616,3.95783964616371e-05,-122409.258439698,1623.3024660537,1604.38069973887,1471.20681361918,27.6182329620671,4459.65266586419,-35575.139964565,0.00933699350042474,-475552.092005147,"No MPA"
"4595","Mugil","MT_40",2019,1629.82294722104,1629.6110812983,408.311597458497,0.123150520093547,3455.1533633726,-107.463236013584,4.04160765280517e-05,-224734.805198963,167.962098397417,167.955908853935,107.876039548753,0.00147190503346229,421.896480002491,-9.68214927087436,4.68720669814845e-06,-122337.163469458,2385.30442130729,2358.49003078149,1539.46680529686,9.57877513038216,5962.72630550487,-8213.42964757077,0.00217905765120839,-448190.381688153,"No MPA"
"4596","Mugil","MT_40",2020,1848.03463665043,1847.92643986053,263.35435229593,0.0236198779500434,3718.37589900069,-18.1477905976004,6.83618381107491e-06,-224645.489753547,225.656932161312,225.649320575331,135.661930757928,0.000234249328334097,557.55056492511,-1.14660489048354,5.55231801371021e-07,-122328.627925077,3189.24330776553,3166.48643507425,1178.55779059439,3.04507695455867,7115.48214645342,-1916.62290943445,0.000513179524798873,-441893.574950016,"No MPA"
"4597","Mugil","MT_40",2021,1988.82270358383,1988.79620400073,144.809339271387,0.00430597856696743,3863.15443271041,-3.06949085904457,1.15802765980084e-06,-224630.411453808,298.213320018843,298.205345790864,163.876556051598,3.66792999185139e-05,721.419110069428,-0.135817753222975,6.57866747729733e-08,-122327.61713794,3805.81006982514,3797.00443907505,599.474310863389,0.866118998148684,7705.28470756857,-451.335258968966,0.000121781520380495,-440428.287299551,"No MPA"
"4598","Mugil","MT_40",2022,2066.25942398395,2066.25629364228,71.2415905005654,0.000758905163920406,3934.39213396414,-0.519950736964739,1.96447030606762e-07,-224627.861913686,385.860586416482,385.853300016654,187.962292147155,5.62459071953777e-06,909.374110192165,-0.0160915927845709,7.79657641137354e-09,-122327.49741178,4121.27379808698,4121.18317851352,201.710247056342,0.224108887856997,7906.6802261636,-107.10066114567,2.90844372450224e-05,-440084.052701727,"No MPA"
"4599","Mugil","MT_40",2023,2104.36185403751,2104.36133334791,32.8636160321279,0.000131294468459937,3967.2550980122,-0.0882031579546871,3.33709670786881e-08,-224627.430166107,486.390812958844,486.38499371163,202.119410356165,8.40453282794791e-07,1111.48770046066,-0.0019069566617312,9.24211416512149e-10,-122327.483227143,4228.99286433024,4229.03686461345,50.1939027729937,0.0552119611470729,7956.86291725865,-25.5779021203446,6.9830953885854e-06,-440002.529942702,"No MPA"
"4600","Mugil","MT_40",2024,2121.93904654874,2121.9389777877,14.6748349403729,2.25192734283787e-05,3981.92984167226,-0.01498322622056,5.67628572739520e-09,-224627.356946175,594.493949367634,594.489923384605,201.285045774495,1.21798948505126e-07,1312.76872013033,-0.000226038372706206,1.09581951561855e-10,-122327.481546225,4255.83374273729,4255.78110386929,11.1967422456442,0.0134000488952855,7967.9936205874,-6.14116267621965,1.68408258797242e-06,-439983.093203258,"No MPA"
"4601","Mugil","MT_40",2025,2129.7880279732,2129.78801432009,6.45396081732386,3.8494687857302e-06,3988.38378498701,-0.00254858923922741,9.66734458135762e-10,-224627.344511539,702.151774340929,702.14939179191,183.916000255001,1.70605908215043e-08,1496.68233781925,-2.67993301519416e-05,1.29958863980831e-11,-122327.481346986,4261.7871471505,4261.82262855683,2.47982882742801,0.00324821419519647,7970.50568260696,-1.48103613227844,4.07658511904844e-07,-439978.433076714,"No MPA"
"4602","Mugil","MT_40",2026,2133.24000521828,2133.24000400164,2.81911417021996,6.57461157215554e-07,3991.20289728313,-0.000434052616715702,1.64844005173218e-10,-224627.342397002,800.520413847296,800.519217463787,153.616264203421,2.30728034841392e-09,1650.29740563686,-3.1780967665525e-06,1.541596631064e-12,-122327.481323365,4263.13075686426,4263.10952842163,0.509154729677447,0.000789009044492659,7970.99281988497,-0.35850787623842,9.89910561092665e-08,-439977.310548458,"No MPA"
"4603","Mugil","MT_40",2027,2134.74784484794,2134.74784436067,1.2276942470532,1.12316026854519e-07,3992.4305909306,-7.40130251958414e-05,2.81408963030339e-11,-224627.342036962,882.683471802337,882.682958950895,117.747388056748,3.01852324993941e-10,1768.04428084186,-3.76974668081105e-07,1.82907836713238e-13,-122327.481320564,4263.39130870318,4263.40336585973,0.126859125614082,0.000192119502587314,7971.13154404764,-0.0870558837338175,2.41023348527308e-08,-439977.039096466,"No MPA"
"4604","Mugil","MT_40",2028,2135.40449309047,2135.40449311214,0.533944087393729,1.92006127439052e-08,3992.96453502047,-1.26349301254554e-05,4.80925398868503e-12,-224627.341975584,945.661950860008,945.661758117286,83.745619046157,3.83780088866225e-11,1851.78970714526,-4.47258450114959e-08,2.1706474995661e-14,-122327.481320231,4263.46550716286,4263.45881260573,0.0179826193881004,4.68859806888821e-05,7971.14278522391,-0.0211963597639186,5.88197278854403e-09,-439976.973236942,"No MPA"
"4605","Mugil","MT_40",2029,2135.69008017397,2135.69008014288,0.232087565807715,3.28522190028652e-09,3993.1966225519,-2.15929807724591e-06,8.22752586825097e-13,-224627.341965109,990.454303671423,990.454237445511,56.1255034185296,4.77124908248462e-12,1907.91514433787,-5.30768024175989e-09,2.57656097004252e-15,-122327.481320192,4263.4715196552,4263.47521152538,0.00915997570809282,1.14650759964029e-05,7971.15562560473,-0.00517279392262576,1.43832277308404e-09,-439976.957213376,"No MPA"
"4606","Mugil","MT_40",2030,2135.81421527065,2135.81421527785,0.100855514390767,5.62614087164275e-10,3993.29747807292,-3.69406153566034e-07,1.40893159126437e-13,-224627.341963319,1020.47373870682,1020.47371706802,36.015779025219,5.83637837824942e-13,1943.93090172428,-6.3001173580562e-10,3.05903456755927e-16,-122327.481320187,4263.47838750331,4263.47636068568,6.74818072749246e-05,2.80849873101259e-06,7971.15366346041,-0.00126490678546937,3.52332691980555e-10,-439976.953305489,"No MPA"
"4607","Mugil","MT_40",2031,2135.86815918473,2135.86815918153,0.0438228056773969,9.64382634291815e-11,3993.3413008753,-6.32593564939401e-08,2.41500323877006e-14,-224627.341963013,1039.73724458209,1039.73723769653,22.4354191936025,7.06156110338669e-14,1966.36631403232,-7.47976509364748e-11,3.63261939874165e-17,-122327.481320187,4263.47733802438,4263.47792990481,0.000627979423222475,6.89044745913327e-07,7971.15488263122,-0.000309852573591185,8.64422860902158e-11,-439976.952350434,"No MPA"
"4608","Mugil","MT_40",2032,2135.89159839224,2135.89159839329,0.019040585987016,1.65450441857744e-11,3993.36034146232,-1.08430778873352e-08,4.14315805717581e-15,-224627.34196296,1051.73712264027,1051.73712048225,13.7086576685087,8.48418454236825e-15,1980.0749695428,-8.88220066839186e-12,4.31465108094402e-18,-122327.481320187,4263.47799011406,4263.47776566864,1.16290767551844e-06,1.6928807542846e-07,7971.15465917942,-7.60200952661421e-05,2.12375845076416e-11,-439976.952116602,"No MPA"
"4609","Mugil","MT_40",2033,2135.90178250293,2135.90178250254,0.00827277988816878,2.84085706712206e-12,3993.36861424181,-1.86022878417377e-09,7.11395121954302e-16,-224627.341962951,1059.06937899504,1059.06937832461,8.27544394487338,1.01494401217921e-15,1988.35041281724,-1.0549808996234e-12,5.12578577978589e-19,-122327.481320187,4263.4778705979,4263.47784921142,0,4.1643924377538e-08,7971.15463775129,-1.86770071748871e-05,5.22432773727952e-12,-439976.952059259,"No MPA"
"4610","Mugil","MT_40",2034,2135.90620730885,2135.90620730899,0.00359433721810036,4.88175220334184e-13,3993.37220857917,-3.19407964381327e-10,1.22246470960174e-16,-224627.34196295,1063.49560967033,1063.49560946293,4.95854437622348,1.21103264948216e-16,1993.30895698606,-1.25330941298619e-13,6.09063996806418e-20,-122327.481320187,4263.47785913678,4263.47789563016,0,1.0255894423736e-08,7971.15467423441,-4.59443994669795e-06,1.28662595202345e-12,-439976.952045176,"No MPA"
"4611","Mugil","MT_40",2035,2135.90812978789,2135.90812978784,0.00156165264758665,8.39515989816231e-14,3993.37377023177,-5.48872141743948e-11,2.10227333182881e-17,-224627.341962949,1066.14775283378,1066.14775276969,2.95773291768006,1.44286746690439e-17,1996.26668983965,-1.48922438406682e-14,7.23855407285206e-21,-122327.481320187,4263.47787865027,4263.47792752388,0,2.52842171931651e-09,7971.15472310549,-1.13149977713627e-06,3.17196419181647e-13,-439976.952041713,"No MPA"
"4612","Mugil","MT_40",2036,2135.90896505851,2135.90896505853,0.000678499253058637,1.44474636540143e-14,3993.37444873104,-9.43895767985063e-12,3.61785910492816e-18,-224627.341962949,1067.72973550851,1067.72973548868,1.75949545237861,1.71768849390794e-18,1998.0261852722,-1.76989968633423e-15,8.60450411085063e-22,-122327.481320187,4263.47790478961,4263.47794978091,0,6.23939898630849e-10,7971.15476809616,-2.78952617928078e-07,7.82747193243532e-14,-439976.952040861,"No MPA"
"4613","Mugil","MT_40",2037,2135.90932796285,2135.90932796285,0.000294790820377009,2.48797989538317e-15,3993.37474352185,-1.62437578704039e-12,6.23026948092425e-19,-224627.341962949,1068.67082499439,1068.67082498825,1.04499767676406,2.04401877326997e-19,1999.07118294282,-2.10388718823151e-16,1.02301901163097e-22,-122327.481320187,4263.47792885347,4263.47796539865,0,1.54106515798802e-10,7971.15480464119,-6.88372773229085e-08,1.93330226652938e-14,-439976.952040651,"No MPA"
"4614","Mugil","MT_40",2038,2135.90948563563,2135.90948563564,0.000128079146942886,4.28724956735562e-16,3993.374871601,-2.79731703131305e-13,1.07359059510017e-19,-224627.341962949,1069.22975586878,1069.22975586687,0.620046982572898,2.43193722135109e-20,1999.69122992348,-2.50138287658698e-17,1.21653357924506e-23,-122327.481320187,4263.47794840006,4263.47797638672,0,3.80939125065172e-11,7971.15483262781,-1.70020749251441e-08,4.778970355024e-15,-439976.952040599,"No MPA"
"4615","Mugil","MT_40",2039,2135.90955414047,2135.90955414047,5.56471358540986e-05,7.39217366760546e-17,3993.37492724814,-4.8202943154692e-14,1.85110937622589e-20,-224627.341962949,1069.56139622627,1069.56139622568,0.367693176182611,2.89340134258945e-21,2000.05892309907,-2.9745446266411e-18,1.44692405472027e-24,-122327.481320187,4263.47796336908,4263.47798413272,0,9.42368483352112e-12,7971.15485339144,-4.20277850223874e-09,1.18222328275065e-15,-439976.952040586,"No MPA"
"4616","Mugil","MT_40",2040,2135.90958390408,2135.90958390408,2.41772661056071e-05,1.27530111461713e-17,3993.3749514254,-8.31126133573014e-15,3.19354214881082e-21,-224627.341962949,1069.75806180162,1069.75806180144,0.217971231004817,3.44262804693294e-22,2000.27689432989,-3.53787168388383e-19,1.72126331238213e-25,-122327.481320187,4263.47797447478,4263.47798960327,0,2.33288419063318e-12,7971.15486851993,-1.03968474974102e-09,2.92665772217879e-16,-439976.952040583,"No MPA"
"4617","Mugil","MT_40",2041,2135.90959683561,2135.90959683561,1.05044072640285e-05,2.20133934312438e-18,3993.37496192981,-1.43386251110975e-15,5.51247846721388e-22,-224627.341962949,1069.87464660756,1069.8746466075,0.129188954167652,4.09654420961904e-23,2000.406083284,-4.20865789024679e-20,2.04798856659863e-26,-122327.481320187,4263.47798256646,4263.47799347374,0,5.7789844016861e-13,7971.15487942721,-2.57379586906631e-10,7.24987093716222e-17,-439976.952040582,"No MPA"
"4618","Mugil","MT_40",2042,2135.90960245403,2135.90960245403,4.56389800778469e-06,3.80173827917137e-19,3993.37496649371,-2.47503738767582e-16,9.52011347648198e-23,-224627.341962949,1069.94374503439,1069.94374503437,0.0765596204168228,4.87532140749383e-24,2000.4826429044,-5.00753304128826e-21,2.43716585758936e-27,-122327.481320187,4263.47798840036,4263.47799621687,0,1.43243901818487e-13,7971.15488724372,-6.37576704918722e-11,1.79702820965436e-17,-439976.952040582,"No MPA"
"4619","Mugil","MT_40",2043,2135.90960489509,2135.90960489509,1.98289753792651e-06,6.56880614311836e-20,3993.3749684766,-4.27441792822139e-17,1.64492595817666e-23,-224627.341962949,1069.98469396354,1069.98469396353,0.0453673537666597,5.80301211435226e-25,2000.52801025816,-5.9591095774409e-22,2.90080603045231e-28,-122327.481320187,4263.47799258112,4263.47799816423,0,3.55262095426747e-14,7971.15489282683,-1.58036375335148e-11,4.45684597090651e-18,-439976.952040582,"No MPA"
"4620","Mugil","MT_40",2044,2135.90960595567,2135.90960595567,8.61518555915705e-07,1.13550345080643e-20,3993.37496933812,-7.38552226671908e-18,2.84346814353774e-24,-224627.341962949,1070.00895929486,1070.00895929486,0.0268824547333245,6.90830788753148e-26,2000.55489271289,-7.09275518193158e-23,3.45324227009448e-29,-122327.481320187,4263.47799556732,4263.47799954879,0,8.81561957921869e-15,7971.15489680829,-3.9194920752207e-12,1.10594006737383e-18,-439976.952040582,"No MPA"
"4621","Mugil","MT_40",2045,2135.90960641646,2135.90960641646,3.74307982881809e-07,1.96371168512862e-21,3993.37496971243,-1.27668343881447e-18,4.91742373357463e-25,-224627.341962949,1070.02333773258,1070.02333773258,0.015928820286854,8.22544394152149e-27,2000.57082153318,-8.44351588943253e-24,4.11158122752994e-30,-122327.481320187,4263.47799769686,4263.47800053461,0,2.188629890612e-15,7971.15489964604,-9.72598864317007e-13,2.74568731751604e-19,-439976.952040582,"No MPA"
"4622","Mugil","MT_40",2046,2135.90960661667,2135.90960661667,1.62627069613614e-07,3.39738194098615e-22,3993.37496987506,-2.2078648767546e-19,8.50754553918287e-26,-224627.341962949,1070.03185747353,1070.03185747353,0.0094382594271401,9.79527914769907e-28,2000.5802597926,-1.0053219133186e-24,4.89624213362877e-31,-122327.481320187,4263.47799921467,4263.47800123744,0,5.4361653115847e-16,7971.15490166882,-2.41464474031256e-13,6.8197963532568e-20,-439976.952040582,"No MPA"
"4623","Mugil","MT_40",2047,2135.90960670365,2135.90960670365,7.06573378535881e-08,5.8800248864561e-23,3993.37496994572,-3.81978694557147e-20,1.47244496968439e-26,-224627.341962949,1070.03690565186,1070.03690565186,0.00559237675021181,1.16665860862492e-28,2000.58585216935,-1.19717919303308e-25,5.831601121296e-32,-122327.481320187,4263.47800029658,4263.47800173914,0,1.35082817171293e-16,7971.15490311138,-5.99754578365082e-14,1.69464549162154e-20,-439976.952040582,"No MPA"
"4624","Mugil","MT_40",2048,2135.90960674144,2135.90960674144,3.06988524616518e-08,1.01806016511135e-23,3993.37496997641,-6.61110310531818e-21,2.54937283068408e-27,-224627.341962949,1070.0398968088,1070.0398968088,0.00331358937169569,1.38975924907333e-29,2000.58916575873,-1.42588363123365e-26,6.94676135776091e-33,-122327.481320187,4263.47800106815,4263.47800209765,0,3.35800899166504e-17,7971.15490414088,-1.49032513532503e-14,4.21270070959785e-21,-439976.952040582,"No MPA"
"4625","Mugil","MT_40",2049,2135.90960675786,2135.90960675786,1.33377269418602e-08,1.76327123584655e-24,3993.37496998975,-1.14463813484057e-21,4.4154912801914e-28,-224627.341962949,1070.04166912605,1070.04166912605,0.00196335858611897,1.65578234844202e-30,2000.59112911731,-1.69855123736179e-27,8.27647363477577e-34,-122327.481320187,4263.47800161879,4263.47800235412,0,8.35075761136563e-18,7971.1549048762,-3.70478296856489e-15,1.04762204621413e-21,-439976.952040582,"No MPA"
"4626","Mugil","MT_40",2050,2135.909606765,2135.909606765,5.79505283381036e-09,3.0549818325814e-25,3993.37496999555,-1.98250316412405e-22,7.65012515864304e-29,-224627.341962949,1070.04271925445,1070.04271925445,0.00116332155645045,1.97303036700588e-31,2000.59229243887,-2.02367892045757e-28,9.8622369073305e-35,-122327.481320187,4263.47800201209,4263.47800253775,0,2.0774038602871e-18,7971.15490540186,-9.21312141986345e-16,2.60615166193336e-22,-439976.952040582,"No MPA"
"4627","Mugil","MT_40",2051,2135.9096067681,2135.9096067681,2.5178084334742e-09,5.29462123226985e-26,3993.37496999806,-3.43481537399784e-23,1.32585125916081e-29,-224627.341962949,1070.04334147243,1070.04334147243,0.000689286001373299,2.35141897131594e-32,2000.59298172487,-2.41141358164601e-29,1.17536140682087e-35,-122327.481320187,4263.47800229325,4263.47800266935,0,5.16959474081202e-19,7971.15490577797,-2.29193264753636e-16,6.48537734137971e-23,-439976.952040582,"No MPA"
"4628","Mugil","MT_40",2052,2135.90960676944,2135.90960676944,1.09392533312635e-09,9.17891408276158e-27,3993.37496999916,-5.95291474866238e-24,2.29853548733141e-30,-224627.341962949,1070.04371014619,1070.04371014619,0.000408412348728911,2.80279179277397e-33,2000.59339013722,-2.87387383390068e-30,1.40098051846481e-36,-122327.481320187,4263.47800249441,4263.47800276374,0,1.28683458579487e-19,7971.1549060473,-5.70344707002718e-17,1.61436404260831e-23,-439976.952040582,"No MPA"
"4629","Mugil","MT_40",2053,2135.90960677003,2135.90960677003,4.75129155689894e-10,1.59173832750937e-27,3993.37496999963,-1.03201514561442e-24,3.98594757433886e-31,-224627.341962949,1070.04392859096,1070.04392859096,0.000241990383196289,3.34129679825808e-34,2000.5936321276,-3.42553467381822e-31,1.67015287300779e-37,-122327.481320187,4263.47800263847,4263.47800283149,0,3.20413202955925e-20,7971.15490624033,-1.41972307609978e-17,4.01965846520993e-24,-439976.952040582,"No MPA"
"4630","Mugil","MT_40",2054,2135.90960677028,2135.90960677028,2.06348968407826e-10,2.76102427595973e-28,3993.37496999984,-1.78964313973616e-25,6.91401207425304e-32,-224627.341962949,1070.04405802273,1070.04405802273,0.000143382864586434,3.98383637347379e-35,2000.59377551047,-4.08368746121017e-32,1.99132712885677e-38,-122327.481320187,4263.47800274171,4263.47800288016,0,7.98014766061174e-21,7971.15490637878,-3.53501548007589e-18,1.00112816203891e-24,-439976.952040582,"No MPA"
"4631","Mugil","MT_40",2055,2135.90960677039,2135.90960677039,8.95098198318318e-11,4.79050784200952e-29,3993.37496999993,-3.10430933823616e-26,1.19961382990531e-32,-224627.341962949,1070.04413471296,1070.04413471296,8.4956446854986e-05,4.75060560120245e-36,2000.59386046691,-4.86898999388548e-33,2.37459781158736e-39,-122327.481320187,4263.47800281576,4263.47800291514,0,1.98799943584295e-21,7971.15490647815,-8.80423941729735e-19,2.49399172289588e-25,-439976.952040582,"No MPA"
"4632","Mugil","MT_40",2056,2135.90960677044,2135.90960677044,3.88628069297878e-11,8.31381987543242e-30,3993.37496999997,-5.38612367820406e-27,2.08190313654231e-33,-224627.341962949,1070.04418015304,1070.04418015304,5.03379348464183e-05,5.66573606825328e-37,2000.59391080485,-5.806124376193e-34,2.83202711965284e-40,-122327.481320187,4263.47800286892,4263.4780029403,0,4.95357663126583e-22,7971.15490654954,-2.19329563044294e-19,6.21437757688045e-26,-439976.952040582,"No MPA"
"4633","Mugil","MT_40",2057,2135.90960677046,2135.90960677046,1.7049489491778e-11,1.44318718306222e-30,3993.37496999999,-9.34749791967883e-28,3.61395359540261e-34,-224627.341962949,1070.04420707695,1070.04420707695,2.98259598598364e-05,6.75806594957878e-38,2000.59394063081,-6.92458386551725e-35,3.37802985057571e-41,-122327.481320187,4263.47800290709,4263.4780029584,0,1.23455889273653e-22,7971.15490660084,-5.46512125929115e-20,1.54878296458918e-26,-439976.952040582,"No MPA"
"4634","Mugil","MT_40",2058,2135.90960677047,2135.90960677047,7.52183359931387e-12,2.50578200348204e-31,3993.37496999999,-1.62262225950372e-28,6.2748477723895e-35,-224627.341962949,1070.04422302976,1070.04422302976,1.76723152074257e-05,8.06206120698346e-39,2000.59395830312,-8.25961405454076e-36,4.02983386245857e-42,-122327.481320187,4263.47800293454,4263.47800297143,0,3.07743229372518e-23,7971.15490663774,-1.36204899060112e-20,3.86071068720141e-27,-439976.952040582,"No MPA"
"4635","Mugil","MT_40",2059,2135.90960677047,2135.90960677047,3.25946122636935e-12,4.35169383399279e-32,3993.37497,-2.8173321548536e-29,1.08972832921643e-35,-224627.341962949,1070.04423248203,1070.04423248203,1.04711037605787e-05,9.61891763650434e-40,2000.59396877423,-9.85333874476562e-37,4.80803093330491e-43,-122327.481320187,4263.47800295427,4263.47800298082,0,7.67260581783556e-24,7971.15490666429,-3.39523174953081e-21,9.62546319536011e-28,-439976.952040582,"No MPA"
"4636","Mugil","MT_40",2060,2135.90960677048,2135.90960677048,1.50436671986278e-12,7.55899256466982e-33,3993.37497,-4.89275082570999e-30,1.89288324323569e-36,-224627.341962949,1070.04423808264,1070.04423808264,6.20428126390571e-06,1.1477879362665e-40,2000.59397497851,-1.17561068515402e-37,5.73723581187116e-44,-122327.481320187,4263.47800296847,4263.47800298759,0,1.91323927348029e-24,7971.15490668341,-8.46493842524023e-22,2.40020335306836e-28,-439976.952040582,"No MPA"
"4637","Mugil","MT_40",2061,2135.90960677048,2135.90960677048,7.52183359931389e-13,1.31327717868267e-33,3993.37497,-8.49882103916073e-31,3.28863978100876e-37,-224627.341962949,1070.04424140109,1070.04424140109,3.67612671477833e-06,1.36978164008772e-41,2000.59397865463,-1.4028103847983e-38,6.84687476429314e-45,-122327.481320187,4263.4780029787,4263.47800299247,0,4.77158248686417e-25,7971.15490669718,-2.11081515553171e-22,5.98606167202125e-29,-439976.952040582,"No MPA"
"4638","Mugil","MT_40",2062,2135.90960677048,2135.90960677048,2.50727786643796e-13,2.28208780003545e-34,3993.37497,-1.47656021896424e-31,5.71468448913389e-38,-224627.341962949,1070.04424336731,1070.04424336731,2.17815844736712e-06,1.63491123207295e-42,2000.59398083279,-1.67412798387675e-39,8.17212912523307e-46,-122327.481320187,4263.47800298606,4263.47800299599,0,1.19019310317932e-25,7971.15490670711,-5.2643329920763e-23,1.49312504537999e-29,-439976.952040582,"No MPA"
"4639","Mugil","MT_40",2063,2135.90960677048,2135.90960677048,2.50727786643796e-13,3.96632739155771e-35,3993.37497,-2.56582549092645e-32,9.93226887370838e-39,-224627.341962949,1070.04424453233,1070.04424453233,1.29059062786931e-06,1.95159231176937e-43,2000.59398212338,-1.99816566351502e-40,9.75506439820926e-47,-122327.481320187,4263.47800299137,4263.47800299853,0,2.96913338692172e-26,7971.15490671426,-1.31310164651799e-23,3.72484717920038e-30,-439976.952040582,"No MPA"
"4640","Mugil","MT_40",2064,2135.90960677048,2135.90960677048,2.50727786643796e-13,6.89480526092281e-36,3993.37497,-4.4594708084678e-33,1.72656094474464e-39,-224627.341962949,1070.04424522262,1070.04424522262,7.64693588517219e-07,2.32988804683909e-44,2000.59398288808,-2.38520885159364e-41,1.16459814817907e-47,-122327.481320187,4263.4780029952,4263.47800300036,0,7.40789874243054e-27,7971.15490671943,-3.2757490601138e-24,9.29338198683195e-31,-439976.952040582,"No MPA"
"4641","Mugil","MT_40",2065,2135.90960677048,2135.90960677048,2.50727786643796e-13,1.19875336389451e-36,3993.37497,-7.75205366470768e-34,3.00185525501632e-40,-224627.341962949,1070.04424563162,1070.04424563162,4.53092085518901e-07,2.78183269998062e-45,2000.59398334117,-2.84755661079549e-42,1.39050338238283e-48,-122327.481320187,4263.47800299796,4263.47800300169,0,1.84845755123178e-27,7971.15490672315,-8.17289565022597e-25,2.31893316948789e-31,-439976.952040582,"No MPA"
"4642","Mugil","MT_60",2015,654.482461073977,654.482461073977,504.410332376769,68.9319192739341,1659.12283610283,-150752.241618613,0.0563332925629933,-404657.376348547,54.4065984457564,54.4065984457564,39.60019817049,2.81751282607237,138.503258044418,-57284.7786243384,0.0276985544938086,-197768.942257255,953.096332215077,953.096332215077,1119.72825098373,1574.23498430969,1327.43713967404,-3496242.39205644,0.883436907392253,-3985732.95323731,"No MPA"
"4643","Mugil","MT_60",2016,887.403870427005,887.399274680938,593.401332946368,17.7597094378989,2234.75986386524,-28600.3862674999,0.0107057296588071,-282505.520997434,74.0803059188008,74.0802335733998,53.0092291283021,0.521294321661968,190.991120505657,-7782.13597174818,0.00376380675242558,-148266.299604665,709.997373227816,709.685910069547,883.944856202833,284.545822829689,1926.52470988892,-864793.153494761,0.221688192962353,-1354283.71467563,"No MPA"
"4644","Mugil","MT_60",2017,1195.29097515599,1195.15567896368,638.114038032114,4.5533161956075,2868.18528950943,-5434.88268166315,0.00203783529206624,-259340.017411597,102.154135827593,102.151999505855,71.3060239858821,0.0977036622446951,262.197304507556,-1057.45791868644,0.000511567805457974,-141541.621551603,1030.42731184656,1021.22438993132,1181.53328814915,104.463151440073,2994.39192468275,-217001.535918224,0.0563617862420863,-706492.097099091,"No MPA"
"4645","Mugil","MT_60",2018,1534.08697151747,1533.80837576858,591.365900549667,1.11420501319713,3458.15838929701,-1034.44357815888,0.000388512780922966,-254939.578308093,140.239708460689,140.234422398233,94.5535361807856,0.0182350684220619,356.727319557463,-143.724541860615,6.95478863704549e-05,-140627.888174777,1601.59026548059,1578.56047092345,1557.36023105308,42.0490262800576,4486.67333489864,-55166.4276363658,0.0144961938459978,-544656.988817232,"No MPA"
"4646","Mugil","MT_60",2019,1849.64191465181,1849.36600617197,457.396491073041,0.256525632447244,3915.02244625777,-197.201102691921,7.41831300669789e-05,-254102.335832626,190.800341707022,190.792037501479,122.615491493144,0.0033736616974082,479.331133183367,-19.5389390449788,9.4573323176754e-06,-140503.702571961,2399.75678478571,2365.24859510742,1749.52076108849,16.571458461911,6185.11444784693,-14187.3420877995,0.0037661621917255,-503677.903268666,"No MPA"
"4647","Mugil","MT_60",2020,2094.00171947389,2093.85725786478,293.73319345443,0.0555363376968654,4208.55564176538,-37.6515694736643,1.41855937618439e-05,-253942.786299408,256.376618745255,256.366301154995,154.252998084257,0.000616580481090537,633.573197096884,-2.65687934450851,1.28634203904414e-06,-140486.820512261,3308.190557455,3275.19652705286,1493.52714573626,6.056275562388,7639.59128761867,-3685.49830690824,0.000986962976221815,-493176.059487775,"No MPA"
"4648","Mugil","MT_60",2021,2251.00184515725,2250.96514787047,160.983794028838,0.0114325453583081,4369.49130596208,-7.19960519152673,2.71650458747139e-06,-253912.334335125,338.875033884313,338.864142413424,186.422136038144,0.000110877091632354,819.984330787046,-0.361361773583191,1.75003391614812e-07,-140484.52499469,4086.136800478,4069.51954500287,870.602023692025,1.98774334031713,8491.58831249524,-965.728702703599,0.000260552574046807,-490456.28988357,"No MPA"
"4649","Mugil","MT_60",2022,2337.08042125193,2337.07583366918,79.0377123392797,0.00227615731999621,4448.5221545613,-1.37867662692202,5.20920524878863e-07,-253906.513406561,438.579502973474,438.569493489615,213.950144749611,1.95273114523143e-05,1033.92444652549,-0.0491599165896172,2.38142942103503e-08,-140484.212792833,4541.83871778975,4539.91047607751,332.465084476347,0.587741037178383,8821.53741422217,-254.932252939609,6.921263067677e-05,-489745.493433806,"No MPA"
"4650","Mugil","MT_60",2023,2379.35111960167,2379.35034691515,36.4203402492499,0.000444962710832694,4484.94127716132,-0.264374111653895,1.00024842461025e-07,-253905.399104046,553.008213503335,553.000183706935,230.233988971467,3.3513332162127e-06,1264.15040234922,-0.00668926188465678,3.24137460932055e-09,-140484.170322178,4718.31637426282,4718.6776921958,89.7775722939632,0.163031598951218,8911.51327285015,-67.7181787998497,1.84818178213243e-05,-489558.279359666,"No MPA"
"4651","Mugil","MT_60",2024,2398.8303707153,2398.8302594817,16.2545577595762,8.62488993436715e-05,4501.1956374384,-0.0507636979924866,1.9230775772768e-08,-253905.185493632,676.147621764771,676.142047179206,229.479510450218,5.57851384474539e-07,1493.62433765602,-0.000910423961873724,4.41285805800547e-10,-140484.16454334,4766.44115649958,4766.27493282168,20.2796014403487,0.0441741173741446,8931.58247649523,-18.0826465129334,4.95696075211473e-06,-489508.643827379,"No MPA"
"4652","Mugil","MT_60",2025,2407.52423105362,2407.52420921036,7.14702218631181,1.66626188130409e-05,4508.34262111883,-0.00975980748841609,3.70182062410751e-09,-253905.144489741,798.884801871157,798.881494487538,209.872151447042,8.97532356142304e-08,1703.49318162969,-0.000123939136262382,6.00909135342859e-11,-140484.163756856,4777.17543644768,4777.24961669509,4.58405874292428,0.0119186743597601,8936.2287968112,-4.84989359463569,1.3344465691568e-06,-489495.411074461,"No MPA"
"4653","Mugil","MT_60",2026,2411.34689013702,2411.3468875402,3.12151759954958,3.21630851496126e-06,4511.46413290525,-0.00187870854059644,7.13412618909671e-10,-253905.136608642,911.135938659641,911.134275347544,175.459150054163,1.3942317690549e-08,1878.95066835782,-1.68761579641308e-05,8.18454608848021e-12,-140484.163649793,4779.66058253929,4779.62685429439,0.94022179471933,0.00322042157278463,8937.13206993944,-1.30562297726611,3.6037801860508e-07,-489491.866803844,"No MPA"
"4654","Mugil","MT_60",2027,2413.01647214781,2413.01647134976,1.35932509621341,6.20966238495058e-07,4512.82345658245,-0.000362063418503515,1.37641843148311e-10,-253905.135091997,1004.9817042834,1004.98099102713,134.604249575778,2.09503596444123e-09,2013.55420467523,-2.29847366783976e-06,1.11500319265978e-12,-140484.163635215,4780.14371016107,4780.15910365081,0.231397364715923,0.000872139616902024,8937.37798865427,-0.352593955005421,9.75861101644741e-08,-489490.913774821,"No MPA"
"4655","Mugil","MT_60",2028,2413.74352445886,2413.74352443829,0.591180619089904,1.19969417753283e-07,4513.414637061,-6.98544797621495e-05,2.65841150024668e-11,-253905.134799788,1076.9761922755,1076.97592442623,95.8022494650757,3.05925312871596e-10,2109.35618629072,-3.13116405649396e-07,1.51932991438761e-13,-140484.163633229,4780.27524304978,4780.26816066019,0.0383930510805424,0.000236722042018637,8937.40906259372,-0.0954782761137654,2.64867425333048e-08,-489490.656659143,"No MPA"
"4656","Mugil","MT_60",2029,2414.05972518455,2414.05972513891,0.256964122093751,2.31974045508434e-08,4513.67160111425,-1.34916776509726e-05,5.13965731410082e-12,-253905.134743426,1128.21715372225,1128.21706182231,64.2400993683313,4.36788493425291e-11,2173.59619375906,-4.26649230316576e-08,2.07071947572e-14,-140484.163632959,4780.29186335874,4780.29519421189,0.0140045459244586,6.43813218107127e-05,8937.42633361147,-0.0259146358800714,7.20357812517341e-09,-489490.587095502,"No MPA"
"4657","Mugil","MT_60",2030,2414.19716581912,2414.19716582591,0.111665400043733,4.48946952340308e-09,4513.7832665166,-2.60842226150109e-06,9.94638050827362e-13,-253905.134732542,1162.57677437431,1162.57674438883,41.2384387836504,6.13565953153087e-12,2214.83460255723,-5.81477454668726e-09,2.822814812374e-15,-140484.163632922,4780.30110099182,4780.29950611965,0.000760908859984593,1.75409149488853e-05,8937.42548210725,-0.00704798272922586,1.96263601702384e-09,-489490.568228849,"No MPA"
"4658","Mugil","MT_60",2031,2414.2568915417,2414.25689153752,0.0485197372101939,8.69630876610746e-10,4513.83178624876,-5.04787739192748e-07,1.92661194670525e-13,-253905.134730439,1184.63368467741,1184.63367514552,25.6952035545014,8.52462909934873e-13,2240.52979657984,-7.92664368353098e-10,3.84887841717505e-16,-140484.163632917,4780.30064555349,4780.30126438782,0.00111808662221126,4.78660290966326e-06,8937.4272142416,-0.00192024359453918,5.35568430170144e-10,-489490.56310111,"No MPA"
"4659","Mugil","MT_60",2032,2414.28284296445,2414.28284296564,0.021081342532767,1.68595920076607e-10,4513.85286759232,-9.77772851002319e-08,3.73509532610931e-14,-253905.134730032,1198.37710025272,1198.37709726725,15.7029730782569,1.17605099998812e-13,2256.23276667263,-1.08078232819437e-10,5.24898620756536e-17,-140484.163632916,4780.30157200854,4780.30125888452,1.55391883665282e-05,1.30801786937568e-06,8937.42691534876,-0.000524000292682223,1.46352841426781e-10,-489490.561704867,"No MPA"
"4660","Mugil","MT_60",2033,2414.29411860086,2414.29411860038,0.00915944769792167,3.27126324904822e-11,4513.8620270395,-1.89559438884136e-08,7.24716410792789e-15,-253905.134729953,1206.77604223237,1206.77604130529,9.48027773209984,1.61543228536118e-14,2265.71304347766,-1.47393285021209e-11,7.15986537037841e-18,-140484.163632916,4780.30141214173,4780.30144596989,1.7078398772703e-05,3.57890547170676e-07,8937.42696589743,-0.000143191658477251,4.00440250689219e-11,-489490.561324058,"No MPA"
"4661","Mugil","MT_60",2034,2414.29901765276,2414.29901765293,0.00397957397407244,6.35218588368801e-12,4513.86600661363,-3.67800080105611e-09,1.40726186259934e-15,-253905.134729938,1211.84669411325,1211.84669382655,5.68080689702033,2.21322781645705e-15,2271.39385008798,-2.01050913479917e-12,9.7683500689918e-19,-140484.163632916,4780.30143917836,4780.30144490938,4.05534766831913e-08,9.80361217528518e-08,8937.42697157097,-3.91790846409424e-05,1.09691661976873e-11,-489490.561220046,"No MPA"
"4662","Mugil","MT_60",2035,2414.30114618081,2414.30114618074,0.00172902859768579,1.23439185879558e-12,4513.86773564217,-7.1419801982473e-10,2.73466659618822e-16,-253905.134729935,1214.88514893013,1214.88514884155,3.38867935004469,3.02771992895596e-16,2274.78252934945,-2.74297448006984e-13,1.33297883536961e-19,-140484.163632916,4780.30144221293,4780.30144873685,0,2.68830064814471e-08,8937.42697806801,-1.07322350877538e-05,3.00791341504895e-12,-489490.561191599,"No MPA"
"4663","Mugil","MT_60",2036,2414.30207097467,2414.30207097469,0.000751219926784092,2.40042613381255e-13,4513.86848686211,-1.3878678299622e-10,5.31789204822825e-17,-253905.134729934,1216.69762901106,1216.69762898367,2.01590036592858,4.13856326448646e-17,2276.79842968798,-3.74303098832184e-14,1.81932259945307e-20,-140484.163632916,4780.30144568796,4780.30145201857,0,7.37883574093566e-09,8937.42698439125,-2.94294327500528e-06,8.25610744499694e-13,-489490.561183809,"No MPA"
"4664","Mugil","MT_60",2037,2414.30247277463,2414.30247277462,0.000326386114883685,4.67103400589876e-14,4513.86881324822,-2.6988779204405e-11,1.03481836466749e-17,-253905.134729934,1217.77586006417,1217.77586005569,1.19729684604218,5.65462641193185e-18,2277.99572652554,-5.10869123489157e-15,2.48358674979707e-21,-140484.163632916,4780.30144907002,4780.30145446032,0,2.02713823073887e-09,8937.42698977952,-8.07777769180528e-07,2.26814522157908e-13,-489490.561181674,"No MPA"
"4665","Mugil","MT_60",2038,2414.30264734657,2414.30264734657,0.000141806502470412,9.0951896808841e-15,4513.86895505473,-5.25179603237345e-12,2.01494329081733e-18,-253905.134729934,1218.41625016946,1218.41625016682,0.710418791691133,7.72473790388883e-19,2278.70614531459,-6.97395498058614e-16,3.39102387855258e-22,-140484.163632916,4780.30145195201,4780.30145622386,0,5.57359537474112e-10,8937.42699405082,-2.219153880288e-07,6.23624157285877e-14,-489490.561181088,"No MPA"
"4666","Mugil","MT_60",2039,2414.30272319366,2414.30272319366,6.16113223681125e-05,1.77202548060026e-15,4513.86901666605,-1.02260179576296e-12,3.9257353242741e-19,-253905.134729934,1218.79622708818,1218.79622708735,0.421286350942553,1.05524016055972e-19,2279.12743166471,-9.52205252902649e-17,4.63087424734197e-23,-140484.163632916,4780.30145423657,4780.30145749065,0,1.53362148038628e-10,8937.42699730474,-6.10154039219061e-08,1.71595413469203e-14,-489490.561180928,"No MPA"
"4667","Mugil","MT_60",2040,2414.30275614729,2414.30275614729,2.67685541303603e-05,3.45440947068559e-16,4513.8690434346,-1.99234589407815e-13,7.65287928810354e-20,-253905.134729934,1219.02155768427,1219.02155768402,0.249742335138325,1.4415944202054e-20,2279.37717399959,-1.30035719534992e-17,6.32520323425898e-24,-140484.163632916,4780.30145597698,4780.30145840065,0,4.22287524182741e-11,8937.42699972837,-1.67888997590067e-08,4.72493396937687e-15,-489490.561180883,"No MPA"
"4668","Mugil","MT_60",2041,2414.30277046481,2414.30277046481,1.16302556800453e-05,6.73767799147524e-17,4513.86905506486,-3.88390489119245e-14,1.49266137910561e-20,-253905.134729934,1219.15513568691,1219.15513568683,0.148019546373658,1.96961010164667e-21,2279.52519354589,-1.77612747906255e-18,8.64100125294588e-25,-140484.163632916,4780.30145727329,4780.301459055,0,1.16354823543085e-11,8937.42700151008,-4.62287663615311e-09,1.30188278513244e-15,-489490.561180871,"No MPA"
"4669","Mugil","MT_60",2042,2414.30277668541,2414.30277668541,5.05305073543451e-06,1.31482190521035e-17,4513.86906011791,-7.57539040267567e-15,2.91284901970081e-21,-253905.134729934,1219.23430590591,1219.23430590589,0.0877190399973203,2.69137904622493e-22,2279.61291258586,-2.42640728083598e-19,1.18067528002987e-25,-140484.163632916,4780.30145822625,4780.30145952597,0,3.20794656720645e-12,8937.42700280979,-1.27376245877817e-09,3.58934016095075e-16,-489490.561180868,"No MPA"
"4670","Mugil","MT_60",2043,2414.3027793881,2414.3027793881,2.19542209418159e-06,2.56703756220601e-18,4513.86906231333,-1.47829700809247e-15,5.68700050448285e-22,-253905.134729934,1219.28122359874,1219.28122359873,0.0519801814060237,3.67818469563505e-23,2279.66489276726,-3.31535541595801e-20,1.61351283602914e-26,-140484.163632916,4780.30145892142,4780.30145986521,0,8.84949505336302e-13,8937.42700375357,-3.51181135584212e-10,9.90161379844978e-17,-489490.561180867,"No MPA"
"4671","Mugil","MT_60",2044,2414.30278056235,2414.30278056235,9.53854688640062e-07,5.01412525621558e-19,4513.86906326719,-2.88620377298459e-16,1.11082647436075e-22,-253905.134729934,1219.30902588869,1219.30902588869,0.0308009002807829,5.02758797077198e-24,2279.69569366754,-4.53077026148951e-21,2.20540658704844e-27,-140484.163632916,4780.30145942622,4780.30146010969,0,2.44254089964615e-13,8937.42700443705,-9.68774154003452e-11,2.73293521571781e-17,-489490.561180866,"No MPA"
"4672","Mugil","MT_60",2045,2414.30278107253,2414.30278107253,4.14425930664236e-07,9.79818191315254e-20,4513.86906368161,-5.63754400743157e-17,2.17068368085549e-23,-253905.134729934,1219.32550015902,1219.32550015902,0.018250643663268,6.87313410935898e-25,2279.7139443112,-6.19281748234171e-22,3.01493490050051e-28,-140484.163632916,4780.30145979178,4780.30146028597,0,6.74499623277518e-14,8937.42700493124,-2.67390453257999e-11,7.54691056992929e-18,-489490.561180866,"No MPA"
"4673","Mugil","MT_60",2046,2414.30278129419,2414.30278129419,1.80057284226859e-07,1.91546185053724e-20,4513.86906386167,-1.10164144080901e-17,4.24350335269793e-24,-253905.134729934,1219.33526175803,1219.33526175803,0.0108140042176183,9.39765162742774e-26,2279.72475831542,-8.4659860820452e-23,4.12229422506216e-29,-140484.163632916,4780.30146005611,4780.30146041312,0,1.86347538524338e-14,8937.42700528825,-7.38389928303106e-12,2.08502445302802e-18,-489490.561180866,"No MPA"
"4674","Mugil","MT_60",2047,2414.3027813905,2414.3027813905,7.82306714791175e-08,3.7460202505753e-21,4513.8690639399,-2.15361601912514e-18,8.29891208091565e-25,-253905.134729934,1219.34104577172,1219.34104577172,0.00640753630729208,1.28514749987027e-26,2279.73116585172,-1.1575468986543e-23,5.63729237568099e-30,-140484.163632916,4780.30146024706,4780.30146050485,0,5.15055712381859e-15,8937.42700554604,-2.03998847225769e-12,5.76290818461638e-19,-489490.561180866,"No MPA"
"4675","Mugil","MT_60",2048,2414.30278143234,2414.30278143234,3.39890609581836e-08,7.32869788829186e-22,4513.86906397389,-4.21177232896678e-19,1.62359558606582e-25,-253905.134729934,1219.34447292756,1219.34447292756,0.00379658703760754,1.75774170377124e-27,2279.73496243876,-1.58296083179025e-24,7.71030255716374e-31,-140484.163632916,4780.30146038494,4780.30146057106,0,1.42416641132529e-15,8937.42700573216,-5.63843088085774e-13,1.59348592211333e-19,-489490.561180866,"No MPA"
"4676","Mugil","MT_60",2049,2414.30278145052,2414.30278145052,1.47675143780656e-08,1.43428551273893e-22,4513.86906398866,-8.23989324883906e-20,3.17750801454622e-26,-253905.134729934,1219.34650358253,1219.34650358253,0.00224954304935621,2.4044995187019e-28,2279.73721198181,-2.16506544699145e-25,1.05472765839836e-31,-140484.163632916,4780.30146048449,4780.30146061885,0,3.93941231490361e-16,8937.42700586652,-1.55906704455918e-13,4.40777005773255e-20,-489490.561180866,"No MPA"
"4677","Mugil","MT_60",2050,2414.30278145842,2414.30278145842,6.41606229501067e-09,2.80794767434493e-23,4513.86906399507,-1.61261382217936e-20,6.22071139977575e-27,-253905.134729934,1219.34770678049,1219.34770678049,0.00133289047536061,3.28973463864907e-29,2279.73854487229,-2.96169234724136e-26,1.4430323904698e-32,-140484.163632916,4780.30146055636,4780.30146065336,0,1.09007213413648e-16,8937.42700596352,-4.31256338172827e-14,1.21967109037195e-20,-489490.561180866,"No MPA"
"4678","Mugil","MT_60",2051,2414.30278146185,2414.30278146185,2.78759612764763e-09,5.49895289413224e-24,4513.86906399786,-3.15706684016018e-21,1.21823491469762e-27,-253905.134729934,1219.34841969465,1219.34841969465,0.000789758213290461,4.50155418956691e-30,2279.7393346305,-4.05205832250792e-27,1.97459230563613e-33,-140484.163632916,4780.30146060824,4780.30146067828,0,3.01732273760698e-17,8937.42700603357,-1.19332651503977e-14,3.37605301346089e-21,-489490.561180866,"No MPA"
"4679","Mugil","MT_60",2052,2414.30278146334,2414.30278146334,1.21128363659753e-09,1.07721404255015e-24,4513.86906399907,-6.18265147753978e-22,2.38645389858977e-28,-253905.134729934,1219.34884210731,1219.34884210731,0.000467943651371193,6.16067653353389e-31,2279.73980257415,-5.54468717182605e-28,2.70236006369229e-34,-140484.163632916,4780.3014606457,4780.30146069629,0,8.35451614698305e-18,8937.42700608415,-3.30313115473958e-15,9.3477867190893e-22,-489490.561180866,"No MPA"
"4680","Mugil","MT_60",2053,2414.30278146399,2414.30278146399,5.26287719504497e-10,2.11080869912466e-25,4513.8690639996,-1.21114676194114e-22,4.67627365614054e-29,-253905.134729934,1219.34909239318,1219.34909239318,0.000277263565190637,8.43252214097404e-32,2279.74007983772,-7.58827082138185e-29,3.69889674753782e-35,-140484.163632916,4780.30146067276,4780.3014607093,0,2.31390084836948e-18,8937.42700612069,-9.1458769801816e-16,2.58900111496776e-22,-489490.561180866,"No MPA"
"4681","Mugil","MT_60",2054,2414.30278146427,2414.30278146427,2.28709849025406e-10,4.13727930597985e-26,4513.86906399983,-2.37325083041919e-23,9.16570517956925e-30,-253905.134729934,1219.34924069128,1219.34924069128,0.000164282744445401,1.15437942442192e-32,2279.74024412046,-1.03865619669751e-29,5.06364490685313e-36,-140484.163632916,4780.3014606923,4780.3014607187,0,6.41037694344832e-19,8937.42700614709,-2.53307937061651e-16,7.17250830586728e-23,-489490.561180866,"No MPA"
"4682","Mugil","MT_60",2055,2414.30278146439,2414.30278146439,9.91926234930559e-11,8.11137541133619e-27,4513.86906399992,-4.65167760236323e-24,1.79698952192214e-30,-253905.134729934,1219.34932856009,1219.34932856009,9.73399318554845e-05,1.58052188937882e-33,2279.74034146039,-1.42187968984393e-30,6.9329034018461e-37,-140484.163632916,4780.30146070642,4780.3014607255,0,1.77635511056141e-19,8937.42700616616,-7.01758400957436e-17,1.98754642621377e-23,-489490.561180866,"No MPA"
"4683","Mugil","MT_60",2056,2414.30278146445,2414.30278146445,4.30779393455567e-11,1.59067991659869e-27,4513.86906399997,-9.11988302813758e-25,3.52398329248196e-31,-253905.134729934,1219.34938062364,1219.34938062364,5.76753304513086e-05,2.16427357477911e-34,2279.74039913572,-1.94677050224109e-31,9.49350913092446e-38,-140484.163632916,4780.30146071663,4780.30146073041,0,4.92352271555614e-20,8937.42700617995,-1.94461594523004e-17,5.50888159663768e-24,-489490.561180866,"No MPA"
"4684","Mugil","MT_60",2057,2414.30278146447,2414.30278146447,1.8704894715834e-11,3.12014650050331e-28,4513.86906399999,-1.78845313389307e-25,6.91235491385385e-32,-253905.134729934,1219.34941147206,1219.34941147206,3.41734736022497e-05,2.96402844202601e-35,2279.7404333092,-2.66579273751907e-32,1.30016051088524e-38,-140484.163632916,4780.301460724,4780.30146073397,0,1.36494469703587e-20,8937.42700618992,-5.38989120048546e-18,1.52722332287811e-24,-489490.561180866,"No MPA"
"4685","Mugil","MT_60",2058,2414.30278146448,2414.30278146448,8.21881737513921e-12,6.12162355690198e-29,4513.86906399999,-3.50808212815225e-26,1.35618102122734e-32,-253905.134729934,1219.34942975019,1219.34942975019,2.0248280519034e-05,4.05985030084183e-36,2279.74045355748,-3.65087176901318e-33,1.78083883652872e-39,-140484.163632916,4780.30146072933,4780.30146073654,0,3.78477960959045e-21,8937.42700619713,-1.49423570007041e-18,4.23475303011614e-25,-489490.561180866,"No MPA"
"4686","Mugil","MT_60",2059,2414.30278146448,2414.30278146448,3.40088994833347e-12,1.20130567208883e-29,4513.869064,-6.88274034305102e-27,2.66136579297294e-33,-253905.134729934,1219.34944058026,1219.34944058026,1.19974007156349e-05,5.56152643481053e-37,2279.74046555488,-5.00062429136843e-34,2.43954368846327e-40,-140484.163632916,4780.30146073319,4780.3014607384,0,1.04965474288753e-21,8937.42700620234,-4.14328347648335e-19,1.17444846504448e-25,-489490.561180866,"No MPA"
"4687","Mugil","MT_60",2060,2414.30278146449,2414.30278146449,1.70044497416674e-12,2.35793481836375e-30,4513.869064,-1.35066701452093e-27,5.22375546328819e-34,-253905.134729934,1219.34944699723,1219.34944699723,7.1086342019809e-06,7.61961848594591e-38,2279.74047266351,-6.85027818245759e-35,3.34231839153293e-41,-140484.163632916,4780.30146073598,4780.30146073975,0,2.91156841910001e-22,8937.42700620611,-1.14908068654634e-19,3.25772553675622e-26,-489490.561180866,"No MPA"
"4688","Mugil","MT_60",2061,2414.30278146449,2414.30278146449,5.66814991388913e-13,4.6291126207021e-31,4513.869064,-2.65110275889784e-28,1.02553099238549e-34,-253905.134729934,1219.34945079937,1219.34945079937,4.21196908183588e-06,1.04406274816496e-38,2279.74047687548,-9.38528416792776e-36,4.57974388174607e-42,-140484.163632916,4780.30146073799,4780.30146074072,0,8.07749824776532e-23,8937.42700620884,-3.18735952046528e-20,9.03783409045617e-27,-489490.561180866,"No MPA"
"4689","Mugil","MT_60",2062,2414.30278146449,2414.30278146449,2.83407495694456e-13,9.08966602386138e-32,4513.869064,-5.20466178471729e-29,2.01371947103102e-35,-253905.134729934,1219.3494530522,1219.3494530522,2.49565283741499e-06,1.43078065639952e-39,2279.74047937113,-1.285999498293e-36,6.27606813544184e-43,-140484.163632916,4780.30146073945,4780.30146074143,0,2.24125433548665e-23,8937.42700621082,-8.84261924695003e-21,2.50771763946116e-27,-489490.561180866,"No MPA"
"4690","Mugil","MT_60",2063,2414.30278146449,2414.30278146449,2.83407495694456e-13,1.78516796677292e-32,4513.869064,-1.02198069622811e-29,3.95485101907449e-36,-253905.134729934,1219.34945438703,1219.34945438703,1.47871054105896e-06,1.96097272753932e-40,2279.74048084984,-1.76233009570581e-37,8.60173666820291e-44,-140484.163632916,4780.30146074051,4780.30146074194,0,6.21963931796242e-24,8937.42700621225,-2.45355159684018e-21,6.95909383499329e-28,-489490.561180866,"No MPA"
"4691","Mugil","MT_60",2064,2414.30278146449,2414.30278146449,2.83407495694456e-13,3.50661562980912e-33,4513.869064,-2.0071223703681e-30,7.76853643756717e-37,-253905.134729934,1219.34945517794,1219.34945517794,8.76157627507278e-07,2.68794913431922e-41,2279.740481726,-2.41538158582104e-38,1.17905926437609e-44,-140484.163632916,4780.30146074127,4780.30146074231,0,1.72621446307573e-24,8937.42700621328,-6.80877923524009e-22,1.93144454424732e-28,-489490.561180866,"No MPA"
"4692","Mugil","MT_60",2065,2414.30278146449,2414.30278146449,2.83407495694456e-13,6.88925534380531e-34,4513.869064,-3.94260193207219e-31,1.52624173322838e-37,-253905.134729934,1219.34945564657,1219.34945564657,5.19136175810214e-07,3.68485597345928e-42,2279.74048224514,-3.31081750769295e-39,1.61634887961873e-45,-140484.163632916,4780.30146074183,4780.30146074258,0,4.79154748561247e-25,8937.42700621403,-1.88972584918472e-22,5.36121579765787e-29,-489490.561180866,"No MPA"
"4693","Octopus","MT",2015,249.62757562009,249.62757562009,679.372960894912,99.4316439166167,2833.2551129783,-857130.092957729,0.0441268517918472,-2848037.95680362,114.378734398928,114.378734398928,271.292829847364,35.465255692453,1268.29035215491,-596296.516391584,0.0343501542604309,-2364114.84972303,318.634129225466,318.634129225466,1447.15471753918,276.099304308553,4047.27082123063,-2089446.4187105,0.095993959124411,-4313066.3958331,"No MPA"
"4694","Octopus","MT",2016,313.874883392405,313.874562745245,661.696298139985,25.6285133817865,3469.32257708933,-175643.795075445,0.00904578971611194,-2166551.65892134,140.504285888986,140.50421395489,291.334304858093,8.87232071136508,1550.75226436754,-121418.226197536,0.0069955409855864,-1889236.55952898,448.366492396754,448.365074735444,1572.13660232016,79.4133615277691,5539.99264436171,-426780.241763578,0.0196234054235365,-2650400.21888617,"No MPA"
"4695","Octopus","MT",2017,384.339982074496,384.33769069514,551.680536189863,6.43497402903751,4014.5658478708,-36003.3063514544,0.00185488064397907,-2026911.17019735,171.796102623886,171.795578055731,294.818130902587,2.20953835723522,1843.36033234474,-24725.8627131811,0.00142483301563488,-1792544.19604463,613.733841784524,613.723537087052,1341.98826391675,22.2363817761159,6859.73422180488,-87234.1976990252,0.00401441515329891,-2310854.17482162,"No MPA"
"4696","Octopus","MT",2018,444.743356007572,444.739062459846,381.903471321218,1.52734249834609,4394.93768314595,-7382.14794647244,0.000380461222472876,-1998290.01179236,204.211935139397,204.21078726776,274.840315753912,0.535009382458767,2117.66449084455,-5035.79651179845,0.000290239512493739,-1772854.12984325,759.938019385969,759.918466026116,774.970516043444,5.63685514257867,7629.04832934589,-17844.0002898934,0.000821833389316147,-2241463.97741249,"No MPA"
"4697","Octopus","MT",2019,486.881871842541,486.877083049582,222.210147420306,0.343062382009143,4616.79997939129,-1514.10800314637,7.8060002048725e-05,-1992421.97184904,234.600016102808,234.598338615977,234.31452970952,0.125213492538938,2351.8521295747,-1025.73792847207,5.9128759929084e-05,-1768844.07125992,845.16450488333,845.146315626881,287.029271357795,1.2843984462692,7914.77501300097,-3652.82577154611,0.000168365791866372,-2227272.80289414,"No MPA"
"4698","Octopus","MT",2020,511.460315924117,511.456513429261,113.408849678791,0.0739615565563657,4730.13106501867,-310.644136910507,1.60202469761846e-05,-1991218.5079828,260.543891563108,260.54197127221,183.023510137021,0.0283332686019943,2534.84538615222,-208.957460470137,1.20473181048872e-05,-1768027.29079192,876.818000928754,876.808750552451,76.2785525486052,0.273186660890268,7990.77112851238,-748.32427294725,3.45165533908614e-05,-2224368.30139554,"No MPA"
"4699","Octopus","MT",2021,524.015408871125,524.013029538426,53.3801239502309,0.015556163595845,4783.4932534726,-63.7525785030163,3.28875250406178e-06,-1990971.6164244,280.816329017386,280.814492588131,132.243984747035,0.00622271516979959,2667.08131175483,-42.5729024313671,2.4548842796501e-06,-1767860.90623388,885.237035199673,885.234091057967,17.5314536483493,0.0565831531987103,8008.24305486582,-153.41257184575,7.08108495913494e-06,-2223773.38969444,"No MPA"
"4700","Octopus","MT",2022,529.927001724808,529.925736348303,24.0731998273645,0.00323041157074521,4807.56195751189,-13.0875058311631,6.7532595211255e-07,-1990920.95135172,295.465746056707,295.464220062173,89.7062824096588,0.00133430461907304,2756.78473386534,-8.67485408254395,5.00288333393724e-07,-1767827.00818553,887.172617640416,887.171926294518,3.86520655814028,0.0116413516498582,8012.09592872642,-31.4726106969352,1.45367206789689e-06,-2223651.44973329,"No MPA"
"4701","Octopus","MT",2023,532.593391221162,532.592787622383,10.6361119521592,0.000666867448186476,4818.19679899782,-2.68743426384788,1.38712280804438e-07,-1990910.55128016,305.403309047721,305.402172645246,58.0598002890503,0.000281099442332094,2814.84311665247,-1.76784251013144,1.01966640100386e-07,-1767820.10117396,887.599448365323,887.599309249433,0.843505528014815,0.00239259253600326,8012.936902546,-6.46099323284668,2.98622596265067e-07,-2223626.43811583,"No MPA"
"4702","Octopus","MT",2024,533.771544793004,533.771277257263,4.65564288623218,0.000137315323014679,4822.85203703299,-0.551999589755413,2.84993248960436e-08,-1990908.41584548,311.835157716691,311.834379405393,36.3748637929757,5.85056172154865e-05,2851.21714362853,-0.360309868540364,2.07847080329875e-08,-1767818.69364132,887.692613487783,887.692586911173,0.183566673769897,0.00049187564260431,8013.11995076752,-1.32725839336422,6.13851906866773e-08,-2223621.30438099,"No MPA"
"4703","Octopus","MT",2025,534.287263370113,534.287150702594,2.02944445600764,2.82471905184074e-05,4824.88134057429,-0.113411779765375,5.85694786839078e-09,-1990907.97725767,315.864760777611,315.864260155525,22.307606855911,1.20811295604798e-05,2873.52423778123,-0.0734444106385462,4.23718625458289e-09,-1767818.40677586,887.712892014387,887.712886923841,0.0399045630890421,0.000101177949139948,8013.15974906212,-0.272832697458544,1.26265363068152e-08,-2223620.24995529,"No MPA"
"4704","Octopus","MT",2026,534.512074545596,534.512028822159,0.883047008953147,5.80912612187741e-06,4825.76433605068,-0.0233074544166515,1.20399360931544e-09,-1990907.88715335,318.335994851778,318.335687541213,13.4970959730142,2.48240949712071e-06,2887.02102396127,-0.014972364731024,8.63890551361463e-10,-1767818.34830381,887.717300966132,887.71729996747,0.0086687173128868,2.08249098306943e-05,8013.16839595586,-0.0561199193395144,2.59883872592653e-09,-2223620.03324251,"No MPA"
"4705","Octopus","MT",2027,534.609894929267,534.609876881347,0.3839224582891,1.19469769447739e-06,4826.14823926635,-0.00479123662176903,2.47566525035059e-10,-1990907.86863713,319.831201608497,319.831019433671,8.09860772062206,5.08553957411469e-07,2895.11944899851,-0.00305260330618335,1.76151837825466e-10,-1767818.33638405,887.718258890024,887.718258689074,0.00188212821245644,4.28891878257116e-06,8013.1702735942,-0.0115508019014783,5.35233826712068e-10,-2223619.9886734,"No MPA"
"4706","Octopus","MT",2028,534.65242466,534.652417686978,0.166859238914413,2.45738994933961e-07,4826.31509128651,-0.000985179436067716,5.09182444612288e-11,-1990907.86483107,320.728364805197,320.72825962543,4.83485910334961,1.03998986040433e-07,2899.9542028181,-0.000622440877880717,3.59221782508366e-11,-1767818.33395389,887.71846689936,887.718466858184,0.000408445634749306,8.83844367802721e-07,8013.17068111482,-0.00237890094555823,1.10298962548857e-10,-2223619.97950149,"No MPA"
"4707","Octopus","MT",2029,534.670908932076,534.670906282991,0.0725084524239858,5.05572183872956e-08,4826.38759703929,-0.000202626774064664,1.04753248589127e-11,-1990907.86404852,321.263970576947,321.263911073318,2.8776387717233,2.12459443201961e-08,2902.83178206494,-0.000126932596130159,7.32630379049677e-12,-1767818.33345838,887.718512045484,887.718512036965,8.85990564040353e-05,1.82247579031925e-07,8013.17076952311,-0.000490234908928479,2.27435039498649e-11,-2223619.97761283,"No MPA"
"4708","Octopus","MT",2030,534.678941295486,534.678940302543,0.031506167356864,1.04038752801109e-08,4826.4191022033,-4.16860653184042e-05,2.1556236575619e-12,-1990907.86388758,321.582755795553,321.582722666091,1.70961721797625,4.33786024165271e-09,2904.54136614912,-2.58878013231758e-05,1.49435471560355e-12,-1767818.33335734,887.718521839569,887.718521837801,1.92109327727143e-05,3.7601063445646e-08,8013.17078869467,-0.000101085806519392,4.69240760335399e-12,-2223619.97722368,"No MPA"
"4709","Octopus","MT",2031,534.682431514081,534.682431145918,0.0136894906715864,2.141477591216e-09,4826.43279132367,-8.57820348801096e-06,4.43699054349595e-13,-1990907.86385447,321.772147672978,321.772129462371,1.01459057644355,8.85413800396855e-10,2905.55593851407,-5.28036313853889e-06,3.04837735584923e-13,-1767818.33333673,887.718523963441,887.718523963075,4.16393994183217e-06,7.76220596021585e-09,8013.17079285048,-2.08558807889805e-05,9.68680958501282e-13,-2223619.97714345,"No MPA"
"4710","Octopus","MT",2032,534.683948028086,534.683947892772,0.00594800056403966,4.40899067931638e-10,4826.43873918848,-1.7656796240326e-06,9.1350918373329e-14,-1990907.86384766,321.884544463963,321.884534557931,0.601731595342104,1.80700343930543e-10,2906.1576602032,-1.077156308262e-06,6.21913152115287e-14,-1767818.33333252,887.718524423832,887.718524423757,9.02209847530543e-07,1.6032863457648e-09,8013.17079375101,-4.30540061750211e-06,2.00081389404033e-13,-2223619.9771269,"No MPA"
"4711","Octopus","MT",2033,534.684606946997,534.684606897616,0.00258434222170566,9.07970402080271e-11,4826.44132348123,-3.6352670466445e-07,1.88124298506893e-14,-1990907.86384626,321.951204654267,321.951199312052,0.356737226786589,3.68770047188526e-11,2906.51439208774,-2.19755468063922e-07,1.26892650591823e-14,-1767818.33333167,887.718524523595,887.71852452358,1.95419156486691e-07,3.31338662067713e-10,8013.17079394609,-8.89281997267222e-07,4.13492574407786e-14,-2223619.97712348,"No MPA"
"4712","Octopus","MT",2034,534.684893241225,534.684893223307,0.00112286091489629,1.87029514881031e-11,4826.4424463242,-7.48631841907666e-08,3.8751018058011e-15,-1990907.86384597,321.990724278938,321.990721418727,0.211443908047549,7.5259462148954e-12,2906.72583313556,-4.48380158841735e-08,2.58933733455484e-15,-1767818.33333149,887.718524545206,887.718524545203,4.23147689990361e-08,6.85113299182789e-11,8013.17079398833,-1.83780962097369e-07,8.54984021681406e-15,-2223619.97712278,"No MPA"
"4713","Octopus","MT",2035,534.685017632497,534.685017626025,0.000487865021397525,3.85348245084571e-12,4826.44293418275,-1.54207862837539e-08,7.9841052570477e-16,-1990907.86384591,322.014148231807,322.014146709805,0.125309250301289,1.53599577461938e-12,2906.85114086386,-9.14952465578911e-09,5.28428157395001e-16,-1767818.33333146,887.718524549886,887.718524549885,9.15952594925287e-09,1.41734677780374e-11,8013.17079399747,-3.80006306782005e-08,1.76877145669611e-15,-2223619.97712263,"No MPA"
"4714","Octopus","MT",2036,534.685071678652,534.685071676323,0.000211968674126539,7.94145590640618e-13,4826.44314614909,-3.17723732171952e-09,1.64540553254388e-16,-1990907.8638459,322.02803012632,322.028029320631,0.0742567746852928,3.13509659980775e-13,2906.92539683286,-1.86722149588168e-09,1.07851983103331e-16,-1767818.33333145,887.718524550899,887.718524550899,1.98206086273555e-09,2.93364442146229e-12,8013.17079399945,-7.8614838611683e-09,3.66102819580463e-16,-2223619.9771226,"No MPA"
"4715","Octopus","MT",2037,534.685095160799,534.685095159963,9.20963275943537e-05,1.63700136783616e-13,4826.44323824458,-6.54781431220635e-10,3.39173448907745e-17,-1990907.86384589,322.036256382933,322.036255958331,0.0440015670835893,6.3995403106896e-14,2906.96939797534,-3.81099181320705e-10,2.20148075322969e-17,-1767818.33333145,887.718524551118,887.718524551118,4.290903453216e-10,6.07506143797754e-13,8013.17079399988,-1.62718105652612e-09,7.58134525539723e-17,-2223619.9771226,"No MPA"
"4716","Octopus","MT",2038,534.685105363361,534.685105363061,4.00139868010823e-05,3.37519413720784e-14,4826.44327825827,-1.34972486668367e-10,6.99312924777229e-18,-1990907.86384589,322.041130936376,322.041130713463,0.026072801501015,1.30643073100131e-14,2906.99547055393,-7.77901788237046e-11,4.49413307228465e-18,-1767818.33333145,887.718524551166,887.718524551166,9.27031732834506e-11,1.25863552264135e-13,8013.17079399997,-3.36960567435763e-10,1.57070846859248e-17,-2223619.97712259,"No MPA"
"4717","Octopus","MT",2039,534.685109796174,534.685109796067,1.73852291764022e-05,6.96061940613115e-15,4826.44329564339,-2.78288305644232e-11,1.44218402762276e-18,-1990907.86384589,322.044019319962,322.044019203318,0.0154489769421666,2.66725963907247e-15,2907.01091941423,-1.58801939547357e-11,9.1753140527675e-19,-1767818.33333145,887.718524551176,887.718524551176,2.00966807134664e-11,2.60885365012615e-14,8013.17079399999,-6.98117285288241e-11,3.25570703182763e-18,-2223619.97712259,"No MPA"
"4718","Octopus","MT",2040,534.68511172214,534.685111722102,7.55350034610514e-06,1.43580357478395e-15,4826.44330319686,-5.73910384398094e-12,2.97486883577394e-19,-1990907.86384589,322.045730782231,322.045730721366,0.00915392157604721,5.44610839993923e-16,2907.02007327494,-3.24213288637185e-12,1.87343926496079e-19,-1767818.33333145,887.718524551178,887.718524551178,4.81145329581479e-12,5.40996240329586e-15,8013.170794,-1.44703196054585e-11,6.7513379439593e-19,-2223619.97712259,"No MPA"
"4719","Octopus","MT",2041,534.685112558931,534.685112558918,3.28182544965108e-06,2.9623663960903e-16,4826.44330647867,-1.1838351308644e-12,6.13778347738623e-20,-1990907.86384589,322.046744869155,322.046744837472,0.00542390223677192,1.11211497478879e-16,2907.02549714549,-6.61987045376695e-13,3.82561849169598e-20,-1767818.33333145,887.718524551178,887.718524551178,6.97870461892156e-13,1.12234925596594e-15,8013.170794,-3.00070051938023e-12,1.40063064274921e-19,-2223619.97712259,"No MPA"
"4720","Octopus","MT",2042,534.685112922498,534.685112922493,1.4258773794746e-06,6.11332796106594e-17,4826.44330790454,-2.44250221011025e-13,1.26663208762027e-20,-1990907.86384589,322.04734573871,322.047345722251,0.00321376990570852,2.27120107168378e-17,2907.02871089894,-1.35179716077108e-13,7.81280065802875e-21,-1767818.33333145,887.718524551179,887.718524551179,0,2.32940806316879e-16,8013.170794,-6.22524473229473e-13,2.90697418419307e-20,-2223619.97712259,"No MPA"
"4721","Octopus","MT",2043,534.68511308046,534.685113080458,6.19510271158596e-07,1.26185766950366e-17,4826.44330852405,-5.0405031145315e-14,2.61446698739224e-21,-1990907.86384589,322.047701766123,322.047701757587,0.00190421772681451,4.63878109080556e-18,2907.03061510813,-2.76068347201552e-14,1.59571216941578e-21,-1767818.33333145,887.718524551179,887.718524551179,0,4.83661500952002e-17,8013.170794,-1.29203411482873e-13,6.03583167494885e-21,-2223619.97712259,"No MPA"
"4722","Octopus","MT",2044,534.685113149091,534.68511314909,2.69162263586508e-07,2.6051658295151e-18,4826.44330879321,-1.0404149019743e-14,5.3976927998182e-22,-1990907.86384589,322.047912719042,322.047912714622,0.0011282821340523,9.47533084842093e-19,2907.03174338584,-5.63851095568402e-15,3.25945340898506e-22,-1767818.33333145,887.718524551179,887.718524551179,0,1.00464024324796e-17,8013.170794,-2.68268651225139e-14,1.25373621638042e-21,-2223619.97712259,"No MPA"
"4723","Octopus","MT",2045,534.685113178909,534.685113178909,1.16944541507703e-07,5.37961588703669e-19,4826.44330891016,-2.14798658858242e-15,1.11461288216846e-22,-1990907.86384589,322.048037712388,322.048037710102,0.000668526055741889,1.93565009983135e-19,2907.03241190961,-1.1517405271527e-15,6.6585103662426e-23,-1767818.33333145,887.718524551179,887.718524551179,0,2.08760122769485e-18,8013.170794,-5.57235757843318e-15,2.60521244506355e-22,-2223619.97712259,"No MPA"
"4724","Octopus","MT",2046,534.685113191864,534.685113191864,5.08094290670304e-08,1.11110888897475e-19,4826.44330896096,-4.4355498009069e-16,2.30212771156664e-23,-1990907.86384589,322.048111773075,322.048111771894,0.00039611257747265,3.95458587849776e-20,2907.03280802101,-2.35281051021647e-16,1.36035149188508e-23,-1767818.33333145,887.718524551179,887.718524551179,0,4.33957659240796e-19,8013.170794,-1.15791305395882e-15,5.41555484585115e-23,-2223619.97712259,"No MPA"
"4725","Octopus","MT",2047,534.685113197493,534.685113197493,2.20754070494228e-08,2.29535574874748e-20,4826.44330898304,-9.16120948901638e-17,4.75579138055103e-24,-1990907.86384589,322.048155655258,322.048155654648,0.000234703024624812,8.08009656365425e-21,2907.03304272342,-4.80685485399804e-17,2.77949961258148e-24,-1767818.33333145,887.718524551179,887.718524551179,0,9.02412380194272e-20,8013.170794,-2.40699819407168e-16,1.12616142023326e-23,-2223619.97712259,"No MPA"
"4726","Octopus","MT",2048,534.685113199939,534.685113199939,9.59113968508951e-09,4.74274730555284e-21,4826.44330899263,-1.89254492287211e-17,9.82658865323369e-25,-1990907.86384589,322.048181656161,322.048181655847,0.000139065230884376,1.6510991604904e-21,2907.03318178834,-9.82146988001482e-18,5.67967111561884e-25,-1767818.33333145,887.718524551179,887.718524551179,0,1.87722248960465e-20,8013.170794,-5.00533847757316e-17,2.34267125693895e-24,-2223619.97712259,"No MPA"
"4727","Octopus","MT",2049,534.685113201001,534.685113201001,4.16730654772368e-09,9.80155856305662e-22,4826.4433089968,-3.91044496629607e-18,2.03080362402566e-25,-1990907.86384589,322.048197062111,322.048197061948,8.23983086327085e-05,3.37419751778946e-22,2907.03326418648,-2.0069338573157e-18,1.16070141164124e-25,-1767818.33333145,887.718524551179,887.718524551179,0,3.90638218107726e-21,8013.170794,-1.04122396416603e-17,4.87495185301957e-25,-2223619.97712259,"No MPA"
"4728","Octopus","MT",2050,534.685113201463,534.685113201463,1.81062075499349e-09,2.02602146589041e-22,4826.44330899861,-8.08148798056551e-19,4.19775253987502e-26,-1990907.86384589,322.048206190377,322.048206190294,4.88222649509989e-05,6.89617467269259e-23,2907.03331300867,-4.10138353752885e-19,2.37223796426789e-26,-1767818.33333145,887.718524551179,887.718524551179,0,8.13162550771777e-22,8013.170794,-2.16672171927017e-18,1.01478250205355e-25,-2223619.97712259,"No MPA"
"4729","Octopus","MT",2051,534.685113201664,534.685113201664,7.86673051040145e-10,4.18866164596321e-23,4826.4433089994,-1.67047597783683e-19,8.67856800089976e-27,-1990907.86384589,322.048211599017,322.048211598974,2.8927936727124e-05,1.40956813621265e-23,2907.03334193656,-8.38239502086481e-20,4.84882003210973e-27,-1767818.33333145,887.718524551179,887.718524551179,0,1.69324252093662e-22,8013.170794,-4.51030359648134e-19,2.11307429289348e-26,-2223619.97712259,"No MPA"
"4730","Octopus","MT",2052,534.685113201751,534.685113201751,3.41820955921967e-10,8.6613869897198e-24,4826.44330899974,-3.4535955204158e-20,1.79456929983405e-27,-1990907.86384589,322.04821480372,322.048214803697,1.71402408851765e-05,2.88140046899874e-24,2907.03335907678,-1.71334939859331e-20,9.91182463383539e-28,-1767818.33333145,887.718524551179,887.718524551179,0,3.52692106892138e-23,8013.170794,-9.39177268388371e-20,4.40140508618913e-27,-2223619.97712259,"No MPA"
"4731","Octopus","MT",2053,534.685113201789,534.685113201789,1.48486053547674e-10,1.79134456840245e-24,4826.44330899989,-7.14140454316893e-21,3.7115209973816e-28,-1990907.86384589,322.048216702555,322.048216702543,1.01558509610852e-05,5.89061387015811e-25,2907.03336923262,-3.50238174706924e-21,2.02633170746582e-28,-1767818.33333145,887.718524551179,887.718524551179,0,7.3485699928316e-24,8013.170794,-1.95624906318719e-20,9.1706144568065e-28,-2223619.97712259,"No MPA"
"4732","Octopus","MT",2054,534.685113201805,534.685113201805,6.42429456165465e-11,3.70551821489163e-25,4826.44330899995,-1.47698241105645e-21,7.67753390572709e-29,-1990907.86384589,322.048217827643,322.048217827637,6.01749398795844e-06,1.2043605665224e-25,2907.0333752501,-7.16012182206558e-22,4.14291964883885e-29,-1767818.33333145,887.718524551179,887.718524551179,0,1.53156810489477e-24,8013.170794,-4.07597246530916e-21,1.91131344166726e-28,-2223619.97712259,"No MPA"
"4733","Octopus","MT",2055,534.685113201812,534.685113201812,2.78790141354828e-11,7.66647149846098e-26,4826.44330899998,-3.05523868706341e-22,1.58843086049828e-29,-1990907.86384589,322.048218494275,322.048218494272,3.56545502465841e-06,2.46258477266239e-26,2907.03337881556,-1.46391675535578e-22,8.47112659121269e-30,-1767818.33333145,887.718524551179,887.718524551179,0,3.19295031511516e-25,8013.170794,-8.49502614847023e-22,3.98462780489583e-29,-2223619.97712259,"No MPA"
"4734","Octopus","MT",2056,534.685113201815,534.685113201815,1.21213104936883e-11,1.5864174555819e-26,4826.44330899999,-6.32108627107415e-23,3.28692860148937e-30,-1990907.86384589,322.048218889264,322.048218889263,2.11258518379343e-06,5.03575037298716e-27,2907.03338092814,-2.9933054958193e-23,1.73226437979151e-30,-1767818.33333145,887.718524551179,887.718524551179,0,6.65834786784969e-26,8013.170794,-1.77100817985062e-22,8.30925489924069e-30,-2223619.97712259,"No MPA"
"4735","Octopus","MT",2057,534.685113201817,534.685113201817,5.15155695981752e-12,3.28332185133238e-27,4826.443309,-1.30801785419592e-23,6.80277720285223e-31,-1990907.86384589,322.048219123302,322.048219123301,1.25173807960929e-06,1.0298528811679e-27,2907.03338217988,-6.12102349363831e-24,3.54262489011769e-31,-1767818.33333145,887.718524551179,887.718524551179,0,1.38885050031289e-26,8013.170794,-3.69313248703886e-23,1.73320965697226e-30,-2223619.97712259,"No MPA"
"4736","Octopus","MT",2058,534.685113201817,534.685113201817,2.42426209873766e-12,6.79644976330052e-28,4826.443309,-2.70713335100001e-24,1.40816939683659e-31,-1990907.86384589,322.048219261972,322.048219261972,7.41673305642644e-07,2.10631743333865e-28,2907.03338292155,-1.25180026989659e-24,7.24559080143484e-32,-1767818.33333145,887.718524551179,887.718524551179,0,2.8977142549995e-27,8013.170794,-7.70342584098445e-24,3.61618930819397e-31,-2223619.97712259,"No MPA"
"4737","Octopus","MT",2059,534.685113201817,534.685113201817,9.09098287026623e-13,1.40709075486598e-28,4826.443309,-5.60374421263654e-25,2.9153781879964e-32,-1990907.86384589,322.048219344136,322.048219344136,4.39452343511229e-07,4.30833775562292e-29,2907.033383361,-2.56025766264339e-25,1.48203931228787e-32,-1767818.33333145,887.718524551179,887.718524551179,0,6.04732224963934e-28,8013.170794,-1.60725195884821e-24,7.54672826163568e-32,-2223619.97712259,"No MPA"
"4738","Octopus","MT",2060,534.685113201818,534.685113201818,6.06065524684415e-13,2.91361479606167e-29,4826.443309,-1.16016110599565e-25,6.0367740995291e-33,-1990907.86384589,322.04821939282,322.04821939282,2.60381902055038e-07,8.81317911470433e-30,2907.03338362138,-5.23684349504254e-26,3.03167454668679e-33,-1767818.33333145,887.718524551179,887.718524551179,0,1.26233532372933e-28,8013.170794,-3.35421980091715e-25,1.57532561851113e-32,-2223619.97712259,"No MPA"
"4739","Octopus","MT",2061,534.685113201818,534.685113201818,3.03032762342208e-13,6.03407745190897e-30,4826.443309,-2.40230600091332e-26,1.25021202272428e-33,-1990907.86384589,322.048219421666,322.048219421666,1.54280019862113e-07,1.80298465155865e-30,2907.03338377566,-1.07125398073234e-26,6.20214635895448e-34,-1767818.33333145,887.718524551179,887.718524551179,0,2.63564619367605e-29,8013.170794,-7.00169424327044e-26,3.28914266453616e-33,-2223619.97712259,"No MPA"
"4740","Octopus","MT",2062,534.685113201818,534.685113201818,3.03032762342208e-13,1.24984759946205e-30,4826.443309,-4.97516023473333e-27,2.58958309347884e-34,-1990907.86384589,322.048219438757,322.048219438757,9.14132271544074e-08,3.68882190134304e-31,2907.03338386708,-2.19155251455847e-27,1.26893001020579e-34,-1767818.33333145,887.718524551179,887.718524551179,0,5.50423580763618e-30,8013.170794,-1.46189276610278e-26,6.86898600958009e-34,-2223619.97712259,"No MPA"
"4741","Octopus","MT",2063,534.685113201818,534.685113201818,3.03032762342208e-13,2.58922267262455e-31,4826.443309,-1.03051247284757e-27,5.3646598682644e-35,-1990907.86384589,322.048219448884,322.048219448884,5.41636951644544e-08,7.54777970626933e-32,2907.03338392124,-4.48381349571046e-28,2.59638563084848e-35,-1767818.33333145,887.718524551179,887.718524551179,0,1.14974465018466e-30,8013.170794,-3.05299039355668e-27,1.43481860020449e-34,-2223619.97712259,"No MPA"
"4742","Octopus","MT",2064,534.685113201818,534.685113201818,3.03032762342208e-13,5.36471489388495e-32,4826.443309,-2.13484128806406e-28,1.11152551691247e-35,-1990907.86384589,322.048219454885,322.048219454885,3.20928642138582e-08,1.54449412313574e-32,2907.03338395333,-9.17442950992938e-29,5.31295626558096e-36,-1767818.33333145,887.718524551179,887.718524551179,0,2.40213390947974e-31,8013.170794,-6.37719657138819e-28,2.99773207289976e-35,-2223619.97712259,"No MPA"
"4743","Octopus","MT",2065,534.685113201818,534.685113201818,3.03032762342208e-13,1.11169987325317e-32,4826.443309,-4.42326377535876e-29,2.30335218312863e-36,-1990907.86384589,322.04821945844,322.04821945844,1.90153633260577e-08,3.16073776189088e-33,2907.03338397235,-1.87735374009064e-29,1.08727260558409e-36,-1767818.33333145,887.718524551179,887.718524551179,0,5.01974421067404e-32,8013.170794,-1.33237237756133e-28,6.26436692754966e-36,-2223619.97712259,"No MPA"
"4744","Octopus","MT_20",2015,302.940413155689,302.940413155689,818.371733355701,143.609101046154,3409.31553830955,-1019944.03080996,0.0525164829435392,-3415824.70261648,137.548252728077,137.548252728077,327.336232867342,51.6909226911337,1517.25243117621,-722875.796242067,0.0416322698354867,-2872810.63968585,383.583878028088,383.583878028088,1736.53679745546,395.358049989634,4803.67619846582,-2482804.6014808,0.114182914380327,-5130700.73909714,"No MPA"
"4745","Octopus","MT_20",2016,377.692256561374,377.691814752245,796.31765108359,44.1739349989727,4161.45881258504,-251558.812020228,0.0129571314154384,-2647439.48382675,168.084909731856,168.084808612877,351.553826145225,15.6409810257202,1853.16517517673,-178967.516101462,0.0103088308061094,-2328902.35954524,532.16291739553,532.161002737418,1881.9752610987,133.634876429413,6552.01466847699,-604509.318451542,0.0278223815367678,-3252405.45606788,"No MPA"
"4746","Octopus","MT_20",2017,461.016515441626,461.013317600835,667.236817476231,13.3066980448876,4815.38573417559,-62061.0882283462,0.0031977293775571,-2457941.76003487,205.298139444289,205.297391659007,357.266279771837,4.73091645515774,2205.69979070813,-44312.771822657,0.00255292059940256,-2194247.61526644,725.848099817511,725.834002007593,1629.56488912324,44.4402221241052,8137.12523766621,-147281.841718821,0.00678394441682878,-2795177.97933516,"No MPA"
"4747","Octopus","MT_20",2018,533.46012820392,533.453900116443,465.486790943806,3.80108819170941,5277.06520884021,-15315.2188219941,0.000789392994525133,-2411195.89062852,244.352780459438,244.351083055245,335.143269506999,1.39461031102686,2539.44675249991,-10973.1414261318,0.000632286120544237,-2160907.98486991,901.450498905865,901.422590224113,968.362387349761,13.4667407239153,9091.9929756103,-35908.2785672214,0.00165524294041863,-2683804.41618356,"No MPA"
"4748","Octopus","MT_20",2019,584.60610182671,584.598886507924,272.900324135185,1.02859303282047,5548.92972462378,-3780.54379395979,0.000194922699427965,-2399661.21560048,281.326079558102,281.323518989106,287.663366438555,0.39771384166345,2826.70984452781,-2717.58324828641,0.000156616754603684,-2152652.42669207,1007.23306628905,1007.2056046075,371.598446859044,3.67411109759076,9459.88984969021,-8760.8929049254,0.000404136634091392,-2656657.03052127,"No MPA"
"4749","Octopus","MT_20",2020,614.723913244124,614.71797975659,140.076486451453,0.267147487732099,5688.73313009997,-933.493616872201,4.81446458290421e-05,-2396814.1654234,313.149782655003,313.146772796657,226.128671937578,0.109669718181448,3052.72583688886,-673.110512086031,3.87981252710027e-05,-2150607.95395587,1047.98957562113,1047.97462862732,101.850950118644,0.934012044136427,9560.79184077091,-2138.97124974311,9.8736362415134e-05,-2650035.10886608,"No MPA"
"4750","Octopus","MT_20",2021,630.211674085248,630.207843469144,66.1694890090685,0.0676646233482272,5754.83112386959,-230.563589219683,1.18945750852934e-05,-2396111.23539574,338.188383281605,338.185440964951,164.273480794571,0.0293437082169845,3216.96703165856,-166.740971081465,9.61237910724782e-06,-2150101.58441486,1059.16774328398,1059.16259540978,23.9968562775789,0.230778562497641,9584.55277061179,-522.578013951101,2.41381671192244e-05,-2648418.71563029,"No MPA"
"4751","Octopus","MT_20",2022,637.534170387073,637.53207657577,29.9016729137842,0.0169159207910509,5784.71378705128,-56.9624585098019,2.93943754096725e-06,-2395937.63426503,356.383421780055,356.380932418303,111.898700698238,0.00766200750375336,3328.85558098754,-41.309547393651,2.38176190094411e-06,-2149976.15299117,1061.80003680705,1061.79870614606,5.42094186014332,0.0565948436360097,9589.9157869673,-127.754927809877,5.90480711804491e-06,-2648023.89254415,"No MPA"
"4752","Octopus","MT_20",2023,640.844644399329,640.843621350945,13.225858445602,0.00420314501727077,5797.93441930348,-14.0767598843751,7.26595929287038e-07,-2395894.74856641,368.778707052006,368.776826084834,72.6391964081218,0.001964745545311,3401.49093168294,-10.2355147287419,5.90218461456213e-07,-2149945.07895851,1062.39416478568,1062.39386165605,1.2154387101635,0.0138609151753355,9591.11706163265,-31.252081092135,1.44536425824561e-06,-2647927.38969743,"No MPA"
"4753","Octopus","MT_20",2024,642.309258153144,642.308794984139,5.79269041563087,0.00104161513700018,5803.72560493497,-3.47961215769538,1.7965286959523e-07,-2395884.15141868,376.82542763331,376.824124360111,45.6000717279498,0.000497556541348956,3447.08920258115,-2.53640621415084,1.46276291242061e-07,-2149937.37984999,1062.52724491101,1062.52717700468,0.272792802006422,0.00339534540816078,9591.38639118292,-7.64980747667726,3.54009427627564e-07,-2647903.78742382,"No MPA"
"4754","Octopus","MT_20",2025,642.95081976419,642.950620988281,2.52593407049991,0.000257865757488231,5806.2510823638,-0.860343299335648,4.4431079847894e-08,-2395881.53214982,381.876914841613,381.876068819398,28.001125769525,0.000124978008727522,3475.08935735045,-0.628603242036322,3.62561370268405e-08,-2149935.47204702,1062.55708189279,1062.55706619629,0.0614162150595689,0.000832137755756437,9591.44695956373,-1.87364804792107,8.67588640818386e-08,-2647898.01126439,"No MPA"
"4755","Octopus","MT_20",2026,643.230598288141,643.230516240213,1.09928964174271,6.38183968522043e-05,5807.35022613922,-0.21277685152411,1.09913263102054e-08,-2395880.88458338,384.978839999332,384.978316858644,16.9555356943304,3.1232089348355e-05,3492.04433867201,-0.155805273472202,8.98742552361634e-09,-2149934.99924905,1062.56379180513,1062.56378804052,0.0138789950967705,0.000204058159498762,9591.46063073605,-0.459184312701249,2.12750133190277e-08,-2647896.59680065,"No MPA"
"4756","Octopus","MT_20",2027,643.352364105402,643.352331221272,0.47799444435222,1.57943169689479e-05,5807.82817190512,-0.0526365677262891,2.71971151344725e-09,-2395880.72444309,386.857154013784,386.856842077017,10.1787745101591,7.78062783008257e-06,3502.22279346477,-0.0386219933697871,2.2281017570378e-09,-2149934.88206577,1062.56530633081,1062.56530540552,0.00314906391404589,5.00682985622173e-05,9591.46372880638,-0.112601201775564,5.22009114698612e-09,-2647896.25021754,"No MPA"
"4757","Octopus","MT_20",2028,643.405312098279,643.40529921713,0.207760391636421,3.90946916759087e-06,5808.03591550614,-0.0130244765953324,6.73137888803482e-10,-2395880.684831,387.984747959193,387.984567007153,6.07853666583144,1.93474681977541e-06,3508.30114724382,-0.00957488695842251,5.52434048911534e-10,-2149934.85301867,1062.56564954257,1062.56564931272,0.000717513878532719,1.22918902421475e-05,9591.46443379852,-0.0276281160251706,1.28154477783967e-09,-2647896.16524446,"No MPA"
"4758","Octopus","MT_20",2029,643.428326439009,643.428321484461,0.0902867613846902,9.67880871968522e-07,5808.1261963451,-0.00322360237422765,1.66645125538945e-10,-2395880.67503013,388.658122755157,388.658019987808,3.61851484907897,4.80582713461984e-07,3511.91955884496,-0.00237398858756535,1.36984463884037e-10,-2149934.84581777,1062.56572764331,1062.56572758615,0.000164193859807524,3.01937426831613e-06,9591.46459491585,-0.00678276811938239,3.14798046736e-10,-2647896.14439911,"No MPA"
"4759","Octopus","MT_20",2030,643.438327969641,643.438326091836,0.0392326635582942,2.39675430069334e-07,5808.16542689117,-0.000798049888913472,4.1265534212862e-11,-2395880.67260457,389.058979181454,389.058921780877,2.15001198538714,1.19303160218035e-07,3514.06951331047,-0.000588666386417656,3.39709276113707e-11,-2149934.84403245,1062.56574549228,1062.56574547813,3.773932451888e-05,7.42083461114978e-07,9591.46463189894,-0.00166611591911961,7.73691498128121e-11,-2647896.13928246,"No MPA"
"4760","Octopus","MT_20",2031,643.442674024826,643.442673321649,0.0170471719026184,5.9364450853757e-08,5808.18247330054,-0.000197617270567979,1.02208608928219e-11,-2395880.67200414,389.297156359382,389.297124722992,1.27603368310816,2.96073000144344e-08,3515.34551532758,-0.000145983970560734,8.42535997741652e-12,-2149934.84358976,1062.56574958936,1062.56574958588,8.71277603201481e-06,1.82482423765909e-07,9591.46464042576,-0.000409487839864783,1.90255013986737e-11,-2647896.13802583,"No MPA"
"4761","Octopus","MT_20",2032,643.444562467461,643.44456220674,0.00740706553595451,1.4707258653101e-08,5808.18988009064,-4.89468673434834e-05,2.53216194948342e-12,-2395880.67185547,389.438514962246,389.438497714267,0.756819454521346,7.3465299546676e-09,3516.10231752678,-3.6206466071765e-05,2.08984579213557e-12,-2149934.84347999,1062.56575053398,1062.56575053313,2.02041848569582e-06,4.48969361107302e-08,9591.46464240043,-0.000100695322217344,4.68092598931588e-12,-2647896.13771704,"No MPA"
"4762","Octopus","MT_20",2033,643.44538300966,643.445382913778,0.00321835085856393,3.64450964455617e-09,5808.19309834198,-1.21263165832524e-05,6.27477703022676e-13,-2395880.67181865,389.522355348146,389.52234602881,0.448693062264844,1.82282920738829e-09,3516.55100126788,-8.98073450925836e-06,5.18423257530553e-13,-2149934.84345276,1062.56575075274,1062.56575075253,4.70574979598855e-07,1.10518401078867e-08,9591.46464285975,-2.47745034883814e-05,1.15225781670995e-12,-2647896.13764112,"No MPA"
"4763","Octopus","MT_20",2034,643.44573953536,643.445739500335,0.00139835041952735,9.03332812685369e-10,5808.19449665647,-3.0049394253137e-06,1.55527338261807e-13,-2395880.67180953,389.572061622838,389.572056625239,0.265952147002446,4.52288796464636e-10,3516.81694841684,-2.22783006488374e-06,1.28617158557014e-13,-2149934.84344601,1062.56575080362,1062.56575080357,1.10073965518534e-07,2.72188348431717e-09,9591.46464296706,-6.09849746925107e-06,2.83781839965862e-13,-2647896.13762244,"No MPA"
"4764","Octopus","MT_20",2035,643.445894444036,643.445894431312,0.000607568486397799,2.23952924049703e-10,5808.195104212,-7.44807708925581e-07,3.85580965271558e-14,-2395880.67180727,389.601523893985,389.601521230976,0.15761458004495,1.12229503254908e-10,3516.97456033376,-5.52708922040192e-07,3.19122391230931e-14,-2149934.84344433,1062.56575081551,1062.5657508155,2.58559879958263e-08,6.70681503704231e-10,9591.46464299223,-1.50195798870146e-06,6.99248267777414e-14,-2647896.13761784,"No MPA"
"4765","Octopus","MT_20",2036,643.445961750514,643.445961745912,0.000263980465062043,5.5534747456521e-11,5808.19536818781,-1.84651572219385e-07,9.56144662157118e-15,-2395880.67180671,389.618984524981,389.61898311365,0.0934012633410313,2.7850213745066e-11,3517.06796018574,-1.37137058649469e-07,7.91879875349271e-15,-2149934.84344392,1062.5657508183,1062.56575081829,6.09813165914381e-09,1.65336905411522e-10,9591.46464299816,-3.70087642676601e-07,1.7237920543483e-14,-2647896.13761671,"No MPA"
"4766","Octopus","MT_20",2037,643.445990994395,643.445990992737,0.000114695447863219,1.37743388393855e-11,5808.19548288159,-4.57889862398619e-08,2.37153504078657e-15,-2395880.67180657,389.629331587452,389.629330842942,0.0553461308916466,6.91170957251355e-12,3517.12330557212,-3.40296006112736e-08,1.96519079334551e-15,-2149934.84344381,1062.56575081895,1062.56575081895,1.44363790551870e-09,4.07778932670975e-11,9591.46464299956,-9.12342821936732e-08,4.25147720237555e-15,-2647896.13761643,"No MPA"
"4767","Octopus","MT_20",2038,643.44600370045,643.446003699854,4.98332032040385e-05,3.41722339487096e-12,5808.19553271419,-1.13570874415246e-08,5.8834510734754e-16,-2395880.67180654,389.635462883788,389.635462492603,0.0327950770591129,1.71546094952971e-12,3517.15610025799,-8.44505073048558e-09,4.87745467186835e-16,-2149934.84344379,1062.56575081911,1062.56575081911,3.42860120680937e-10,1.00618102403101e-11,9591.46464299989,-2.2501581315627e-08,1.04903793266379e-15,-2647896.13761636,"No MPA"
"4768","Octopus","MT_20",2039,643.446009221027,643.446009220813,2.16515987950071e-05,8.47952174503725e-13,5808.19555436557,-2.8175366228993e-09,1.45992360230944e-16,-2395880.67180653,389.639095958747,389.63909575391,0.0194322060211272,4.25810365243856e-13,3517.17553225917,-2.09599760242296e-09,1.21066666688439e-16,-2149934.84344378,1062.56575081915,1062.56575081915,8.21441842422467e-11,2.48381191335841e-12,9591.46464299997,-5.55219073780334e-09,2.58960649474026e-16,-2647896.13761635,"No MPA"
"4769","Octopus","MT_20",2040,643.44601161962,643.446011619543,9.40719030195044e-06,2.10457031354467e-13,5808.19556377269,-6.99145478523202e-10,3.62344947556538e-17,-2395880.67180653,389.641248683039,389.641248576093,0.0115141188421309,1.0570426364485e-13,3517.18704627107,-5.20262020564875e-10,3.00537356409893e-17,-2149934.84344378,1062.56575081915,1062.56575081916,1.92329245796539e-11,6.13405219178052e-13,9591.46464299999,-1.37058811192295e-09,6.39532378014578e-17,-2647896.13761634,"No MPA"
"4770","Octopus","MT_20",2041,643.446012661763,643.446012661735,4.08722822247572e-06,5.22454316662136e-14,5808.19556785989,-1.73524033277422e-10,8.99512268355477e-18,-2395880.67180652,389.642524233244,389.642524177548,0.00682238630861739,2.62427923904049e-14,3517.19386860168,-1.29150472441383e-10,7.46130133135796e-18,-2149934.84344378,1062.56575081916,1062.56575081916,5.18905517607271e-12,1.51550506113275e-13,9591.464643,-3.38482111578312e-10,1.58005593258251e-17,-2647896.13761634,"No MPA"
"4771","Octopus","MT_20",2042,643.446013114553,643.446013114543,1.77581227161114e-06,1.29725304949984e-14,5808.19556963569,-4.30769071957724e-11,2.23348720672957e-18,-2395880.67180652,389.643280027601,389.643279998657,0.00404240678017543,6.51581806742404e-15,3517.19791097952,-3.20635877806966e-11,1.85256153368802e-18,-2149934.84344378,1062.56575081916,1062.56575081916,8.35771046262997e-13,3.74579085181082e-14,9591.464643,-8.36268321758334e-11,3.90533770516952e-18,-2647896.13761634,"No MPA"
"4772","Octopus","MT_20",2043,643.446013311281,643.446013311277,7.7155078808973e-07,3.22174576209055e-15,5808.19557040724,-1.06959876492974e-11,5.54689614608248e-19,-2395880.67180652,389.643727852037,389.643727837022,0.00239520394238203,1.6179651237104e-15,3517.20030616844,-7.96104683031297e-12,4.60015377203652e-19,-2149934.84344378,1062.56575081916,1062.56575081916,8.35771046262997e-13,9.26191907378556e-15,9591.464643,-2.06695860649927e-11,9.65641788665202e-19,-2647896.13761634,"No MPA"
"4773","Octopus","MT_20",2044,643.446013396754,643.446013396753,3.35221167536135e-07,8.0028873577093e-16,5808.19557074246,-2.65636321943852e-12,1.37786120675482e-19,-2395880.67180652,389.643993196884,389.643993189108,0.00141920185142924,4.01800525114467e-16,3517.20172536252,-1.97683255994804e-12,1.14238738240432e-19,-2149934.84344378,1062.56575081916,1062.56575081916,8.35771046262997e-13,2.29099927612143e-15,9591.464643,-5.11080412645199e-12,2.38858126615046e-19,-2647896.13761634,"No MPA"
"4774","Octopus","MT_20",2045,643.446013433891,643.44601343389,1.45645957593818e-07,1.98833563948179e-16,5808.1955708881,-6.59846468136871e-13,3.42332763293579e-20,-2395880.67180652,389.644150418651,389.644150414628,0.000840901797297511,9.97913178566382e-17,3517.20256626029,-4.90920235492459e-13,2.83723612260214e-20,-2149934.84344378,1062.56575081916,1062.56575081916,8.35771046262997e-13,5.66905543077742e-16,9591.464643,-1.26419249194695e-12,5.91052111620386e-20,-2647896.13761634,"No MPA"
"4775","Octopus","MT_20",2046,643.446013450026,643.446013450026,6.32794785711332e-08,4.94104631081613e-17,5808.19557095138,-1.63940361829924e-13,8.50702468694699e-21,-2395880.67180652,389.644243575349,389.64424357327,0.000498248491775307,2.47865264227308e-17,3517.20306450671,-1.21925070839489e-13,7.04722743595111e-21,-2149934.84344378,1062.56575081916,1062.56575081916,8.35771046262997e-13,1.40330990458446e-16,9591.464643,-3.12823202814492e-13,1.46308197633676e-20,-2647896.13761634,"No MPA"
"4776","Octopus","MT_20",2047,643.446013457036,643.446013457036,2.74934293433749e-08,1.22809811736831e-17,5808.19557097888,-4.07394457911746e-14,2.11442280544136e-21,-2395880.67180652,389.644298772297,389.644298771223,0.000295220429950968,6.15713887887966e-18,3517.20335972606,-3.02841803483747e-14,1.75057816280654e-21,-2149934.84344378,1062.56575081916,1062.56575081916,8.35771046262997e-13,3.47495397197556e-17,9591.464643,-7.74358099428936e-14,3.6229648977663e-21,-2647896.13761634,"No MPA"
"4777","Octopus","MT_20",2048,643.446013460082,643.446013460082,1.19448667549222e-08,3.05302809156187e-18,5808.19557099082,-1.01257979648364e-14,5.2564140691415e-22,-2395880.67180652,389.644331477414,389.64433147686,0.000174922870896773,1.52961558836944e-18,3517.20353464838,-7.52279180366241e-15,4.34895407494668e-22,-2149934.84344378,1062.56575081916,1062.56575081916,8.35771046262997e-13,8.60780931694713e-18,9591.464643,-1.91750855926498e-14,8.97444721670245e-22,-2647896.13761634,"No MPA"
"4778","Octopus","MT_20",2049,643.446013461405,643.446013461405,5.19002609848643e-09,7.59120658147417e-19,5808.19557099601,-2.51725372743227e-15,1.30698191696379e-22,-2395880.67180652,389.644350855733,389.644350855448,0.000103644581991535,3.800365921595e-19,3517.20363829268,-1.86888405006128e-15,1.08050781939614e-22,-2149934.84344378,1062.56575081916,1062.56575081916,8.35771046262997e-13,2.13294652312283e-18,9591.464643,-4.74986091179313e-15,2.22379647166764e-22,-2647896.13761634,"No MPA"
"4779","Octopus","MT_20",2050,643.44601346198,643.44601346198,2.25477314270449e-09,1.88786867093015e-19,5808.19557099827,-6.25902955681916e-16,3.25035313954899e-23,-2395880.67180652,389.6443623377,389.644362337553,6.1411042014307e-05,9.44295624815284e-20,3517.20369970357,-4.64328616674427e-16,2.68479087913631e-23,-2149934.84344378,1062.56575081916,1062.56575081916,8.35771046262997e-13,5.28696913800879e-19,9591.464643,-1.17697766575519e-15,5.51216037882943e-23,-2647896.13761634,"No MPA"
"4780","Octopus","MT_20",2051,643.44601346223,643.44601346223,9.7914699792397e-10,4.69583033075772e-20,5808.19557099925,-1.55656754745297e-16,8.08483508063182e-24,-2395880.67180652,389.644369140948,389.644369140872,3.63869963896617e-05,2.34654922323246e-20,3517.20373609049,-1.15374013272135e-16,6.67163298909948e-24,-2149934.84344378,1062.56575081916,1062.56575081916,8.35771046262997e-13,1.31089797992967e-19,9591.464643,-2.91739362778903e-16,1.36673389176947e-23,-2647896.13761634,"No MPA"
"4781","Octopus","MT_20",2052,643.446013462338,643.446013462338,4.25573387924568e-10,1.16823807156064e-20,5808.19557099967,-3.87176142798041e-17,2.01136145861503e-24,-2395880.67180652,389.64437317198,389.644373171941,2.15598555552684e-05,5.83163274687251e-21,3517.20375765031,-2.86701314060659e-17,1.65803097700409e-24,-2149934.84344378,1062.56575081916,1062.56575081916,8.35771046262997e-13,3.25133903109636e-20,9591.464643,-7.23364429316242e-17,3.38982538341445e-24,-2647896.13761634,"No MPA"
"4782","Octopus","MT_20",2053,643.446013462386,643.446013462386,1.848892096639e-10,2.90688168117259e-21,5808.19557099986,-9.63224559997271e-18,5.00479304740814e-25,-2395880.67180652,389.644375560429,389.644375560408,1.27745438970249e-05,1.44940295868294e-21,3517.20377042483,-7.12508707591221e-18,4.12089562775639e-25,-2149934.84344378,1062.56575081916,1062.56575081916,8.35771046262997e-13,8.06645847085005e-21,9591.464643,-1.79411597145709e-17,8.41003826953277e-25,-2647896.13761634,"No MPA"
"4783","Octopus","MT_20",2054,643.446013462406,643.446013462406,8.05927324176002e-11,7.23434310858152e-22,5808.19557099994,-2.39675447708267e-18,1.24554055044261e-25,-2395880.67180652,389.644376975621,389.644376975611,7.56911115490447e-06,3.60268485001842e-22,3517.20377799393,-1.77088007315164e-18,1.02430370407094e-25,-2149934.84344378,1062.56575081916,1062.56575081916,8.35771046262997e-13,2.0018289636189e-21,9591.464643,-4.45113900372528e-18,2.08709413851603e-25,-2647896.13761634,"No MPA"
"4784","Octopus","MT_20",2055,643.446013462415,643.446013462415,3.46439347496476e-11,1.80071636872078e-22,5808.19557099997,-5.96479187527513e-19,3.10030257540169e-26,-2395880.67180652,389.644377814145,389.644377814139,4.48481258531615e-06,8.95573481502381e-23,3517.20378247874,-4.40175918597555e-19,2.54626555079268e-26,-2149934.84344378,1062.56575081916,1062.56575081916,8.35771046262997e-13,4.96924833661226e-22,9591.464643,-1.10462590379047e-18,5.18090669315962e-26,-2647896.13761634,"No MPA"
"4785","Octopus","MT_20",2056,643.446013462419,643.446013462419,1.49515928919533e-11,4.48295839192792e-23,5808.19557099999,-1.48470955892034e-19,7.7183323755679e-27,-2395880.67180652,389.644378310982,389.64437831098,2.6573188292619e-06,2.22645370044576e-23,3517.20378513606,-1.0942113880465e-19,6.33018112722681e-27,-2149934.84344378,1062.56575081916,1062.56575081916,8.35771046262997e-13,1.23387296221213e-22,9591.464643,-2.74207264194356e-19,1.28642809845797e-26,-2647896.13761634,"No MPA"
"4786","Octopus","MT_20",2057,643.446013462421,643.446013462421,6.19944095520015e-12,1.11623599378658e-23,5808.19557099999,-3.69624627862179e-20,1.92182921553104e-27,-2395880.67180652,389.644378605366,389.644378605365,1.57450121017934e-06,5.53558175472336e-24,3517.20378671056,-2.72028040266623e-20,1.57385869369216e-27,-2149934.84344378,1062.56575081916,1062.56575081916,8.35771046262997e-13,3.06452141062881e-23,9591.464643,-6.80861382673888e-20,3.19505052115825e-27,-2647896.13761634,"No MPA"
"4787","Octopus","MT_20",2058,643.446013462421,643.446013462421,2.91738397891772e-12,2.7798284749816e-24,5808.195571,-9.20348300695015e-21,4.78604489294598e-28,-2395880.67180652,389.644378779793,389.644378779793,9.32915551467052e-07,1.37641594165718e-24,3517.20378764347,-6.7633719714607e-21,3.91338126854589e-28,-2149934.84344378,1062.56575081916,1062.56575081916,8.35771046262997e-13,7.61314132589292e-24,9591.464643,-1.69102845169221e-20,7.93741269895533e-28,-2647896.13761634,"No MPA"
"4788","Octopus","MT_20",2059,643.446013462422,643.446013462422,1.45869198945886e-12,6.92387777412208e-25,5808.195571,-2.29199777413923e-21,1.19208757513136e-28,-2395880.67180652,389.644378883144,389.644378883143,5.52766194272561e-07,3.42272973240347e-25,3517.20378819624,-1.68170454510291e-21,9.73139442311558e-29,-2149934.84344378,1062.56575081916,1062.56575081916,8.35771046262997e-13,1.89178073690738e-24,9591.464643,-4.20099482554997e-21,1.97235855765577e-28,-2647896.13761634,"No MPA"
"4789","Octopus","MT_20",2060,643.446013462422,643.446013462422,7.29345994729431e-13,1.72484061168966e-25,5808.195571,-5.70880994619818e-22,2.96966689672382e-29,-2395880.67180652,389.644378944381,389.64437894438,3.27522104931974e-07,8.51200115248766e-26,3517.20378852376,-4.18189006092473e-22,2.42010462431947e-29,-2149934.84344378,1062.56575081916,1062.56575081916,8.35771046262997e-13,4.70197306638446e-25,9591.464643,-1.04390037523583e-21,4.90224719726829e-29,-2647896.13761634,"No MPA"
"4790","Octopus","MT_20",2061,643.446013462422,643.446013462422,0,4.29749625667161e-26,5808.195571,-1.42214920032568e-22,7.39902126940899e-30,-2395880.67180652,389.644378980664,389.644378980664,1.94061844661634e-07,2.11702777615538e-26,3517.20378871782,-1.03999602059073e-22,6.01906486926633e-30,-2149934.84344378,1062.56575081916,1062.56575081916,8.35771046262997e-13,1.16893069003659e-25,9591.464643,-2.59458792057032e-22,1.2187196987581e-29,-2647896.13761634,"No MPA"
"4791","Octopus","MT_20",2062,643.446013462422,643.446013462422,0,1.07089723659664e-26,5808.195571,-3.54333080019557e-23,1.84376924555291e-30,-2395880.67180652,389.644379002163,389.644379002163,1.14984396121567e-07,5.2657097584673e-27,3517.20378883281,-2.58658383972738e-23,1.49712955938413e-30,-2149934.84344378,1062.56575081916,1062.56575081916,8.35771046262997e-13,2.9066559101904e-26,9591.464643,-6.45025695709692e-23,3.03046095500307e-30,-2647896.13761634,"No MPA"
"4792","Octopus","MT_20",2063,643.446013462422,643.446013462422,0,2.66897586459249e-27,5808.195571,-8.82966019199296e-24,4.59518938707667e-31,-2395880.67180652,389.644379014901,389.644379014901,6.81299631613221e-08,1.30985258080579e-27,3517.20378890093,-6.43364244843751e-24,3.72413047252081e-31,-2149934.84344378,1062.56575081916,1062.56575081916,8.35771046262997e-13,7.22922547931655e-27,9591.464643,-1.60391695302358e-23,7.53714448042359e-31,-2647896.13761634,"No MPA"
"4793","Octopus","MT_20",2064,643.446013462422,643.446013462422,0,6.65280618893957e-28,5808.195571,-2.2005986325893e-24,1.1454170417671e-31,-2395880.67180652,389.644379022449,389.644379022449,4.03681313219899e-08,3.25853752177046e-28,3517.2037889413,-1.60037745172739e-24,9.26456843943268e-32,-2149934.84344378,1062.56575081916,1062.56575081916,8.35771046262997e-13,1.79837536602185e-27,9591.464643,-3.98914686215691e-24,1.87497471237026e-31,-2647896.13761634,"No MPA"
"4794","Octopus","MT_20",2065,643.446013462422,643.446013462422,0,1.65854517977372e-28,5808.195571,-5.48530857715245e-25,2.85552571276137e-32,-2395880.67180652,389.644379026921,389.644379026921,2.39188087793901e-08,8.10695006131628e-29,3517.20378896522,-3.98128007057098e-25,2.30494180826426e-32,-2149934.84344378,1062.56575081916,1062.56575081916,8.35771046262997e-13,4.47462432518687e-28,9591.464643,-9.92358513214414e-25,4.66521484646511e-32,-2647896.13761634,"No MPA"
"4795","Octopus","MT_40",2015,370.045521078713,370.045521078713,969.790079231585,197.9767851096,4112.10402812199,-1151268.73271894,0.0592693273954997,-3982796.17373296,163.795452946087,163.795452946087,386.874942254518,70.9398137017822,1794.46791055274,-832873.490847187,0.0479798720497914,-3343649.02632634,453.600076325152,453.600076325152,2059.85550183393,547.176687711063,5607.19163912287,-2909187.20695039,0.133636579270224,-6076052.11731099,"No MPA"
"4796","Octopus","MT_40",2016,455.548872536038,455.548230203917,932.394596034755,71.053897792497,4973.44408403212,-335526.154854358,0.017279688296943,-3167053.59586838,198.795513893587,198.795369333487,413.627449843356,24.9038686431186,2183.19134719287,-240871.288397769,0.0138782606783039,-2751646.82387692,621.178309650523,621.175478696706,2237.11446370067,218.098075353213,7626.20519651651,-846171.090016078,0.0389017050707125,-4013036.00037668,"No MPA"
"4797","Octopus","MT_40",2017,550.970216124759,550.965515204096,774.768422200506,25.0613052427684,5723.1465000692,-97813.7575234157,0.00503928021858885,-2929341.19853744,241.859240413809,241.858158553438,419.527649515761,8.76486342779686,2593.95305142047,-69668.5450435488,0.00401477503189103,-2580444.0805227,844.849535722522,844.828358836764,1982.97973735136,86.4027560660165,9522.7610009161,-246295.148190862,0.0113326700440508,-3413160.05855147,"No MPA"
"4798","Octopus","MT_40",2018,634.024070800515,634.014689120095,538.06699999714,8.41277225807593,6252.79134612784,-28523.6036588656,0.00147003219103159,-2860051.04467289,287.364419748321,287.3619003496,393.373343739099,3.01293662100888,2984.31093913984,-20152.887859241,0.00116154882771218,-2530928.42333839,1054.95459446796,1054.91056257207,1233.23063329903,31.4534077395303,10724.4941945797,-71742.5160228948,0.00330379033892576,-3238607.4263835,"No MPA"
"4799","Octopus","MT_40",2019,692.699413354222,692.688273667435,315.019399902483,2.68205203219898,6565.11755431134,-8320.37375727099,0.000428953000598717,-2839847.81477129,330.609214729182,330.605331740284,337.675129272038,1.00299442907422,3320.9791909939,-5830.27700294021,0.000336096187265492,-2516605.81248209,1188.08551667194,1188.03913158974,501.942097912253,10.3352351352377,11216.0546722745,-20913.6414610906,0.000963838792051614,-3187778.5518217,"No MPA"
"4800","Octopus","MT_40",2020,727.29966933715,727.290271363267,161.825314382543,0.821956689191132,6726.11151403081,-2427.80592495215,0.00012520332638807,-2833955.24693897,367.906141436759,367.901497654462,265.496911241454,0.322996654386118,3586.14846179867,-1686.91925997468,9.7261120168577e-05,-2512462.45473913,1242.54178039137,1242.51431523387,145.52923234675,3.15588253355817,11358.4005569302,-6101.13242724633,0.000281386211188186,-3172966.04278785,"No MPA"
"4801","Octopus","MT_40",2021,745.134971249201,745.128738125878,76.5806737627414,0.24586890362378,6802.4400857666,-708.621092031445,3.65547785412053e-05,-2832236.06210605,397.282237352671,397.277634001678,192.907482881243,0.100945543386087,3778.95039578554,-488.150154278132,2.81490785862042e-05,-2511263.68563343,1258.31120325168,1258.30075709413,36.1080176616306,0.933712648820313,11393.5644157855,-1781.17108543009,8.22058782591614e-05,-3168646.08144603,"No MPA"
"4802","Octopus","MT_40",2022,753.590835828193,753.587332117145,34.673057127926,0.072619988817616,6837.03701919466,-206.889998537241,1.06756295757307e-05,-2831734.33101256,418.641303915633,418.637364449971,131.419833831296,0.0307897199175654,3910.33550043125,-141.275325122619,8.14775566067909e-06,-2510916.81080428,1262.20674094868,1262.20368931092,8.64785438612657,0.273815040074364,11401.9354034938,-520.361193189508,2.40325530942667e-05,-3167385.27155379,"No MPA"
"4803","Octopus","MT_40",2023,757.423568149305,757.421806915114,15.3616953829097,0.0213220969297766,6852.37563124645,-60.4209480541535,3.11862268829408e-06,-2831587.86196207,433.196464942705,433.193459913579,85.3181188048591,0.00922300224456823,3995.64139120474,-40.8913952331828,2.35863306636425e-06,-2510816.42687439,1263.13409930014,1263.13328795467,2.08569174383849,0.080161706315939,11403.9401221858,-152.125405107813,7.03054754687836e-06,-3167017.03576571,"No MPA"
"4804","Octopus","MT_40",2024,759.12281684989,759.121996551267,6.73686417879686,0.00624441759360158,6859.10543070903,-17.6504709183198,9.11278489015216e-07,-2831545.09148494,442.6468587306,442.644760038008,53.5620024738073,0.00272845216043274,4049.1985665338,-11.8372001602351,6.82859003882527e-07,-2510787.37267931,1263.3561869063,1263.35596812521,0.512725700752676,0.0234703894934152,11404.429158716,-44.5031693986508,2.05809606406088e-06,-3166909.41353,"No MPA"
"4805","Octopus","MT_40",2025,759.868360381038,759.867998327352,2.94049290075368,0.00182694141674477,6862.04373461468,-5.157560471538,2.66352806148047e-07,-2831532.59857449,448.580052703932,448.578681200194,32.8912116641646,0.000800604630866537,4082.08760608959,-3.42701737491022,1.97719583766338e-07,-2510778.96249653,1263.41036356098,1263.41030181216,0.128928086798796,0.00687539593942008,11404.551149658,-13.027690206941,6.02870811722109e-07,-3166877.93805081,"No MPA"
"4806","Octopus","MT_40",2026,760.193872824846,760.1937192056,1.2806153123889,0.000534359623277422,6863.3236619482,-1.50747589434652,7.78717983977079e-08,-2831528.94848991,452.2235803934,452.222727506904,19.9170302275074,0.000233721152884008,4102.00354970945,-0.99227694530377,5.72553477886764e-08,-2510776.5277561,1263.42387801386,1263.42385998393,0.0331840229503576,0.00201529146247041,11404.5823003596,-3.81615525950462,1.76709419889642e-07,-3166868.72651586,"No MPA"
"4807","Octopus","MT_40",2027,760.335666283797,760.335603032543,0.557126608412563,0.000156297930420914,6863.88056900743,-0.440730652070148,2.27729224306266e-08,-2831527.88174467,454.429917003435,454.429405990095,11.9567974305099,6.80182933720374e-05,4113.95976810833,-0.287341283672622,1.65817318886181e-08,-2510775.82282044,1263.42732896424,1263.42732362439,0.00873520030207031,0.000591079507530629,11404.5904391405,-1.11856564937587,5.18282482928633e-08,-3166866.02892625,"No MPA"
"4808","Octopus","MT_40",2028,760.397361800545,760.397336365781,0.242246361011281,4.57237147085831e-05,6864.12274420996,-0.128887796035616,6.66149636562857e-09,-2831527.56990182,455.754455919317,455.754158258401,7.14041483044109,1.9758358731484e-05,4121.09986551949,-0.0832168194601818,4.80276044359817e-09,-2510775.61869597,1263.42823059816,1263.42822901599,0.00234740516048594,0.000173467799384478,11404.5926114957,-0.328071351367723,1.52103490134415e-08,-3166865.23843196,"No MPA"
"4809","Octopus","MT_40",2029,760.424190557726,760.424180523018,0.10530238559051,1.33789838196044e-05,6864.22802318186,-0.0377020371229174,1.94911781147656e-09,-2831527.47871606,456.545453253823,456.545283602356,4.25068624008024,5.73339674317507e-06,4125.35037637471,-0.0241030334676355,1.39122991627209e-09,-2510775.55958219,1263.42847125695,1263.42847079134,0.000642411181541496,5.09391566260286e-05,11404.5932025021,-0.0962810806731598,4.46654768948413e-09,-3166865.00664169,"No MPA"
"4810","Octopus","MT_40",2030,760.435853617955,760.435849720602,0.0457667658164731,3.91568838635614e-06,6864.27378213464,-0.0110314120705851,5.70448473125736e-10,-2831527.45204543,457.016335170855,457.016240120026,2.52565126806021,1.66270188937963e-06,4127.87593092924,-0.00698199319844872,4.03045035877299e-10,-2510775.54246115,1263.42853673007,1263.42853659446,0.000178553961462153,1.49671447744265e-05,11404.5933659533,-0.0282731210196422,1.31237866388618e-09,-3166864.93863373,"No MPA"
"4811","Octopus","MT_40",2031,760.440922905892,760.440921411895,0.0198893516429415,1.14630485040665e-06,6864.29366884598,-0.00322856428181179,1.66995794122216e-10,-2831527.44424258,457.296122238977,457.296069711056,1.49898781849229,4.82038013381516e-07,4129.37486573777,-0.00202271144758888,1.16776287958999e-10,-2510775.53750186,1263.4285548376,1263.42855479857,5.02676656132785e-05,4.40022332152362e-06,11404.5934117817,-0.00830731996317409,3.8582904113826e-10,-3166864.91866792,"No MPA"
"4812","Octopus","MT_40",2032,760.443126004079,760.443125437664,0.00864299314367202,3.35660313469484e-07,6864.30231093705,-0.000945145233247831,4.88994687229801e-11,-2831527.44195917,457.462177877979,457.462149172911,0.889060704978032,1.39728890266976e-07,4130.26389759795,-0.000586050348119434,3.3837783447251e-11,-2510775.5360652,1263.42855991458,1263.4285599035,1.42987799594242e-05,1.29435429274436e-06,11404.5934247751,-0.00244228695879663,1.13494119969664e-10,-3166864.91280289,"No MPA"
"4813","Octopus","MT_40",2033,760.444083395919,760.444083183182,0.00375568640821222,9.8312182756563e-08,6864.30606631241,-0.000276756070296613,1.43222396557123e-11,-2831527.44129078,457.560666986909,457.560651445241,0.527098005531014,4.05016598629935e-08,4130.79098002132,-0.00016981737116339,9.8060707965696e-12,-2510775.53564897,1263.42856135401,1263.42856135091,4.10082572292495e-06,3.80950380353877e-07,11404.5934284919,-0.000718414581453142,3.34032407976456e-11,-3166864.91107902,"No MPA"
"4814","Octopus","MT_40",2034,760.444499425523,760.44449934626,0.00163192905743938,2.88019061629065e-08,6864.3076981334,-8.10595056999248e-05,4.19589480505284e-12,-2831527.44109508,457.619058458052,457.619050108571,0.312426706611138,1.17399692018006e-08,4131.10339836671,-4.92124739962383e-05,2.84206325284512e-12,-2510775.53552837,1263.42856176577,1263.42856176491,1.18367890271303e-06,1.12179767200443e-07,11404.5934295625,-0.00021144157303681,9.83636706604837e-12,-3166864.91057205,"No MPA"
"4815","Octopus","MT_40",2035,760.444680202617,760.444680173286,0.000709093330816574,8.4399621483701e-09,6864.30840718896,-2.37474841222061e-05,1.22954309737172e-12,-2831527.44103777,457.653668921218,457.653664465028,0.185158402092495,3.40317146598799e-09,4131.28855230921,-1.42630989056426e-05,8.23792373318086e-13,-2510775.53549342,1263.42856188438,1263.42856188414,3.43371249813357e-07,3.30510777083009e-08,11404.5934298726,-6.22639263660672e-05,2.89804962470166e-12,-3166864.91042287,"No MPA"
"4816","Octopus","MT_40",2036,760.444758753514,760.444758742724,0.000308104478558492,2.47379581437917e-09,6864.30871528018,-6.95883870716933e-06,3.60385295596442e-13,-2831527.44102098,457.674180724707,457.674178359696,0.109724076887817,9.86580089677227e-10,4131.3982740201,-4.13426118295177e-06,2.38806870593257e-13,-2510775.53548329,1263.42856191873,1263.42856191867,9.99946123850565e-08,9.74262057023891e-09,11404.5934299628,-1.83445724652202e-05,8.5427162574079e-13,-3166864.91037895,"No MPA"
"4817","Octopus","MT_40",2037,760.444792884607,760.444792880658,0.000133871078636527,7.25253669604775e-10,6864.30884914658,-2.03967079298414e-06,1.05655747678048e-13,-2831527.44101606,457.686335962354,457.686334713196,0.0650187147447858,2.8603400037628e-10,4131.4632914854,-1.19846941016574e-06,6.92341869635507e-14,-2510775.53548035,1263.42856192872,1263.4285619287,2.92071711561208e-08,2.87328801866938e-09,11404.5934299891,-5.40751531989262e-06,2.51941293331997e-13,-3166864.91036601,"No MPA"
"4818","Octopus","MT_40",2038,760.444807714653,760.444807713213,5.81662253998404e-05,2.12675454231159e-10,6864.30890731115,-5.97979288501938e-07,3.09827921361247e-14,-2831527.44101462,457.693538755087,457.693538098018,0.0385266717992488,8.29359269501964e-11,4131.50181750004,-3.47456730336775e-07,2.00742257937139e-14,-2510775.5354795,1263.42856193163,1263.42856193163,8.55125800955431e-09,8.47793188304076e-10,11404.5934299968,-1.59478128777241e-06,7.43378703948224e-14,-3166864.9103622,"No MPA"
"4819","Octopus","MT_40",2039,760.444814158265,760.444814157743,2.52726803309785e-05,6.23799107247592e-11,6864.30893258325,-1.75353148356162e-07,9.08757335473783e-15,-2831527.44101419,457.69780676057,457.697806416168,0.0228284527113628,2.40496680608976e-11,4131.52464560833,-1.0074394061108e-07,5.82104743658854e-15,-2510775.53547925,1263.42856193249,1263.42856193249,2.5075438225662e-09,2.50266261677836e-10,11404.5934299991,-4.70556624960603e-07,2.19443387626239e-14,-3166864.91036108,"No MPA"
"4820","Octopus","MT_40",2040,760.444816957969,760.44481695778,1.09806675529872e-05,1.83008245094388e-11,6864.30894356371,-5.14328918990284e-08,2.666084042717e-15,-2831527.44101407,457.700335713855,457.700335533886,0.0135265311291484,6.97457320798091e-12,4131.53817195948,-2.92133435853801e-08,1.68813544797483e-15,-2510775.53547918,1263.42856193274,1263.42856193274,7.36158071257429e-10,7.39112611672126e-11,11404.5934299997,-1.3890704603574e-07,6.48083262422968e-15,-3166864.91036074,"No MPA"
"4821","Octopus","MT_40",2041,760.444818174411,760.444818174343,4.77093811010182e-06,5.37023961253413e-12,6864.30894833457,-1.50892220629138e-08,7.82342353277912e-16,-2831527.44101403,457.701834195891,457.701834102093,0.00801481008319418,2.0228734531762e-12,4131.54618667577,-8.47202866867466e-09,4.89617515086927e-16,-2510775.53547916,1263.42856193281,1263.42856193281,2.16358238794864e-10,2.18378167588335e-11,11404.5934299999,-4.10234878991703e-08,1.91482641559052e-15,-3166864.91036065,"No MPA"
"4822","Octopus","MT_40",2042,760.444818702939,760.444818702915,2.0728929582825e-06,1.57620367162728e-12,6864.30895040744,-4.42781896920164e-09,2.29623066719588e-16,-2831527.44101402,457.702722085629,457.702722036851,0.00474895440381265,5.86762570307253e-13,4131.55093558139,-2.45718056847907e-09,1.42020092189459e-16,-2510775.53547916,1263.42856193283,1263.42856193283,6.411814051287e-11,6.45494550178721e-12,11404.59343,-1.21207972560974e-08,5.65995231781556e-16,-3166864.91036062,"No MPA"
"4823","Octopus","MT_40",2043,760.444818932577,760.444818932568,9.00634041485408e-07,4.62727412522311e-13,6864.30895130806,-1.29959648269981e-09,6.74106331555555e-17,-2831527.44101402,457.703248180929,457.703248155611,0.00281385305112135,1.70215308034948e-13,4131.55374940912,-7.12738004402175e-10,4.11988889137e-17,-2510775.53547915,1263.42856193284,1263.42856193284,1.89838885170142e-11,1.90877725419388e-12,11404.59343,-3.58273386897391e-09,1.67369162777238e-16,-3166864.91036061,"No MPA"
"4824","Octopus","MT_40",2044,760.44481903235,760.444819032347,3.91307683048655e-07,1.35872291316428e-13,6864.30895169937,-3.81523611704497e-10,1.97940232993936e-17,-2831527.44101402,457.7035599036,457.70355989048,0.00166726218391858,4.93829658763722e-14,4131.55541665819,-2.06759574672661e-10,1.19526378868074e-17,-2510775.53547915,1263.42856193284,1263.42856193284,5.07104961755634e-12,5.64666314440842e-13,11404.59343,-1.05944208437298e-09,4.95121827802714e-17,-3166864.91036061,"No MPA"
"4825","Octopus","MT_40",2045,760.4448190757,760.444819075699,1.70014851366952e-07,3.99050537681098e-14,6864.30895186938,-1.12028131258176e-10,5.81341167026445e-18,-2831527.44101402,457.703744605501,457.703744598711,0.000987883485431885,1.43284041108816e-14,4131.55640453488,-5.99851692669983e-11,3.46804112880553e-18,-2510775.53547915,1263.42856193284,1263.42856193284,1.54176323659206e-12,1.6710799215843e-13,11404.59343,-3.13410721880724e-10,1.46526917582918e-17,-3166864.9103606,"No MPA"
"4826","Octopus","MT_40",2046,760.444819094534,760.444819094534,7.38675912756516e-08,1.17223526836285e-14,6864.30895194325,-3.29021359530351e-11,1.70772509888794e-18,-2831527.44101402,457.703854044881,457.703854041371,0.000585338461135595,4.15776836251492e-15,4131.55698986983,-1.74046127789409e-11,1.00634433017914e-18,-2510775.53547915,1263.42856193284,1263.42856193284,0,4.9472759562945e-14,11404.59343,-9.27511259570608e-11,4.33796784309785e-18,-3166864.9103606,"No MPA"
"4827","Octopus","MT_40",2047,760.444819102717,760.444819102717,3.20938846940988e-08,3.44421379812515e-15,6864.30895197534,-9.66520290682681e-12,5.01756815178039e-19,-2831527.44101402,457.703918889709,457.703918887895,0.000346823105160732,1.20660264042633e-15,4131.55733669113,-5.05041109290706e-12,2.9204550327767e-19,-2510775.53547915,1263.42856193284,1263.42856193284,0,1.46518883303741e-14,11404.59343,-2.74592142146962e-11,1.28473570060219e-18,-3166864.9103606,"No MPA"
"4828","Octopus","MT_40",2048,760.444819106273,760.444819106273,1.39439495008717e-08,1.0121675544969e-15,6864.30895198929,-2.8397904508969e-12,1.47453671094688e-19,-2831527.44101402,457.703957311414,457.703957310478,0.000205498514008242,3.50194600930498e-16,4131.5575421887,-1.4656512737058e-12,8.47609200096554e-20,-2510775.53547915,1263.42856193284,1263.42856193284,0,4.34084927432055e-15,11404.59343,-8.1323407844606e-12,3.80622886818733e-19,-3166864.9103606,"No MPA"
"4829","Octopus","MT_40",2049,760.444819107818,760.444819107818,6.05827050654140e-09,2.97509111477121e-16,6864.30895199535,-8.34542779405609e-13,4.33414512018581e-20,-2831527.44101402,457.703980076935,457.703980076452,0.000121761252915115,1.01647215503701e-16,4131.55766394947,-4.25378747403084e-13,2.46026382219682e-20,-2510775.53547915,1263.42856193284,1263.42856193284,0,1.28648482009794e-15,11404.59343,-2.4093321486468e-12,1.12804093192293e-19,-3166864.9103606,"No MPA"
"4830","Octopus","MT_40",2050,760.444819108489,760.444819108489,2.63200747016448e-09,8.74645858278108e-17,6864.30895199798,-2.45299387129156e-13,1.27419360695276e-20,-2831527.44101402,457.703993565888,457.703993565639,7.21455139136418e-05,2.95067961626333e-17,4131.55773609474,-1.23470101885359e-13,7.14180910993957e-21,-2510775.53547915,1263.42856193284,1263.42856193284,0,3.81398352413595e-16,11404.59343,-7.14046731395254e-13,3.34425207487291e-20,-3166864.9103606,"No MPA"
"4831","Octopus","MT_40",2051,760.44481910878,760.44481910878,1.14339541810202e-09,2.57185749519921e-17,6864.30895199912,-7.21154696490646e-14,3.7467099939472e-21,-2831527.44101402,457.704001558316,457.704001558188,4.27473686947651e-05,8.56621198238591e-18,4131.55777884198,-3.5841680493172e-14,2.07336131540623e-21,-2510775.53547915,1263.42856193284,1263.42856193284,0,1.13107812085577e-16,11404.59343,-2.11690214020349e-13,9.91774172221212e-21,-3166864.9103606,"No MPA"
"4832","Octopus","MT_40",2052,760.444819108907,760.444819108907,4.96491338731153e-10,7.56384846246795e-18,6864.30895199962,-2.12052351681877e-14,1.10190967734124e-21,-2831527.44101402,457.704006293959,457.704006293893,2.53284900936415e-05,2.48711247317029e-18,4131.5578041704,-1.04053122492188e-14,6.01979351688367e-22,-2510775.53547915,1263.42856193284,1263.42856193284,0,3.35537923608371e-17,11404.59343,-6.2779025646666e-14,2.9421296398496e-21,-3166864.9103606,"No MPA"
"4833","Octopus","MT_40",2053,760.444819108962,760.444819108962,2.15922014500283e-10,2.22494144119672e-18,6864.30895199984,-6.23647249983879e-15,3.24131891025764e-22,-2831527.44101402,457.704009099904,457.704009099869,1.50075256277492e-05,7.22173478276661e-19,4131.55781917789,-3.02107648837351e-15,1.74794475233458e-22,-2510775.53547915,1263.42856193284,1263.42856193284,0,9.95684048021185e-18,11404.59343,-1.86235977190518e-14,8.73055277360453e-22,-3166864.9103606,"No MPA"
"4834","Octopus","MT_40",2054,760.444819108986,760.444819108986,9.39540901418424e-11,6.54595165543347e-19,6864.30895199993,-1.8344875866599e-15,9.53621362500939e-23,-2831527.44101402,457.70401076247,457.704010762452,8.89219090529961e-06,2.09713697501993e-19,4131.55782807007,-8.77218592204504e-16,5.07589889045103e-23,-2510775.53547915,1263.42856193284,1263.42856193284,0,2.95548145755457e-18,11404.59343,-5.52641530537296e-15,2.59148340157407e-22,-3166864.9103606,"No MPA"
"4835","Octopus","MT_40",2055,760.444819108997,760.444819108997,4.09432961627301e-11,1.92621184991809e-19,6864.30895199997,-5.39720589154437e-16,2.8061263899797e-23,-2831527.44101402,457.704011747567,457.704011747557,5.26875951644534e-06,6.09047076500612e-20,4131.55783333882,-2.54737621020407e-16,1.47413421727443e-23,-2510775.53547915,1263.42856193284,1263.42856193284,0,8.77521230680362e-19,11404.59343,-1.64040169110232e-15,7.69445430971722e-23,-3166864.9103606,"No MPA"
"4836","Octopus","MT_40",2056,760.444819109001,760.444819109001,1.76702646597047e-11,5.66905894212102e-20,6864.30895199999,-1.58818190111609e-16,8.25874677518601e-24,-2831527.44101402,457.704012331251,457.704012331247,3.12182036777113e-06,1.76894112885864e-20,4131.55783646063,-7.39804814235804e-17,4.28153544066239e-24,-2510775.53547915,1263.42856193284,1263.42856193284,0,2.60618837581351e-19,11404.59343,-4.87056789717543e-16,2.28520936919845e-23,-3166864.9103606,"No MPA"
"4837","Octopus","MT_40",2057,760.444819109003,760.444819109003,7.75767716767524e-12,1.66875349875473e-20,6864.30895199999,-4.67419863947973e-17,2.43105826154361e-24,-2831527.44101402,457.704012677094,457.704012677091,1.84972576550003e-06,5.13823537561427e-21,4131.55783831036,-2.14871922393763e-17,1.24365568122266e-24,-2510775.53547915,1263.42856193284,1263.42856193284,0,7.74228129329318e-20,11404.59343,-1.44653109160532e-16,6.78873941523155e-24,-3166864.9103606,"No MPA"
"4838","Octopus","MT_40",2058,760.444819109004,760.444819109004,3.44785651896678e-12,4.91299523522638e-21,6864.308952,-1.37590478651613e-17,7.15730493714873e-25,-2831527.44101402,457.704012882011,457.704012882009,1.09599035885873e-06,1.49263064710967e-21,4131.55783940635,-6.24137510301269e-18,3.61275505638352e-25,-2510775.53547915,1263.42856193284,1263.42856193284,0,2.3006119690667e-20,11404.59343,-4.29725292102378e-17,2.01726785192964e-24,-3166864.9103606,"No MPA"
"4839","Octopus","MT_40",2059,760.444819109004,760.444819109004,1.29294619461254e-12,1.4466787072113e-21,6864.308952,-4.05081617226467e-18,2.10753728791562e-25,-2831527.44101402,457.704013003427,457.704013003426,6.4939091132803e-07,4.33638769643984e-22,4131.55784005574,-1.8130869984869e-18,1.04957690657985e-25,-2510775.53547915,1263.42856193284,1263.42856193284,0,6.83794371951174e-21,11404.59343,-1.27692486616035e-17,5.99578035068256e-25,-3166864.9103606,"No MPA"
"4840","Octopus","MT_40",2060,760.444819109004,760.444819109004,8.61964129741695e-13,4.26057386394205e-22,6864.308952,-1.19280178845369e-18,6.20685038178632e-26,-2831527.44101402,457.704013075368,457.704013075368,3.84773766873819e-07,1.25991395565698e-22,4131.55784044051,-5.2673768731412e-19,3.04948884762552e-26,-2510775.53547915,1263.42856193284,1263.42856193284,0,2.03288089911581e-21,11404.59343,-3.79531206750683e-18,1.78251062748828e-25,-3166864.9103606,"No MPA"
"4841","Octopus","MT_40",2061,760.444819109004,760.444819109004,0,1.25496916960422e-22,6864.308952,-3.512887899308e-19,1.8282527467511e-26,-2831527.44101402,457.704013117994,457.704013117994,2.27984199247881e-07,3.66092091487798e-23,4131.55784066849,-1.53040781768208e-19,8.86087295945407e-27,-2510775.53547915,1263.42856193284,1263.42856193284,0,6.04504135688514e-22,11404.59343,-1.12832420457086e-18,5.30053210049868e-26,-3166864.9103606,"No MPA"
"4842","Octopus","MT_40",2062,760.444819109004,760.444819109004,0,3.69713802120065e-23,6864.308952,-1.03473526118575e-19,5.38603091302213e-27,-2831527.44101402,457.704013143251,457.704013143251,1.35083942807049e-07,1.06383954244531e-23,4131.55784080358,-4.44689255354874e-20,2.57491140986465e-27,-2510775.53547915,1263.42856193284,1263.42856193284,0,1.79797777148164e-22,11404.59343,-3.35522188416056e-19,1.57653824532843e-26,-3166864.9103606,"No MPA"
"4843","Octopus","MT_40",2063,760.444819109004,760.444819109004,0,1.08934297556629e-23,6864.308952,-3.04832912924332e-20,1.58696670441806e-27,-2831527.44101402,457.704013158216,457.704013158216,8.00392461829256e-08,3.09170376420719e-24,4131.55784088362,-1.29223773176408e-20,7.48314288056987e-28,-2510775.53547915,1263.42856193284,1263.42856193284,0,5.3488933927666e-23,11404.59343,-9.97944267037717e-20,4.6901219456857e-27,-3166864.9103606,"No MPA"
"4844","Octopus","MT_40",2064,760.444819109004,760.444819109004,0,3.21017501615362e-24,6864.308952,-8.98174724641982e-21,4.67661790662598e-28,-2831527.44101402,457.704013167083,457.704013167083,4.74243444997511e-08,8.9857685456667e-25,4131.55784093104,-3.75546884658152e-21,2.17491050391416e-28,-2510775.53547915,1263.42856193284,1263.42856193284,0,1.59160441746373e-23,11404.59343,-2.96883397613343e-20,1.39558190060242e-27,-3166864.9103606,"No MPA"
"4845","Octopus","MT_40",2065,760.444819109004,760.444819109004,0,9.46142680442861e-25,6864.308952,-2.64682301704612e-21,1.37835095573195e-28,-2831527.44101402,457.704013172336,457.704013172336,2.80997253461751e-08,2.61184759370715e-25,4131.55784095914,-1.09149441242935e-21,6.32170162990766e-29,-2510775.53547915,1263.42856193284,1263.42856193284,0,4.73690843737959e-24,11404.59343,-8.83399410711821e-21,4.15350925612049e-28,-3166864.9103606,"No MPA"
"4846","Octopus","MT_60",2015,399.611995180317,399.611995180317,1080.11588748479,252.689245437335,4434.60513404745,-1360765.55424874,0.0700517720422622,-4523149.81703696,180.864071241518,180.864071241518,429.621800297592,89.3577612854291,1972.87015601216,-950060.782421168,0.0547332025495707,-3748089.75349582,506.451633108453,506.451633108453,2301.67950657678,707.593011545721,6165.67458603105,-3370207.93419171,0.154780570222139,-6914854.59291823,"No MPA"
"4847","Octopus","MT_60",2016,491.276328405647,491.275500622256,1057.20148549753,101.145686713947,5390.66010504764,-442909.182775363,0.0228090330509576,-3605293.44556358,218.559347984636,218.559164546845,459.814874902462,34.8085368525825,2397.87631062425,-306212.385782617,0.0176437861136759,-3104241.35685727,683.04840706409,683.044701969305,2499.27906524845,310.828246986713,8354.12169919801,-1096970.08619025,0.0504213148616807,-4641616.74491676,"No MPA"
"4848","Octopus","MT_60",2017,597.190420350573,597.184281435869,904.944051720994,40.043917644305,6255.55410020963,-144201.67059648,0.00742886821486901,-3306585.9333847,265.642562132513,265.641175272431,468.773380934847,13.6395639083916,2853.00874079062,-98705.1724515705,0.00568830947268612,-2896734.14352622,925.489893998763,925.4618852183,2261.02896661177,137.276260320964,10477.8463967084,-357312.571579268,0.0164375469016898,-3901959.23030578,"No MPA"
"4849","Octopus","MT_60",2018,693.005477962132,692.992661305296,651.02918126647,15.1391240068889,6891.43134081237,-46963.1253537897,0.00242027956841473,-3209347.38814201,316.063238263017,316.059925476752,442.952778171257,5.23258229780055,3290.72562387782,-31820.4188200554,0.0018341085112586,-2829849.38989471,1160.76127451625,1160.70098886956,1466.20110755631,56.1705571979518,11887.81666142,-116473.792251566,0.00536267250171701,-3661120.45097808,"No MPA"
"4850","Octopus","MT_60",2019,763.449503221921,763.433492730463,393.954062062697,5.43525573713709,7279.93413664647,-15299.5439919788,0.00078874082656534,-3177683.8067802,364.554577785725,364.549342828659,383.569332729143,1.94624178938675,3672.34347986051,-10259.4297401285,0.000591448585535227,-2808288.40081478,1316.96120525878,1316.89423851043,631.872984235527,20.8091593576193,12498.8135195496,-37996.5325007024,0.00175082210409448,-3582643.19122722,"No MPA"
"4851","Octopus","MT_60",2020,806.488786617714,806.474598012246,207.531238136853,1.87171908601147,7485.57946709185,-4985.79255355149,0.000257115199706655,-3167370.05534177,406.83113082126,406.824723316554,304.154089290431,0.700474378826478,3975.79068726741,-3308.21592944268,0.000190747494235421,-2801337.18700409,1384.64892131374,1384.60647701226,194.32109817336,7.14901170959372,12685.9431617119,-12404.8733595077,0.000572023555144324,-3557051.53208602,"No MPA"
"4852","Octopus","MT_60",2021,829.27067583696,829.260845741126,99.8391323202088,0.627570486065488,7584.78119883016,-1625.25202401864,8.38387171280455e-05,-3164009.51481224,440.447749531063,440.441263997121,222.628040027179,0.244605660626417,4198.16763610002,-1066.88772629548,6.15248023569451e-05,-2799095.85880095,1405.37959761038,1405.36213239548,51.1165134638804,2.37247583002042,12734.6697341308,-4052.84907987839,0.000187021674471039,-3548699.50780639,"No MPA"
"4853","Octopus","MT_60",2022,840.260484639937,840.254747526988,45.6583859827114,0.207406968507684,7630.22644073141,-529.949211490486,2.73453709011252e-05,-3162914.21199971,465.083208076348,465.077556152582,152.545238326803,0.0833193346676752,4350.62390316839,-344.110294273283,1.98468146200052e-05,-2798373.08136893,1410.7776456598,1410.77205346092,13.1197637707618,0.779209358081344,12747.0046963446,-1325.0658785598,6.11887066001274e-05,-3545971.72460508,"No MPA"
"4854","Octopus","MT_60",2023,845.29501892425,845.292038088031,20.3527491047565,0.0680738198753624,7650.50813518007,-172.851007389954,8.92163090122203e-06,-3162557.11379561,481.972683658455,481.968305600016,99.4460463015932,0.0278566486567995,4450.03771476288,-111.001723546323,6.40295236003218e-06,-2798139.9727982,1412.14414273546,1412.14248633153,3.45462276955131,0.255360224323365,12750.2023024859,-433.527400791851,2.00330462194005e-05,-3545080.18612731,"No MPA"
"4855","Octopus","MT_60",2024,847.541874299509,847.540443138159,8.96079183256942,0.0222748334759844,7659.44522101782,-56.3938397729285,2.91155398118988e-06,-3162440.65662799,492.985987183041,492.982890364859,62.6074079761369,0.00919348716340157,4512.63283243367,-35.8107666000132,2.06594279741565e-06,-2798064.78184125,1412.49838131078,1412.49787731393,0.946056793180994,0.0836816691151087,12751.0641736131,-141.935883843306,6.56317538184091e-06,-3544788.59461036,"No MPA"
"4856","Octopus","MT_60",2025,848.531946376796,848.531296072505,3.92168639848358,0.00727983514160717,7663.35897727687,-18.4039887784613,9.50439559087104e-07,-3162402.666777,499.920426362152,499.918381269302,38.5157122792089,0.00300838654191709,4551.14349123349,-11.5544196839128,6.66660298222552e-07,-2798040.52549434,1412.59386148774,1412.59370060891,0.26969125645314,0.027435519292279,12751.3062684715,-46.5006694706445,2.15162731817524e-06,-3544693.15939599,"No MPA"
"4857","Octopus","MT_60",2026,848.965521801687,848.965237874877,1.71123554553784,0.00237826999529006,7665.0675506256,-6.00774493211633,3.10343103219735e-07,-3162390.27053315,504.186730686386,504.185447905788,23.3494481021843,0.000979171825769731,4574.49067738325,-3.72848399742741,2.15148784949627e-07,-2798032.69955865,1412.62068134419,1412.62062848018,0.0796873869119811,0.00900026368049234,12751.3769027307,-15.2444668586818,7.05830906961866e-07,-3544661.90319337,"No MPA"
"4858","Octopus","MT_60",2027,849.154801707385,849.154681418403,0.745541571292074,0.000776948821523751,7665.81219495909,-1.96168387659563,1.01362303243891e-07,-3162386.2244721,506.773188678372,506.772414570282,14.0271825122342,0.000317660647235318,4588.51676812675,-1.20327607829182,6.94417960142829e-08,-2798030.17435073,1412.628506379,1412.62848886709,0.0242499691424089,0.00295437978888771,12751.3981808081,-5.00087340487617,2.31691064574552e-07,-3544651.65959992,"No MPA"
"4859","Octopus","MT_60",2028,849.23729521539,849.23724543701,0.324530210979043,0.000253854335981865,7666.13642153735,-0.640712754471634,3.3115127249529e-08,-3162384.90350098,508.327033080311,508.326579452589,8.38038085105926,0.000102854346881185,4596.89659249574,-0.388370778049534,2.24156053582507e-08,-2798029.35944543,1412.6308636161,1412.63085783984,0.00754971252918342,0.000970386989451174,12751.4047543574,-1.64155135509361,7.61004411477809e-08,-3544648.30027787,"No MPA"
"4860","Octopus","MT_60",2029,849.273213823276,849.273193609273,0.141191530658366,8.29597213814244e-05,7666.27750989429,-0.209321248459189,1.08215818423551e-08,-3162384.47210947,509.255370378501,509.255110512428,4.9901255910719,3.32653331507019e-05,4601.8864249554,-0.125364797512838,7.23647752753733e-09,-2798029.09643945,1412.63159184986,1412.63158996384,0.00239040228133187,0.000318923515041459,12751.4068239501,-0.539178247891667,2.50108537672142e-08,-3544647.19790476,"No MPA"
"4861","Octopus","MT_60",2030,849.288843934161,849.288835852303,0.0614062042988065,2.71176911627441e-05,7666.33888089904,-0.068403390985488,3.5372697237398e-09,-3162384.33119161,509.808156138686,509.808009905145,2.96547350574589,1.07519385906146e-05,4604.85174147567,-0.0404717580603579,2.33642001410726e-09,-2798029.01154641,1412.63182112437,1412.63182051645,0.000766062376241455,0.000104878267628748,12751.4074845263,-0.177204075399858,8.2248390030331e-09,-3544646.83593059,"No MPA"
"4862","Octopus","MT_60",2031,849.295642763137,849.295639573771,0.0267000452159361,8.86636168742615e-06,7666.36556888853,-0.022359138091682,1.15653140906944e-09,-3162384.28514736,510.136661105555,510.136579986235,1.76019445484476,3.47405697140226e-06,4606.61185133714,-0.0130669913724966,7.54434089198126e-10,-2798028.98414164,1412.63189430461,1412.63189411149,0.000247602643612403,3.45092873563659e-05,12751.4076974266,-0.0582737000648948,2.70631202602881e-09,-3544646.71700021,"No MPA"
"4863","Octopus","MT_60",2032,849.298599323438,849.298598078723,0.0116074416001666,2.8996576723875e-06,7666.37717218575,-0.00731045338605026,3.78231072981098e-10,-3162384.27009867,510.331650351315,510.331605875517,1.04404697026378,1.1223277815809e-06,4607.65585270928,-0.00421935330123537,2.4363411631534e-10,-2798028.97529401,1412.63191789021,1412.63191782986,8.05057784175927e-05,1.13614042981159e-05,12751.4077665106,-0.0191744562084424,8.90992161481627e-10,-3544646.67790097,"No MPA"
"4864","Octopus","MT_60",2033,849.299884764889,849.299884283751,0.00504550704620655,9.48541517875666e-07,7666.38221626312,-0.00239080461111166,1.23727478689373e-10,-3162384.26517903,510.4473073592,510.447283209284,0.61900844770683,3.62560983279452e-07,4608.27483664451,-0.00136258195307723,7.86866465590965e-11,-2798028.97243723,1412.63192554351,1412.63192552499,2.62845003329955e-05,3.74254938645686e-06,12751.407789034,-0.0063127569984621,2.93500878958586e-10,-3544646.66503927,"No MPA"
"4865","Octopus","MT_60",2034,849.300443560032,849.300443375598,0.00219295774155873,3.10365485635157e-07,7666.38440872606,-0.000782083354825195,4.04839566981227e-11,-3162384.2635703,510.515879903057,510.515866896027,0.366913927692079,1.17124619560214e-07,4608.64173744804,-0.000440073818981376,2.54161534218026e-11,-2798028.97151473,1412.63192803871,1412.63192803315,8.60675801425676e-06,1.23349249787272e-06,12751.4077964017,-0.00207947926794043,9.67338287972544e-11,-3544646.66080599,"No MPA"
"4866","Octopus","MT_60",2035,849.300686446402,849.300686376221,0.000953065073260526,1.01577328732826e-07,7666.38536161938,-0.000255899732226647,1.32497045963408e-11,-3162384.26304412,510.556526065275,510.5565191078,0.217453705654973,3.78387796144638e-08,4608.85918415839,-0.000142145887017113,8.21039731093504e-12,-2798028.9712168,1412.63192885492,1412.6319288533,2.8241375776734e-06,4.0675498136148e-07,12751.4077988175,-0.000685367594829919,3.18988293582726e-11,-3544646.65941188,"No MPA"
"4867","Octopus","MT_60",2036,849.300792010238,849.300791983706,0.000414179833237996,3.32525647588964e-08,7666.38577573943,-8.37515928425234e-05,4.33745020514493e-12,-3162384.26287197,510.580615340024,510.580611640249,0.128863670267835,1.22252354814174e-08,4608.98804411665,-4.59185997372862e-05,2.65255131724003e-12,-2798028.97112057,1412.63192912255,1412.63192912209,9.28103103340162e-07,1.34199411505906e-07,12751.4077996109,-0.000226005981847242,1.05242819949625e-11,-3544646.65895252,"No MPA"
"4868","Octopus","MT_60",2037,849.300837887463,849.30083787749,0.000179984443562956,1.08882260979589e-08,7666.38595570301,-2.74170915210209e-05,1.42025543933426e-12,-3162384.26281564,510.594890759202,510.594888801653,0.0763608473313959,3.95015347518979e-09,4609.06440300249,-1.48350238830771e-05,8.57054399009192e-13,-2798028.97108949,1412.63192921045,1412.63192921032,3.05357381575752e-07,4.42979580841868e-08,12751.4077998719,-7.45654537598823e-05,3.47396607343447e-12,-3544646.65880108,"No MPA"
"4869","Octopus","MT_60",2038,849.300857824266,849.300857820536,7.8210465929343e-05,3.56608203303335e-09,7666.38603390618,-8.97745715137528e-06,4.65158166265934e-13,-3162384.2627972,510.60334998205,510.603348950787,0.0452477254971283,1.27646945918678e-09,4609.10964969544,-4.79328044313693e-06,2.76947629293548e-13,-2798028.97107944,1412.63192923935,1412.63192923932,1.00557106586525e-07,1.46293900518934e-08,12751.4077999578,-2.46133519356537e-05,1.14727646402012e-12,-3544646.65875113,"No MPA"
"4870","Octopus","MT_60",2039,849.300866487803,849.300866486415,3.39845847051481e-05,1.16822451578005e-09,7666.38606788821,-2.94027214442274e-06,1.523826886116e-13,-3162384.26279116,510.6083625206,510.608361979339,0.0268110628970782,4.12523142811747e-10,4609.13646021667,-1.54889543658353e-06,8.95016986453304e-14,-2798028.9710762,1412.63192924887,1412.63192924886,3.31392488136178e-08,4.83361721385671e-09,12751.4077999861,-8.12855358385873e-06,3.79065377696987e-13,-3544646.65873464,"No MPA"
"4871","Octopus","MT_60",2040,849.300870252414,849.3008702519,1.47668835154327e-05,3.82790056018926e-10,7666.38608265419,-9.63213390861128e-07,4.99309652069855e-14,-3162384.26278918,510.611332655264,510.611332372093,0.0158864133931077,1.33330196948545e-10,4609.15234634675,-5.00559519043766e-07,2.89273702594958e-14,-2798028.97107515,1412.631929252,1412.631929252,1.09276789394551e-08,1.59777636531712e-09,12751.4077999954,-2.68571118734426e-06,1.25301958056676e-13,-3544646.6587292,"No MPA"
"4872","Octopus","MT_60",2041,849.300871888226,849.300871888036,6.41634287642258e-06,1.25456414162166e-10,7666.38608907022,-3.15614422767661e-07,1.63644790139171e-14,-3162384.26278854,510.613092559343,510.613092411605,0.00941313339027757,4.30974355424454e-11,4609.16175933236,-1.61783192205597e-07,9.35040378490618e-15,-2798028.97107481,1412.63192925304,1412.63192925304,3.60489397569209e-09,5.2838647509623e-10,12751.4077999985,-8.87775276638328e-07,4.14375011280288e-14,-3544646.6587274,"No MPA"
"4873","Octopus","MT_60",2042,849.300872599009,849.300872598939,2.78791633037718e-06,4.11264784556231e-11,7666.38609185802,-1.03440131318467e-07,5.36451960256186e-15,-3162384.26278832,510.614135352753,510.614135275856,0.00557750913013949,1.39321179237202e-11,4609.16733676458,-5.22943550460736e-08,3.02270101409228e-15,-2798028.9710747,1412.63192925338,1412.63192925338,1.19059018295073e-09,1.7481299038789e-10,12751.4077999995,-2.93588301393482e-07,1.37093090527553e-14,-3544646.65872681,"No MPA"
"4874","Octopus","MT_60",2043,849.300872907849,849.300872907824,1.21134162815847e-06,1.3484819615126e-11,7666.38609306933,-3.39092134664019e-08,1.7589538869491e-15,-3162384.26278825,510.614753234242,510.614753194298,0.00330479728343379,4.504282120727e-12,4609.17064152192,-1.69051736750314e-08,9.77244216076066e-16,-2798028.97107467,1412.63192925349,1412.63192925349,3.93334303021659e-10,5.78597382807731e-11,12751.4077999998,-9.71316476261703e-08,4.53751767556017e-15,-3544646.65872661,"No MPA"
"4875","Octopus","MT_60",2044,849.30087304204,849.300873042031,5.26319544322807e-07,4.42244309277142e-12,7666.38609359563,-1.11183754089789e-08,5.76861514549794e-16,-3162384.26278823,510.615119343286,510.615119322573,0.00195816045764495,1.45638627080016e-12,4609.17259966166,-5.4654704886896e-09,3.15975776138278e-16,-2798028.97107466,1412.63192925353,1412.63192925353,1.29968670922865e-10,1.91581923052429e-11,12751.4077999999,-3.21487075872325e-08,1.50243742539888e-15,-3544646.65872655,"No MPA"
"4876","Octopus","MT_60",2045,849.300873100346,849.300873100342,2.28680390882518e-07,1.45067921131828e-12,7666.38609382431,-3.64635078005434e-09,1.89225952568467e-16,-3162384.26278822,510.615336270764,510.615336260038,0.00116024828696806,4.70944657140943e-13,4609.17375989922,-1.76716960896759e-09,1.02175530848395e-16,-2798028.97107465,1412.63192925354,1412.63192925354,4.29491551158086e-11,6.34603624717038e-12,12751.4078,-1.06448999014202e-08,4.97673382163373e-16,-3544646.65872653,"No MPA"
"4877","Octopus","MT_60",2046,849.300873125679,849.300873125678,9.93586814875899e-08,4.7596067553758e-13,7666.38609392367,-1.19610024650896e-09,6.20840993021461e-17,-3162384.26278822,510.615464804699,510.615464799151,0.000687468803204401,1.52301856024137e-13,4609.17444736248,-5.71440934729795e-10,3.30432012239186e-17,-2798028.97107465,1412.63192925354,1412.63192925354,1.46866261458925e-11,2.10288389540796e-12,12751.4078,-3.52605922028592e-09,1.6491386115092e-16,-3544646.65872652,"No MPA"
"4878","Octopus","MT_60",2047,849.300873136686,849.300873136685,4.31697455977912e-08,1.56192377846856e-13,7666.38609396683,-3.92434576080227e-10,2.03736644532752e-17,-3162384.26278822,510.615540963548,510.615540960681,0.000407337677979011,4.92586193468794e-14,4609.17485469729,-1.84801954395575e-10,1.06870807146607e-17,-2798028.97107465,1412.63192925355,1412.63192925355,5.92563772195703e-12,6.97088079658815e-13,12751.4078,-1.16842905709847e-09,5.46675387213964e-17,-3544646.65872652,"No MPA"
"4879","Octopus","MT_60",2048,849.300873141468,849.300873141468,1.8756035771062e-08,5.12668002519777e-14,7666.38609398559,-1.28782256049343e-10,6.68721867430116e-18,-3162384.26278822,510.615586089088,510.615586087608,0.000241354717812965,1.59331142329289e-14,4609.17509605053,-5.9770038301232e-11,3.45682573024905e-18,-2798028.97107465,1412.63192925355,1412.63192925355,1.73748297411277e-12,2.31161040878867e-13,12751.4078,-3.87324269023572e-10,1.81282760699464e-17,-3544646.65872652,"No MPA"
"4880","Octopus","MT_60",2049,849.300873143546,849.300873143546,8.14912864493733e-09,1.68305665552484e-14,7666.38609399374,-4.22700152712761e-11,2.19537163259391e-18,-3162384.26278822,510.615612826786,510.615612826022,0.000143006800235958,5.15418697137576e-15,4609.17523905656,-1.93331192874599e-11,1.11824499264372e-18,-2798028.97107465,1412.63192925355,1412.63192925355,0,7.66816383887916e-14,12751.4078,-1.2844041348255e-10,6.01358215433997e-18,-3544646.65872652,"No MPA"
"4881","Octopus","MT_60",2050,849.300873144449,849.300873144449,3.54064403937087e-09,5.52644621113152e-15,7666.38609399728,-1.38769788989394e-11,7.20867191317332e-19,-3162384.26278822,510.615628669342,510.615628668948,8.47339251894106e-05,1.66747907771249e-15,4609.17532379009,-6.25405083218644e-12,3.61773851335265e-19,-2798028.97107465,1412.63192925355,1412.63192925355,0,2.54456261268362e-14,12751.4078,-4.26067528668763e-11,1.99551504633365e-18,-3544646.65872652,"No MPA"
"4882","Octopus","MT_60",2051,849.300873144841,849.300873144841,1.53874586693349e-09,1.81499902354307e-15,7666.38609399882,-4.55661294622309e-12,2.36747667191482e-19,-3162384.26278822,510.615638056328,510.615638056125,5.020624486305e-05,5.3951186523163e-16,4609.17537399614,-2.0233062261543e-12,1.17051712580119e-19,-2798028.97107465,1412.63192925355,1412.63192925355,0,8.44647114051222e-15,12751.4078,-1.41383977534772e-11,6.62395185927017e-19,-3544646.65872652,"No MPA"
"4883","Octopus","MT_60",2052,849.300873145012,849.300873145012,6.68101626195219e-10,5.96195421010157e-16,7666.38609399949,-1.49648575813452e-12,7.77674661437745e-20,-3162384.26278822,510.615643618275,510.615643618171,2.97480131761841e-05,1.74574835994189e-16,4609.17540374405,-6.54639515735393e-13,3.7875503062674e-20,-2798028.97107465,1412.63192925355,1412.63192925355,0,2.80461582278684e-15,12751.4078,-4.69312753408265e-12,2.19945583011378e-19,-3544646.65872652,"No MPA"
"4884","Octopus","MT_60",2053,849.300873145086,849.300873145086,2.89767420006885e-10,1.95876002960085e-16,7666.38609399978,-4.91569386558055e-13,2.55499789024972e-20,-3162384.26278822,510.615646913821,510.615646913767,1.76261730354242e-05,5.64939538425266e-17,4609.17542137016,-2.1182775062874e-13,1.22568461587808e-20,-2798028.97107465,1412.63192925355,1412.63192925355,0,9.31543234628409e-16,12751.4078,-1.55833359535359e-12,7.30541481567556e-20,-3544646.65872652,"No MPA"
"4885","Octopus","MT_60",2054,849.300873145118,849.300873145118,1.26111402062802e-10,6.43654428004775e-17,7666.3860939999,-1.6150182175734e-13,8.39579979553262e-21,-3162384.26278822,510.615648866485,510.615648866457,1.0443785739401e-05,1.82835966806419e-17,4609.17543181392,-6.85493245413768e-14,3.9667825606878e-21,-2798028.97107465,1412.63192925355,1412.63192925355,0,3.09499521119625e-16,12751.4078,-5.17594996880304e-13,2.42717922580772e-20,-3544646.65872652,"No MPA"
"4886","Octopus","MT_60",2055,849.300873145132,849.300873145132,5.43915589049499e-11,2.11544532757408e-17,7666.38609399996,-5.30699836294538e-14,2.75937749760573e-21,-3162384.26278822,510.61565002347,510.615650023456,6.18810625488508e-06,5.91779987551266e-18,4609.17543800201,-2.21851740337372e-14,1.28391725658048e-21,-2798028.97107465,1412.63192925355,1412.63192925355,0,1.0285849676794e-16,12751.4078,-1.71967760285726e-13,8.06644241806308e-21,-3544646.65872652,"No MPA"
"4887","Octopus","MT_60",2056,849.300873145138,849.300873145138,2.31043790038727e-11,6.95387634329305e-18,7666.38609399998,-1.74420689144279e-14,9.07060544307239e-22,-3162384.26278822,510.615650709002,510.615650708994,3.66654871291922e-06,1.91556785602952e-18,4609.17544166855,-7.18061233414188e-15,4.15598816273282e-22,-2798028.97107465,1412.63192925355,1412.63192925355,0,3.41931895939816e-17,12751.4078,-5.71514464757525e-14,2.6815227095146e-21,-3544646.65872652,"No MPA"
"4888","Octopus","MT_60",2057,849.300873145141,849.300873145141,1.01081658141943e-11,2.2862664577806e-18,7666.38609399999,-5.73354408271176e-15,2.98219582179655e-22,-3162384.26278822,510.61565111519,510.615651115186,2.17248646889859e-06,6.20116197431497e-19,4609.17544384104,-2.32433513210454e-15,1.34539508265498e-22,-2798028.97107465,1412.63192925355,1412.63192925355,0,1.13698426249708e-17,12751.4078,-1.89988217436675e-14,8.91653910164402e-22,-3544646.65872652,"No MPA"
"4889","Octopus","MT_60",2058,849.300873145141,849.300873145141,4.33207106322615e-12,7.51796107088705e-19,7666.386094,-1.88505070745947e-15,9.80639505851511e-23,-3162384.26278822,510.615651355863,510.615651355861,1.2872314486849e-06,2.00764314412744e-19,4609.17544512827,-7.52444168445006e-16,4.35575336324013e-23,-2798028.97107465,1412.63192925355,1412.63192925355,0,3.78164677724951e-18,12751.4078,-6.31744554545431e-15,2.96567001586249e-22,-3544646.65872652,"No MPA"
"4890","Octopus","MT_60",2059,849.300873145142,849.300873145142,1.9253649169894e-12,2.47255114856406e-19,7666.386094,-6.19863786528438e-16,3.22518474578155e-23,-3162384.26278822,510.615651498466,510.615651498465,7.62704139940148e-07,6.5003616082357e-20,4609.17544589097,-2.43605856718795e-16,1.41030899900032e-23,-2798028.97107465,1412.63192925355,1412.63192925355,0,1.25810106500265e-18,12751.4078,-2.10120301357098e-15,9.86636993134715e-23,-3544646.65872652,"No MPA"
"4891","Octopus","MT_60",2060,849.300873145142,849.300873145142,4.8134122924735e-13,8.13319402336111e-20,7666.386094,-2.0386443915881e-16,1.06089021915117e-23,-3162384.26278822,510.61565158296,510.615651582959,4.51913674155823e-07,2.10487207166667e-20,4609.17544634288,-7.88748818606436e-17,4.5666998281507e-24,-2798028.97107465,1412.63192925355,1412.63192925355,0,4.18653445830371e-19,12751.4078,-6.99040895374989e-16,3.28319392177522e-23,-3544646.65872652,"No MPA"
"4892","Octopus","MT_60",2061,849.300873145142,849.300873145142,4.8134122924735e-13,2.67575463114768e-20,7666.386094,-6.70590389648855e-17,3.49024246671039e-24,-3162384.26278822,510.615651633024,510.615651633023,2.67765638889625e-07,6.8163318789459e-21,4609.17544661065,-2.55403539007202e-17,1.47886144892885e-24,-2798028.97107465,1412.63192925355,1412.63192925355,0,1.39346161174932e-19,12751.4078,-2.32617146401088e-16,1.09279040683595e-23,-3544646.65872652,"No MPA"
"4893","Octopus","MT_60",2062,849.300873145142,849.300873145142,4.8134122924735e-13,8.80439315073633e-21,7666.386094,-2.20618779725671e-17,1.1484411354689e-24,-3162384.26278822,510.615651662687,510.615651662687,1.58655267780157e-07,2.20755850365884e-21,4609.1754467693,-8.27088405131035e-18,4.78948681652414e-25,-2798028.97107465,1412.63192925355,1412.63192925355,0,4.63909522578909e-20,12751.4078,-7.74251512731898e-17,3.63810435565326e-24,-3544646.65872652,"No MPA"
"4894","Octopus","MT_60",2063,849.300873145142,849.300873145142,4.8134122924735e-13,2.89747206817898e-21,7666.386094,-7.25931462672035e-18,3.77944970766167e-25,-3162384.26278822,510.615651680264,510.615651680263,9.40056343851174e-08,7.15006233948952e-22,4609.17544686331,-2.67863430705034e-18,1.55126712403651e-25,-2798028.97107465,1412.63192925355,1412.63192925355,0,1.54477900156741e-20,12751.4078,-2.57762859485267e-17,1.21145760985497e-24,-3544646.65872652,"No MPA"
"4895","Octopus","MT_60",2064,849.300873145142,849.300873145142,4.8134122924735e-13,9.53683998478342e-22,7666.386094,-2.38899615282244e-18,1.2439811754651e-25,-3162384.26278822,510.615651690678,510.615651690678,5.56997190381964e-08,2.31602469825408e-22,4609.17544691901,-8.67582999395135e-19,5.02481349420146e-26,-2798028.97107465,1412.63192925355,1412.63192925355,0,5.14506871804407e-21,12751.4078,-8.58328258715752e-18,4.03490249762388e-25,-3544646.65872652,"No MPA"
"4896","Octopus","MT_60",2065,849.300873145142,849.300873145142,4.8134122924735e-13,3.13945220639003e-22,7666.386094,-7.8632247343975e-19,4.09508752611231e-26,-3162384.26278822,510.615651696848,510.615651696848,3.30028447817268e-08,7.50260247199827e-23,4609.17544695201,-2.81024634323251e-19,1.6277537182954e-26,-2798028.97107465,1412.63192925355,1412.63192925355,0,1.71397632958514e-21,12751.4078,-2.85876353138592e-18,1.34414674557356e-25,-3544646.65872652,"No MPA"
"4897","Panulirus","MT",2015,8.98090564501274,8.98090564501274,25.4938106064396,0.232829723211135,169.542864683228,-57828.3322499724,0.00161371418974455,-347198.388430952,5.04260248590818,5.04260248590818,5.09877008689915,0.0548129077008454,86.0554068791983,-23291.3709237365,0.000676606922895807,-200703.018838875,13.6688564116022,13.6688564116022,86.2239204372214,0.91092516239381,304.908705374828,-168005.623544219,0.00414819197505721,-639987.200070488,"No MPA"
"4898","Panulirus","MT",2016,10.5532893694117,10.5532869597392,26.8243258465256,0.00442746968742057,196.362760650394,-933.677634803945,2.61143205025424e-05,-290303.733815783,5.3565663898357,5.35656619635298,4.87769362089554,0.000600099915047067,90.9325002066961,-239.982852069517,6.97341557487632e-06,-177651.630767208,18.9792109805702,18.97918097112,108.502547652826,0.0301456447169598,413.381077373487,-3915.1135046329,9.88804584384153e-05,-475896.690030901,"No MPA"
"4899","Panulirus","MT",2017,12.2227086252904,12.2226982473107,27.215163059712,8.31639950564501e-05,223.577830168131,-15.1088410111584,4.23525559585448e-07,-289385.16502199,5.66014376103841,5.66014294683304,4.60389847423805,6.53712279846135e-06,95.5363913296059,-2.47331697079504,7.18898697040541e-08,-177414.121232109,25.7311337608485,25.730998284961,127.762844774684,0.000993338794830865,541.142793333488,-93.319251545716,2.40335054377723e-06,-472074.895777814,"No MPA"
"4900","Panulirus","MT",2018,13.9167256773554,13.9167075305575,26.5360136556027,1.538939748151e-06,250.113824137997,-0.245026955898402,6.88329758423689e-09,-289370.301207935,5.94671550993573,5.94671418024847,4.29128483976628,7.08223646488834e-08,99.8276747688626,-0.0254972250735932,7.41313306221811e-10,-177411.673412363,33.6837324230077,33.683461648281,137.430661497827,3.21233883890327e-05,678.5731519332,-2.26802981182411,5.93718396500422e-08,-471983.84455608,"No MPA"
"4901","Panulirus","MT",2019,15.5684732964143,15.5684487432227,24.8304183428099,2.80368198759389e-08,274.944217899578,-0.00398210820275554,1.12097169610085e-10,-289370.060163087,6.213828820692,6.21382709915485,3.95253830274289,7.6330386208595e-10,103.780211349305,-0.000262916970500529,7.64621869497985e-12,-177411.648178055,42.2381610930351,42.2377600780559,132.111033457784,1.00838654962266e-06,810.683783367619,-0.0560248622932845,1.48625398700188e-09,-471981.632551131,"No MPA"
"4902","Panulirus","MT",2020,17.1140548873117,17.1140260537876,22.3014369204246,5.028967125642e-10,297.245625985975,-6.4847698604432e-05,1.82910017611023e-12,-289370.056245827,6.45985664589437,6.45985465428859,3.60010492784353,8.18682737298972e-12,107.380314285535,-2.71178843751343e-06,7.88862459048392e-14,-177411.64791785,50.4614604038496,50.4609809452726,111.638904204557,3.04800799110552e-08,922.322208083119,-0.00140237184967682,3.7602209939399e-11,-471981.57792864,"No MPA"
"4903","Panulirus","MT",2021,18.5022183663282,18.5021877170308,19.2611304096223,8.88792055165960e-12,316.506725746292,-1.05808976024286e-06,2.99011253487668e-14,-289370.056182037,6.6839470440169,6.68394489474403,3.2453618352888,8.7415569092935e-14,110.62567397155,-2.79771411018763e-08,8.14074805703487e-16,-177411.647915166,57.4104558863148,57.4099814276939,82.6026374428988,8.84795679920637e-10,1004.92437106651,-3.54779117499486e-05,9.59386986555676e-13,-471981.576561746,"No MPA"
"4904","Panulirus","MT",2022,19.7011361722973,19.7011060312347,16.0496937507581,1.549841104615e-13,332.556389355987,-1.7296557840934e-08,4.89673473292333e-16,-289370.056180996,6.88595625235686,6.88595404324915,2.89801070174809,9.29587565256034e-16,113.523682464191,-2.88708790579342e-10,8.4030037302431e-18,-177411.647915138,62.5520732002122,62.5516772982281,54.1983242023871,2.47621482815178e-11,1059.12229936689,-9.05148115140904e-07,2.46419684020123e-14,-471981.576527173,"No MPA"
"4905","Panulirus","MT",2023,20.7001563591467,20.7001285368309,12.9591351147798,2.67128138559043e-15,345.515496648451,-2.83248750899759e-10,8.03260114367204e-18,-289370.056180979,7.06634439357996,7.06634220498852,2.56574777344205,9.84911159847902e-18,116.089428049041,-2.98005704982092e-12,8.67582434617545e-20,-177411.647915138,65.9256532187236,65.9253671589118,32.3635302530379,6.73907648913908e-13,1091.48554356012,-2.32481743628143e-08,6.36305353849564e-16,-471981.576526292,"No MPA"
"4906","Panulirus","MT",2024,21.5068031589525,21.506778781898,10.1887027993985,4.5599936835503e-17,355.704175070795,-4.64631841032232e-12,1.31976965501861e-19,-289370.056180979,7.2260506463663,7.22604854030639,2.25418663970637,1.0401216402577e-19,118.343612582688,-3.07677509360392e-14,8.95966154800562e-22,-177411.647915138,67.940121250405,67.9399362755043,18.1170487957362,1.80103398218849e-14,1109.60240738095,-6.00304567962266e-10,1.65009792691542e-17,-471981.576526269,"No MPA"
"4907","Panulirus","MT",2025,22.1410030816904,22.1409826191016,7.83801494217456,7.72471556049144e-19,363.542169550381,-7.63385832718529e-14,2.17167384060988e-21,-289370.056180979,7.36636360922717,7.36636163014952,1.96697847776635,1.09526824745318e-21,120.310589081377,-3.17740221348428e-16,9.25498672752294e-24,-177411.647915138,69.0678154575586,69.0677049718371,9.74745799343828,4.76460709621499e-16,1119.34975488867,-1.55672411827691e-11,4.29400489993309e-19,-471981.576526268,"No MPA"
"4908","Panulirus","MT",2026,22.6288833824832,22.6288667961308,5.92630834715875,1.30095593048817e-20,369.468461311187,-1.25613211595095e-15,3.57856218495752e-23,-289370.056180979,7.48879914912605,7.48879732579895,1.7060623822427,1.15044468567482e-23,122.016649640292,-3.28210552436632e-18,9.56229190305929e-26,-177411.647915138,69.6745444934596,69.6744819961219,5.12725555815081,1.25437506603028e-17,1124.47694794948,-4.05100002668235e-13,1.12063181239905e-20,-471981.576526268,"No MPA"
"4909","Panulirus","MT",2027,22.9977686903739,22.9977556219376,4.42120005722591,2.18162871973663e-22,373.889648299977,-2.06988075953026e-17,5.90478416436091e-25,-289370.056180979,7.59499383206724,7.5949921800744,1.47198159867082,1.20577933523002e-25,123.48862958697,-3.39105940643923e-20,9.8820906355691e-28,-177411.647915138,69.9936894608677,69.99365539826,2.66409394940872,3.29657749687116e-19,1127.14100783628,-1.05721054690396e-14,2.93165835967642e-22,-471981.576526268,"No MPA"
"4910","Panulirus","MT",2028,23.2729679194076,23.272957855933,3.26487965317858,3.64744878633188e-24,377.154517889681,-3.41537057377608e-19,9.75542411585827e-27,-289370.056180979,7.68661803785312,7.68661656229735,1.26421394354673,1.26142612104149e-27,124.752842054961,-3.50444584439903e-22,1.02149189847407e-29,-177411.647915138,70.1595153417467,70.1594972525826,1.37529709672956,8.66246128272444e-21,1128.51628684385,-2.76573961575e-16,7.68534457985591e-24,-471981.576526268,"No MPA"
"4911","Panulirus","MT",2029,23.4761915324916,23.4761839249625,2.39262662945051,6.08583972914839e-26,379.547136911602,-5.64258068499762e-21,1.61362075472122e-28,-289370.056180979,7.76530964203271,7.76530834014744,1.0814806044375,1.31755654769296e-29,125.834321357513,-3.62245477904977e-24,1.05613365071325e-31,-177411.647915138,70.2451203441019,70.2451109170923,0.707580005284283,2.27774377704435e-22,1129.22385742212,-7.25038322830491e-18,2.01835321022585e-25,-471981.576526268,"No MPA"
"4912","Panulirus","MT",2030,23.6251214266294,23.6251157610625,1.7435048750051,1.01415300478083e-27,381.29063612104,-9.33321983133411e-23,2.67200921725619e-30,-289370.056180979,7.83262691927813,7.83262578276016,0.922012679071089,1.37435313818732e-31,126.756332900066,-3.74528447162851e-26,1.0921927298422e-33,-177411.647915138,70.2891634660331,70.2891586228624,0.36340900494922,5.99521047689405e-24,1129.5872615839,-1.9041213663932e-19,5.30914332959719e-27,-471981.576526268,"No MPA"
"4913","Panulirus","MT",2031,23.7336464990759,23.7336423307825,1.26521525763519,1.68881125912308e-29,382.555847210382,-1.545492175752e-24,4.42919811244417e-32,-289370.056180979,7.89001803761673,7.89001705458665,0.78376696487633,1.43200430923671e-33,127.540098881913,-3.87314188154823e-28,1.12973010819342e-35,-177411.647915138,70.3117837590455,70.3117812986722,0.186476904977057,1.57976694866731e-25,1129.7737360285,-5.00866313650632e-21,1.39853475906121e-28,-471981.576526268,"No MPA"
"4914","Panulirus","MT",2032,23.8124002629937,23.8123972267294,0.915348543536639,2.81143974231057e-31,383.471192717654,-2.56184658968283e-26,7.34909775411116e-34,-289370.056180979,7.93880398457934,7.9388031411452,0.664590957577593,1.49070058226238e-35,128.204688996056,-4.00624305848754e-30,1.16880943456924e-37,-177411.647915138,70.3233909639703,70.3233897254736,0.0956430891325396,4.16750955947006e-27,1129.86937787914,-1.31938212467528e-22,3.68880028507544e-30,-471981.576526268,"No MPA"
"4915","Panulirus","MT",2033,23.86937645028,23.8693742568038,0.660769492706216,4.68026111518105e-33,384.131960016884,-4.25070950146249e-28,1.22049891983965e-35,-289370.056180979,7.98017176375253,7.98017104519739,0.562342057436684,1.55063195590769e-37,128.767030334938,-4.14481354989541e-32,1.20949715303063e-39,-177411.647915138,70.329344243853,70.3293436251742,0.0490432219788549,1.10062576819551e-28,1129.91842048244,-3.48002570653609e-24,9.7411772028762e-32,-471981.576526268,"No MPA"
"4916","Panulirus","MT",2034,23.9105062762249,23.9105047025186,0.476232776371801,7.79273538381184e-35,384.60819121955,-7.05934422660967e-30,2.02866122222281e-37,-289370.056180979,8.01517501136598,8.01517440300521,0.474968369126508,1.61198623754205e-39,129.241998095703,-4.2890888250482e-34,1.25186262700915e-41,-177411.647915138,70.332396927816,70.3323966207698,0.0251449861485217,2.90976458320703e-30,1129.94356516154,-9.18985675138339e-26,2.57519883537675e-33,-471981.576526268,"No MPA"
"4917","Panulirus","MT",2035,23.9401495507906,23.9401484283244,0.342836539583513,1.29791063370576e-36,384.951026636667,-1.17337321316e-31,3.37463097604185e-39,-289370.056180979,8.04473964229201,8.04473913005678,0.400559057489511,1.6749481328328e-41,129.642556640958,-4.43931471682106e-36,1.2959782689897e-43,-177411.647915138,70.3339620722717,70.3339619207436,0.0128912946957654,7.70023292121957e-32,1129.95645630471,-2.42945052716652e-27,6.81470577769446e-35,-471981.576526268,"No MPA"
"4918","Panulirus","MT",2036,23.9614895309171,23.961488734303,0.246600134269249,2.16257199113383e-38,385.197625974322,-1.95187814471043e-33,5.6177849473697e-41,-289370.056180979,8.06967263045024,8.06967220125431,0.337371716103181,1.73969891141499e-43,129.979927927865,-4.59574788233533e-38,1.34191967602128e-45,-177411.647915138,70.334764488607,70.3347644141952,0.00660887574782646,2.03962472886527e-33,1129.96306510605,-6.42901441415679e-29,1.80504719449785e-36,-471981.576526268,"No MPA"
"4919","Panulirus","MT",2037,23.9768392430589,23.9768386801463,0.177271570010322,3.60486090322458e-40,385.37489698142,-3.24931157731426e-35,9.35847150303377e-43,-289370.056180979,8.0906724927701,8.09067213471234,0.283843163544408,1.80641649375652e-45,130.263770733352,-4.75865628363436e-40,1.38976577132247e-47,-177411.647915138,70.3351758571008,70.3351758207175,0.00338806168022211,5.4071775625353e-35,1129.96645313134,-1.70288707538115e-30,4.78526929994962e-38,-471981.576526268,"No MPA"
"4920","Panulirus","MT",2038,23.9878735749265,23.9878731786585,0.127378901367448,6.01186907737142e-42,385.50227548652,-5.41291305930718e-37,1.56000539701215e-44,-289370.056180979,8.10834044516269,8.10834014761006,0.238588865181737,1.87527583338206e-47,130.502359300981,-4.92831968953016e-42,1.43959895225979e-49,-177411.647915138,70.335386746609,70.3353867288881,0.00173688538899479,1.43463002306012e-36,1129.96818999901,-4.51443776840558e-32,1.26962178341153e-39,-471981.576526268,"No MPA"
"4921","Panulirus","MT",2039,23.9958023204168,23.9958020423905,0.0915000181257687,1.0030840957614e-43,385.593775226619,-9.02302467688442e-39,2.60201864494392e-46,-289370.056180979,8.12319152249424,8.12319127608178,0.200394999298219,1.94644949607544e-49,130.702754053867,-5.10503019975948e-44,1.49150524498862e-51,-177411.647915138,70.3354948588975,70.335494850296,0.000890407730068983,3.809207090812e-38,1129.96908039814,-1.19776509243753e-33,3.37107462401013e-41,-471981.576526268,"No MPA"
"4922","Panulirus","MT",2040,24.0014977723386,24.0014975778513,0.0657125069037157,1.67444511091529e-45,385.659487539036,-1.50499960977025e-40,4.34251077855533e-48,-289370.056180979,8.13566520470591,8.13566500128205,0.16820615238189,2.02010836171198e-51,130.870960002825,-5.28909279259209e-46,1.54557446605865e-53,-177411.647915138,70.3355502822837,70.3355502781214,0.000456462913147399,1.01212128350934e-39,1129.96953685689,-3.18028215922903e-35,8.95707060590281e-43,-471981.576526268,"No MPA"
"4923","Panulirus","MT",2041,24.0055880715639,24.0055879358767,0.0471851485876414,2.79644277840952e-47,385.706672551936,-2.5116946717552e-42,7.2510670280077e-50,-289370.056180979,8.1461352770167,8.14613510955552,0.141110778368274,2.09642239433825e-53,131.012070613732,-5.48082589704778e-48,1.60190039129974e-55,-177411.647915138,70.335578694811,70.3355786928025,0.000234002963605123,2.69099645903152e-41,1129.96977085785,-8.45012793166509e-37,2.38147699678636e-44,-471981.576526268,"No MPA"
"4924","Panulirus","MT",2042,24.0085251287852,24.0085250343483,0.0338776011958226,4.67235772350572e-49,385.740550058695,-4.19399421790495e-44,1.21137591684627e-51,-289370.056180979,8.15491878502678,8.15491864752274,0.118325889955588,2.17556144206835e-55,131.130396366183,-5.68056199090092e-50,1.66058093231763e-57,-177411.647915138,70.3355932603299,70.3355932593631,0.000119960079400654,7.15907414020699e-43,1129.96989081696,-2.24669271596746e-38,6.33563332835637e-46,-471981.576526268,"No MPA"
"4925","Panulirus","MT",2043,24.0106338529277,24.010633787344,0.0243211490808072,7.81005031231676e-51,385.764871142192,-7.00655959529391e-46,2.02468999707162e-53,-289370.056180979,8.16228403692227,8.16228392427839,0.0991819465958694,2.25769604071523e-57,131.229578200135,-5.8886482256828e-52,1.72171832094428e-59,-177411.647915138,70.3356007272512,70.3356007267869,6.14966963269155e-05,1.90566046009069e-44,1129.96995231319,-5.97705594812374e-40,1.68647012242243e-47,-471981.576526268,"No MPA"
"4926","Panulirus","MT",2044,24.0121477322195,24.0121476867641,0.017459417807321,1.30602356690229e-52,385.782330514544,-1.17107418087924e-47,3.3855430256869e-55,-289370.056180979,8.16845766502416,8.16845757294103,0.0831085356746396,2.34299820438038e-59,131.312686643727,-6.10544707992998e-54,1.78541930200289e-61,-177411.647915138,70.3356045551182,70.3356045548956,3.15258315155981e-05,5.07530328681915e-46,1129.9699838388,-1.59102109509978e-41,4.49153827182772e-49,-471981.576526268,"No MPA"
"4927","Panulirus","MT",2045,24.0132345005066,24.0132344690594,0.0125330542528352,2.18483797536432e-54,385.79486353735,-1.95818714215877e-49,5.66339566364126e-57,-289370.056180979,8.17363079605448,8.17363072092471,0.0696211824511111,2.43164219306231e-61,131.382307751048,-6.33133704197228e-56,1.85179533476445e-63,-177411.647915138,70.3356065174471,70.3356065173407,1.61614781211041e-05,1.35235350145723e-47,1129.97000000017,-4.23733100562904e-43,1.19680480083572e-50,-471981.576526268,"No MPA"
"4928","Panulirus","MT",2046,24.0140146254419,24.0140146037223,0.00899644214493703,3.65636997226049e-56,385.803859957775,-3.2756896815328e-51,9.47749781159256e-59,-289370.056180979,8.17796440038017,8.17796433919114,0.0583094451345001,2.52380525224536e-63,131.440617134994,-6.56671332360441e-58,1.92096280348962e-65,-177411.647915138,70.3356075234206,70.3356075233698,8.285054969818e-06,3.6050820362032e-49,1129.97000828518,-1.12906932621109e-44,3.1904227866264e-52,-471981.576526268,"No MPA"
"4929","Panulirus","MT",2047,24.0145746126063,24.0145745976285,0.00645765915103209,6.12118564786033e-58,385.810317601948,-5.48175391624606e-53,1.58660560095295e-60,-289370.056180979,8.18159390022895,8.18159385047509,0.0488263328036952,2.61966832284994e-65,131.489443418043,-6.81198860604155e-60,1.99304323746795e-67,-177411.647915138,70.3356080391253,70.3356080391011,4.24726654094449e-06,9.61441027874843e-51,1129.97001253242,-3.00985465925077e-46,8.50855350872632e-54,-471981.576526268,"No MPA"
"4930","Panulirus","MT",2048,24.0149765722389,24.014976561925,0.00463524387917342,1.02510334770838e-59,385.814952835514,-9.17687511307094e-55,2.6570138258708e-62,-289370.056180979,8.18463311921832,8.18463307882336,0.0408790088632793,2.7194167222374e-67,131.530322386512,-7.06759381961918e-62,2.06816354098526e-69,-177411.647915138,70.3356083034972,70.3356083034857,2.17732598604551e-06,2.56507171441381e-52,1129.97001470973,-8.02699552204085e-48,2.27003520975337e-55,-471981.576526268,"No MPA"
"4931","Panulirus","MT",2049,24.0152650949155,24.0152650878226,0.00332709448220537,1.71727158087087e-61,385.818279922903,-1.53680813084004e-56,4.45102391342839e-64,-289370.056180979,8.1871776532167,8.1871776204657,0.0342206984179586,2.82324079846278e-69,131.564543052179,-7.33397895876256e-64,2.14645623366981e-71,-177411.647915138,70.3356084390254,70.3356084390199,1.11618767917025e-06,6.84594447672668e-54,1129.97001582591,-2.14155819139606e-49,6.05851871076911e-57,-471981.576526268,"No MPA"
"4932","Panulirus","MT",2050,24.0154721913099,24.0154721864381,0.00238810896477136,2.87768007932273e-63,385.820668026996,-2.57445770100909e-58,7.45864109988332e-66,-289370.056180979,8.18930773747517,8.18930771095579,0.028643694675863,2.931336560886e-71,131.593186720335,-7.61161393381978e-66,2.22805970168859e-73,-177411.647915138,70.3356085085028,70.3356085085002,5.72203932660919e-07,1.82773270587419e-55,1129.97001639812,-5.71562516608539e-51,1.61750549154024e-58,-471981.576526268,"No MPA"
"4933","Panulirus","MT",2051,24.0156208401698,24.0156208368274,0.00171411753833036,4.82360382472255e-65,385.822382141192,-4.31405364733399e-60,1.25021913673734e-67,-289370.056180979,8.19109067843952,8.19109065699166,0.0239733502160144,3.04390629075913e-73,131.617160049103,-7.90098946142507e-68,2.31311846028647e-75,-177411.647915138,70.3356085441198,70.3356085441185,2.93335301730848e-07,4.88120067684397e-57,1129.97001669145,-1.5259596503833e-52,4.31976123791611e-60,-471981.576526268,"No MPA"
"4934","Panulirus","MT",2052,24.0157275361558,24.0157275338651,0.00123034023594786,8.08760939483168e-67,385.823612479137,-7.2312266274175e-62,2.09620016092212e-69,-289370.056180979,8.19258291154594,8.19258289421898,0.0200629386517317,3.16115913563403e-75,131.637222970428,-8.20261799513511e-70,2.40178342818402e-77,-177411.647915138,70.3356085623785,70.3356085623779,1.50375701262941e-07,1.30396297047747e-58,1129.97001684182,-4.07527602399166e-54,1.15398015099151e-61,-471981.576526268,"No MPA"
"4935","Panulirus","MT",2053,24.0158041192216,24.0158041176532,0.000883097259910194,1.35638307271896e-68,385.824495574829,-1.21243532001259e-63,3.51555225989705e-71,-289370.056180979,8.1938317391786,8.19383172519523,0.0167892773784257,3.28331169147386e-77,131.654012233823,-8.51703469816171e-72,2.49421221437284e-79,-177411.647915138,70.3356085717387,70.3356085717384,7.70887225354358e-08,3.48432861034691e-60,1129.97001691891,-1.08866841996255e-55,3.08355846475054e-63,-471981.576526268,"No MPA"
"4936","Panulirus","MT",2054,24.0158590880013,24.0158590869285,0.000633856425711857,2.27537428865164e-70,385.825129430182,-2.03338393103752e-65,5.89743345694277e-73,-289370.056180979,8.19487679616308,8.19487678488897,0.0140490103093871,3.41058857627247e-79,131.668061232858,-8.84479846010793e-74,2.59056941787255e-81,-177411.647915138,70.3356085765371,70.335608576537,3.95188074274353e-08,9.31278323750214e-62,1129.97001695843,-2.90903852964685e-57,8.24161977580192e-65,-471981.576526268,"No MPA"
"4937","Panulirus","MT",2055,24.0158985426782,24.015898541945,0.000454959325908624,3.8179183287216e-72,385.825584388774,-3.41105622317378e-67,9.89546309341215e-75,-289370.056180979,8.19575128387713,8.19575127479556,0.0117554591740886,3.54322299883572e-81,131.679816682951,-9.18649295970281e-76,2.69102694103916e-83,-177411.647915138,70.335608578997,70.3356085789969,2.02589390159341e-08,2.48965013201737e-63,1129.97001697869,-7.77516941824752e-59,2.20328866664872e-66,-471981.576526268,"No MPA"
"4938","Panulirus","MT",2056,24.0159268618274,24.0159268613267,0.000326553054532733,6.40765448528645e-74,385.825910941328,-5.72350348482579e-69,1.66076453833671e-76,-289370.056180979,8.1964830083689,8.19648300105965,0.00983596204265223,3.68145732619044e-83,131.689652637684,-9.54272777562207e-78,2.79576431704152e-85,-177411.647915138,70.335608580258,70.3356085802579,1.03855385637759e-08,6.65714566995469e-65,1129.97001698908,-2.07858929755485e-60,5.89143567521777e-68,-471981.576526268,"No MPA"
"4939","Panulirus","MT",2057,24.0159471882717,24.0159471879301,0.000234387566394368,1.07563738790023e-75,385.826145328553,-9.60580776072741e-71,2.78788271447077e-78,-289370.056180979,8.19709525281057,8.1970952469324,0.00822962760302625,3.82554365288458e-85,131.697882259409,-9.91413954757823e-80,2.90496905215109e-87,-177411.647915138,70.3356085809044,70.3356085809044,5.32404984265857e-09,1.7804169913372e-66,1129.9700169944,-5.55799851699272e-62,1.57563206507135e-69,-471981.576526268,"No MPA"
"4940","Panulirus","MT",2058,24.0159617778341,24.0159617776012,0.000168234525679481,1.80602199623432e-77,385.826313562846,-1.6125022413968e-72,4.68092175221896e-80,-289370.056180979,8.19760751016581,8.19760750544205,0.00688544297803397,3.97574437524003e-87,131.704767697663,-1.03013931899646e-81,3.01883698351972e-89,-177411.647915138,70.3356085812358,70.3356085812358,2.72930055805184e-09,4.76247659676313e-68,1129.97001699713,-1.48645613119912e-63,4.21469289019793e-71,-471981.576526268,"No MPA"
"4941","Panulirus","MT",2059,24.0159722496707,24.015972249512,0.000120752323351953,3.03296076805803e-79,385.82643431501,-2.7074298269879e-74,7.86094846683867e-82,-289370.056180979,8.1980360980776,8.19803609428417,0.00576068133150597,4.13233277342736e-89,131.710528375202,-1.07051831604422e-83,3.13757265315097e-91,-177411.647915138,70.3356085814057,70.3356085814057,1.39913677493437e-09,1.27413495750467e-69,1129.97001699853,-3.9761542219391e-65,1.12758297860916e-72,-471981.576526268,"No MPA"
"4942","Panulirus","MT",2060,24.015979765956,24.0159797658479,8.66713823395124e-05,5.09440755911983e-81,385.826520986284,-4.54674687383747e-76,1.32038841977617e-83,-289370.056180979,8.19839467463661,8.19839467159228,0.00481956309691482,4.29559360405555e-91,131.715347935254,-1.11262347859705e-85,3.2613896988032e-93,-177411.647915138,70.3356085814928,70.3356085814928,7.17238340555062e-10,3.4092896709747e-71,1129.97001699925,-1.06376524643363e-66,3.01715056124285e-74,-471981.576526268,"No MPA"
"4943","Panulirus","MT",2061,24.0159851608574,24.0159851607838,6.22093763646837e-05,8.5585555936098e-83,385.826583195587,-7.63708341861473e-78,2.2182393195117e-85,-289370.056180979,8.1986946708173,8.19869466837565,0.00403213136301449,4.46582370581268e-93,131.719380064175,-1.15653056488946e-87,3.39051126259608e-95,-177411.647915138,70.3356085815375,70.3356085815374,3.67638540563893e-10,9.12374471318633e-73,1129.97001699961,-2.84638910944428e-68,8.07432460678505e-76,-471981.576526268,"No MPA"
"4944","Panulirus","MT",2062,24.0159890331098,24.0159890330598,4.46514837710302e-05,1.43808361436716e-84,385.826627847021,-1.28302236449576e-79,3.72727975987981e-87,-289370.056180979,8.19894565291178,8.19894565095463,0.00337330780799484,4.64333262055632e-95,131.722753370026,-1.20231870358262e-89,3.52517041812796e-97,-177411.647915138,70.3356085815603,70.3356085815603,1.88496507817216e-10,2.44195884498598e-74,1129.9700169998,-7.61734264179504e-70,2.16108286790659e-77,-471981.576526268,"No MPA"
"4945","Panulirus","MT",2063,24.015991812463,24.015991812429,3.20491034256193e-05,2.41680629928145e-86,385.82665989609,-2.15584641759136e-81,6.26396968184678e-89,-289370.056180979,8.1991556261999,8.19915562463198,0.00282210065005213,4.82844323213628e-97,131.725575469108,-1.25007054521785e-91,3.66561061694846e-99,-177411.647915138,70.3356085815721,70.3356085815721,9.66092180738873e-11,6.53664877877751e-76,1129.9700169999,-2.03877221734737e-71,5.78479842866367e-79,-471981.576526268,"No MPA"
"4946","Panulirus","MT",2064,24.0159938073751,24.0159938073519,2.30036012164797e-05,4.06229022193009e-88,385.826682899668,-3.6230595683217e-83,1.05287960739306e-90,-289370.056180979,8.19933128931789,8.19933128806242,0.00236094045334964,5.02149242513583e-99,131.727936408306,-1.29987242053461e-93,3.81208615526923e-101,-177411.647915138,70.3356085815781,70.3356085815781,4.94700005621573e-11,1.74992522370121e-77,1129.97001699995,-5.45739661095864e-73,1.54864748389281e-80,-471981.576526268,"No MPA"
"4947","Panulirus","MT",2065,24.0159952392455,24.0159952392298,1.65110898908003e-05,6.82918636378544e-90,385.826699410743,-6.08982119880973e-85,1.77001401573958e-92,-289370.056180979,8.19947824728386,8.19947824627907,0.00197512337217297,5.22283176564028e-101,131.729911530674,-1.35181450596632e-95,3.96486266183666e-103,-177411.647915138,70.3356085815812,70.3356085815812,2.53732493740237e-11,4.6851943294407e-79,1129.97001699997,-1.4609987944072e-74,4.14629968844643e-82,-471981.576526268,"No MPA"
"4948","Panulirus","MT_20",2015,11.069541693541,11.069541693541,31.2739715702813,0.341595119358069,208.769043650923,-68848.1327021432,0.00192083626361431,-422710.281826835,6.17031042686859,6.17031042686859,6.20510770226969,0.079414779289628,105.25422708298,-27576.5463335689,0.000801129361616982,-243351.651747193,16.8495098180929,16.8495098180929,106.153315169161,1.35159637165846,375.495913097502,-202578.970919273,0.00499307484282627,-782898.095562869,"No MPA"
"4949","Panulirus","MT_20",2016,12.9949445713329,12.9949409947415,32.8506783213862,0.00793436412055408,241.611784031598,-1359.06559955888,3.80057432769541e-05,-355221.214724251,6.55160757036767,6.5516072883812,5.93258302686907,0.00105704044493139,111.185752787418,-345.593153925942,1.00427402507226e-05,-216120.698567551,23.372950759994,23.3729053976717,133.410368379298,0.0548809221856429,508.851355192292,-5794.22195145429,0.000146179071529216,-586113.34659505,"No MPA"
"4950","Panulirus","MT_20",2017,15.0392591083634,15.0392436825087,33.2718071940855,0.000182089467962355,274.883393710361,-26.8894155302082,7.53652020847458e-07,-353889.038540222,6.92081866797411,6.92081748020302,5.59593469457886,1.40011650222125e-05,116.78167229306,-4.33216704297526,1.2592595559634e-07,-215779.437580668,31.6737339987436,31.6735287229575,156.923234829292,0.00222113851214675,665.772163607285,-169.624060063156,4.36588830673854e-06,-580488.748703659,"No MPA"
"4951","Panulirus","MT_20",2018,17.1102688520181,17.1102418518622,32.3825616929329,4.11685585093299e-06,307.265924286282,-0.533193471642163,1.49768892294056e-08,-353862.682318163,7.26913977214633,7.26913783038756,5.21270504884825,1.84444228999141e-07,121.994375215706,-0.0543199347997621,1.57939451870459e-09,-215775.159733559,41.441356495742,41.4409453262991,168.570048742265,8.82474549898806e-05,834.341712932652,-5.06577263598906,1.32576106406008e-07,-580324.190416232,"No MPA"
"4952","Panulirus","MT_20",2019,19.1259373752557,19.1259008703225,30.2452822512907,9.16380283957596e-08,337.511169941001,-0.0105954127896858,2.98239870449287e-10,-353862.159720105,7.5936073481911,7.5936048342255,4.79839717416395,2.41722323583712e-09,126.792769873487,-0.000681280952118615,1.98142302391703e-11,-215775.106094906,51.9340613124602,51.9334523533896,161.783289376418,3.40381624558029e-06,996.124389946183,-0.153817935735284,4.08037620122383e-09,-580319.278461531,"No MPA"
"4953","Panulirus","MT_20",2020,21.0085694166546,21.0085266048325,27.1159644513804,2.00839848984042e-09,364.627091578551,-0.000210982017314539,5.95066803056848e-12,-353862.149335674,7.89228607717693,7.89228316973951,4.368145779787,3.15259409046354e-11,131.160912745805,-8.54683117632672e-06,2.48641613047099e-13,-215775.105422171,62.0043135089878,62.0035860873332,136.471942594673,1.26429408968485e-07,1132.59560499277,-0.00473382093600394,1.26939010725832e-10,-580319.129377417,"No MPA"
"4954","Panulirus","MT_20",2021,22.6964149540886,22.6963695153409,23.3799844595744,4.33739179454891e-11,388.007030599334,-4.2095012776107e-06,1.18955126874933e-13,-353862.149128901,8.16418354584737,8.16418040954632,3.93573586085278,4.09339297214333e-13,135.096645470356,-1.07249363986246e-07,3.12089561367018e-15,-215775.105413732,70.4990397581447,70.4983208737723,100.804509749654,4.51032655015954e-09,1233.39939585354,-0.000147258826269623,3.982672783454e-12,-580319.124790855,"No MPA"
"4955","Panulirus","MT_20",2022,24.1517121875435,24.1516675701924,19.4525148925101,9.24305683599033e-13,407.459500874493,-8.41463557661409e-08,2.38220355143919e-15,-353862.149124776,8.40916540574727,8.40916218356582,3.51288054688487,5.29342294519413e-15,138.60952279506,-1.34615118501209e-09,3.91825092802566e-17,-215775.105413626,76.7736274647697,76.7730284359369,66.0463886342339,1.55146230899735e-10,1299.44518545879,-4.62000121710006e-06,1.25794829509904e-13,-580319.124648216,"No MPA"
"4956","Panulirus","MT_20",2023,25.3625419570368,25.3625008303391,15.6863836554617,1.94713322451407e-14,423.145843403257,-1.68507946443928e-09,4.77874072453695e-17,-353862.149124693,8.62782639744459,8.62782320658964,3.10883556304624,6.82031481253073e-17,141.718355167251,-1.69005641894975e-11,4.92052617723731e-19,-215775.105413625,80.8846841620699,80.884251846249,39.3972937943465,5.19041155090126e-12,1338.84204693731,-1.45921054889476e-07,3.99445728612529e-15,-580319.124643742,"No MPA"
"4957","Panulirus","MT_20",2024,26.3389470222871,26.3389110334249,12.3196743305386,4.06290007396479e-16,435.465481744933,-3.38023126675514e-11,9.60169234307442e-19,-353862.149124692,8.82133738763594,8.8213343183887,2.73031919597856,8.75914622066133e-19,144.448671293982,-2.12234271717299e-13,6.18067410286252e-21,-215775.105413625,83.3369635912648,83.3366842897911,22.0397982496412,1.70538668280427e-13,1360.88156588548,-4.63346212333179e-09,1.27379832054386e-16,-580319.1246436,"No MPA"
"4958","Panulirus","MT_20",2025,27.1057897236248,27.1057595460361,9.46915766505565,8.41386653681931e-18,444.9346092324,-6.79162972766697e-13,1.93216036627278e-20,-353862.149124692,8.99128742480915,8.99128454173498,2.3816690499169,1.12170127286575e-20,146.830337460825,-2.66584829659679e-15,7.76539963133642e-23,-215775.105413625,84.7088256360475,84.7086589090016,11.8533714705391,5.54704619470391e-15,1372.73477062897,-1.47755754775852e-10,4.07610102452882e-18,-580319.124643596,"No MPA"
"4959","Panulirus","MT_20",2026,27.6952008005096,27.6951763610398,7.1547714305096,1.73243533161381e-19,452.08935622344,-1.36667172426925e-14,3.89369366999448e-22,-353862.149124692,9.13953555242566,9.13953289718472,2.06515322141831,1.43287980618232e-22,148.895488027002,-3.34934261999571e-17,9.7587477868233e-25,-215775.105413625,85.4466349201284,85.4465406461569,6.23364904988799,1.79562195668624e-16,1378.96832540489,-4.72809795458116e-12,1.30806680695479e-19,-580319.124643596,"No MPA"
"4960","Panulirus","MT_20",2027,28.140551983542,28.1405327413742,5.33490253589486,3.55214310356567e-21,457.424239517167,-2.75409496400532e-16,7.85718253606026e-24,-353862.149124692,9.26808199144564,9.26807958648079,1.78135819318729,1.82644563291886e-24,150.676843815225,-4.20907384084783e-19,1.22666315693374e-26,-215775.105413625,85.8346459843111,85.8345946157255,3.23860388227352,5.80246800745307e-18,1382.20687791857,-1.51729592377884e-13,4.2078401501329e-21,-580319.124643596,"No MPA"
"4961","Panulirus","MT_20",2028,28.4726247443505,28.4726099352052,3.93807264505282,7.26175392100055e-23,461.362297353074,-5.55752029414705e-18,1.58753323838905e-25,-353862.149124692,9.3789634675733,9.37896132007964,1.52959132009838,2.32382020615615e-26,152.206432987829,-5.29072164963392e-21,1.54225469719181e-28,-215775.105413625,86.0362314764452,86.0362042015071,1.67178244904428,1.87480702063362e-19,1383.87863309268,-4.88088973078614e-15,1.35638780365405e-22,-580319.124643596,"No MPA"
"4962","Panulirus","MT_20",2029,28.7177513320925,28.7177401421322,2.88512827588379,1.48162187175412e-24,464.247414438998,-1.12288398926372e-19,3.21140892459513e-27,-353862.149124692,9.47417359148489,9.47417169723044,1.30825524095022,2.9520109010428e-28,153.514686334525,-6.65186212631934e-23,1.93947875254016e-30,-215775.105413625,86.140290801738,86.1402765893665,0.860095052708212,6.06160100156546e-21,1384.73871393302,-1.573342694102e-16,4.3801552567011e-24,-580319.124643596,"No MPA"
"4963","Panulirus","MT_20",2030,28.8973370405756,28.8973287100541,2.10193967262781,3.01926928122919e-26,466.349345781104,-2.27146524294977e-21,6.50358144186468e-29,-353862.149124692,9.55560654451407,9.55560489124376,1.11516990388954,3.74507514661087e-30,154.629854585144,-8.36507933044982e-25,2.43955532319683e-32,-215775.105413625,86.1938270092695,86.1938197082578,0.441734044718017,1.96179978794036e-22,1385.18044067672,-5.0807613525012e-18,1.41672945467953e-25,-580319.124643596,"No MPA"
"4964","Panulirus","MT_20",2031,29.028172919333,29.0281667921169,1.5250826717892,6.14856750354418e-28,467.874422325677,-4.60004330633995e-23,1.31844716347871e-30,-353862.149124692,9.6250208089619,9.62501937925244,0.947832489784985,4.74596897110922e-32,155.57768564522,-1.05218939302229e-26,3.06924530583113e-34,-215775.105413625,86.2213225347064,86.2213188259919,0.226666817645673,6.35640366903444e-24,1385.40710378565,-1.64333510475109e-19,4.58886364333609e-27,-580319.124643596,"No MPA"
"4965","Panulirus","MT_20",2032,29.1231021522173,29.1230976900526,1.10322960618901,1.25177383785961e-29,468.977647469701,-9.32548083620823e-25,2.67544897937981e-32,-353862.149124692,9.68401907744688,9.68401785097979,0.803615590946261,6.00888134115632e-34,156.381300009699,-1.32377241600205e-28,3.86230321030287e-36,-215775.105413625,86.2354313052665,86.2354294384913,0.11625615163419,2.06188201216349e-25,1385.52335807051,-5.32285113334168e-21,1.48828606372012e-28,-580319.124643596,"No MPA"
"4966","Panulirus","MT_20",2033,29.1917730113906,29.191769788398,0.796330772127924,2.54846553022793e-31,469.773975018837,-1.89236355014691e-26,5.43408831770861e-34,-353862.149124692,9.73404049796263,9.73403945324784,0.679909958985656,7.60218250557339e-36,157.06120892397,-1.66581513024407e-30,4.86131214702454e-38,-215775.105413625,86.2426676175162,86.2426666850324,0.0596130955358037,6.69570610818072e-27,1385.58297023357,-1.72633692828007e-22,4.83261879119398e-30,-580319.124643596,"No MPA"
"4967","Panulirus","MT_20",2034,29.2413408600557,29.2413385480695,0.573900856942484,5.18938181691683e-33,470.347873563793,-3.84356436460156e-28,1.10465514860047e-35,-353862.149124692,9.77636180432105,9.77636091993907,0.57422090988902,9.61214849112119e-38,157.635428949477,-2.09668338813598e-32,6.12000200658797e-40,-215775.105413625,86.2463782095709,86.2463777468046,0.0305643273771392,2.17663164077592e-28,1385.61353409818,-5.60559442823807e-24,1.5709139787539e-31,-580319.124643596,"No MPA"
"4968","Panulirus","MT_20",2035,29.2770634923524,29.2770618435012,0.413129323502696,1.05704013029126e-34,470.761001238444,-7.81328872476371e-30,2.2473583275829e-37,-353862.149124692,9.81210444735241,9.81210370279822,0.484228089991046,1.21476668315543e-39,158.119656294914,-2.63955058351491e-34,7.70617847526519e-42,-215775.105413625,86.2482806742254,86.2482804458572,0.0156697092484486,7.08275563211457e-30,1385.62920357906,-1.82218108062959e-25,5.1116386216402e-33,-580319.124643596,"No MPA"
"4969","Panulirus","MT_20",2036,29.3027788529207,29.3027776828512,0.297152102500133,2.15397725353057e-36,471.058152170875,-1.58956850701209e-31,4.57552209639935e-39,-353862.149124692,9.84224544624685,9.842244822459,0.407817642815276,1.53461829391734e-41,158.527473313941,-3.3236609189464e-36,9.70542434585267e-44,-215775.105413625,86.249256029728,86.2492559175855,0.00803328221949773,2.30685815222985e-31,1385.63723674913,-5.92924326271123e-27,1.66484521958206e-34,-580319.124643596,"No MPA"
"4970","Panulirus","MT_20",2037,29.3212751770343,29.3212743502981,0.213606745605114,4.3912173092574e-38,471.271758089744,-3.23628992261922e-33,9.32202837142749e-41,-353862.149124692,9.86763024211902,9.8676297217705,0.343094526173804,1.93812152830843e-43,158.870567319767,-4.18592575948451e-38,1.22257773806644e-45,-215775.105413625,86.2497560588418,86.2497560040117,0.00411829824759055,7.51993890716902e-33,1385.64135499255,-1.93113656859343e-28,5.42706179715891e-36,-580319.124643596,"No MPA"
"4971","Panulirus","MT_20",2038,29.3345711955783,29.3345706136321,0.153485191319587,8.95639417677624e-40,471.425242699117,-6.59351604741211e-35,1.90047339509476e-42,-353862.149124692,9.8889863182426,9.88898588585852,0.288381242120811,2.44718545626295e-45,159.158948129503,-5.27294116767928e-40,1.54036431531801e-47,-215775.105413625,86.2500124011807,86.2500123744757,0.00211124521503542,2.45333786057506e-34,1385.64346621106,-6.29511822164842e-30,1.77054318744956e-37,-580319.124643596,"No MPA"
"4972","Panulirus","MT_20",2039,29.3441249299658,29.3441245216917,0.110251685819757,1.82763388243976e-41,471.535493976663,-1.34421382437904e-36,3.87682657761915e-44,-353862.149124692,9.90693674121925,9.90693638317441,0.2422078113006,3.08947722241859e-47,159.401155582759,-6.64353807767318e-42,1.94112698655469e-49,-215775.105413625,86.2501438151444,86.2501438021823,0.00108232435403241,8.00988614485705e-36,1385.64454852245,-2.05374088006165e-31,5.780625638048e-39,-580319.124643596,"No MPA"
"4973","Panulirus","MT_20",2040,29.3509875817056,29.3509872961223,0.0791787402470415,3.73122538293041e-43,471.614672431327,-2.74209740101492e-38,7.91292589512952e-46,-353862.149124692,9.92201307808788,9.92201278252552,0.203296573160835,3.89994031290731e-49,159.604451860358,-8.37200614036765e-44,2.44661989475969e-51,-215775.105413625,86.2502111842155,86.2502111779434,0.000554849187166037,2.61697156711489e-37,1385.64510336537,-6.70523445225145e-33,1.88863122946679e-40,-580319.124643596,"No MPA"
"4974","Panulirus","MT_20",2041,29.3559160884018,29.35591588917,0.0568543094962241,7.62106174132123e-45,471.671526541591,-5.59684859129662e-40,1.61595095280515e-47,-353862.149124692,9.93466736730984,9.93466712401271,0.170544368593776,4.92271437492773e-51,159.774995985654,-1.05521697116253e-45,3.08432151502485e-53,-215775.105413625,86.2502457207195,86.250245717693,0.000284440682570578,8.55567849740692e-39,1385.64538780302,-2.19071705682782e-34,6.17450924256971e-42,-580319.124643596,"No MPA"
"4975","Panulirus","MT_20",2042,29.3594550039355,29.3594548652784,0.0408196196386521,1.55730852789847e-46,471.712346022573,-1.1429694005286e-41,3.30168018895671e-49,-353862.149124692,9.94528298069983,9.94528278093609,0.143003859462452,6.21356308408893e-53,159.917999645353,-1.33025418578088e-47,3.88894590111099e-55,-215775.105413625,86.2502634256987,86.2502634242419,0.000145816928524704,2.79880791544019e-40,1385.6455336185,-7.16211958297908e-36,2.0198587171815e-43,-580319.124643596,"No MPA"
"4976","Panulirus","MT_20",2043,29.3619958351024,29.3619957388128,0.0293048265661635,3.18362088448447e-48,471.741650752849,-2.33529317577725e-43,6.74907265158028e-51,-353862.149124692,9.9541843225788,9.95418415893877,0.119865134717967,7.84294486605158e-55,160.037864616431,-1.67728422739895e-49,4.90435407970486e-57,-215775.105413625,86.2502725020634,86.2502725013638,7.47521663825724e-05,9.16086561227655e-42,1385.64560836996,-2.34293432950666e-37,6.61126196423924e-45,-580319.124643596,"No MPA"
"4977","Panulirus","MT_20",2044,29.363819924244,29.363819857509,0.0210370074860903,6.51099340799915e-50,471.7626876936,-4.77364911889263e-45,1.38020321301917e-52,-353862.149124692,9.96164538398888,9.96164525022311,0.100438311420676,9.89989713357029e-57,160.138302794086,-2.11522410158096e-51,6.18597182071442e-59,-215775.105413625,86.2502771550098,86.2502771546745,3.83212171547083e-05,3.00004274157318e-43,1385.64564669085,-7.66873073107606e-39,2.1650866018406e-46,-580319.124643596,"No MPA"
"4978","Panulirus","MT_20",2045,29.3651293802545,29.365129334087,0.0151011676614222,1.33212174096027e-51,471.777788815094,-9.76223848438176e-47,2.82371153431719e-54,-353862.149124692,9.96789721389932,9.96789710476492,0.0841375265638878,1.24969501111962e-58,160.222440211515,-2.66797862016345e-53,7.80384827831121e-61,-215775.105413625,86.2502795403143,86.2502795401539,1.96451125140691e-05,9.82946053846382e-45,1385.6456663358,-2.51139135743111e-40,7.09377650913126e-48,-580319.124643596,"No MPA"
"4979","Panulirus","MT_20",2046,29.3660693579128,29.3660693260273,0.0108398681234955,2.72648370372633e-53,471.788628651332,-1.99722364252456e-48,5.77916928419328e-56,-353862.149124692,9.97313439397521,9.97313430509409,0.0704665014200252,1.5776343839581e-60,160.292906624054,-3.36575957528209e-55,9.84652580077086e-63,-215775.105413625,86.2502807631252,86.2502807630486,1.00709279104633e-05,3.22201865769922e-46,1385.64567640665,-8.2284232886042e-42,2.32528324952025e-49,-580319.124643596,"No MPA"
"4980","Panulirus","MT_20",2047,29.3667440895138,29.3667440675262,0.0077808682114857,5.5823367584811e-55,471.796409497556,-4.08763190957404e-50,1.18322834054596e-57,-353862.149124692,9.97752061479162,9.97752054252288,0.0590057185873085,1.99178948140903e-62,160.351912270373,-4.24675476576521e-57,1.24259365608416e-64,-215775.105413625,86.2502813899909,86.2502813899544,5.16278707244368e-06,1.05659444423579e-47,1385.6456815694,-2.69721139624883e-43,7.62528590264201e-51,-580319.124643596,"No MPA"
"4981","Panulirus","MT_20",2048,29.3672284125898,29.3672283974492,0.00558502808287542,1.14334009660478e-56,471.801994510499,-8.36902612803358e-52,2.423376002914e-59,-353862.149124692,9.98119345387684,9.98119339520361,0.0494011626924317,2.51489510183189e-64,160.401313374392,-5.35923988522594e-59,1.5683599114464e-66,-215775.105413625,86.2502817113492,86.2502817113318,2.6466634511357e-06,3.46622853067031e-49,1385.64568421605,-8.84494740176685e-45,2.50152587835066e-52,-580319.124643596,"No MPA"
"4982","Panulirus","MT_20",2049,29.367576054809,29.367576044397,0.00400883153115248,2.34246790824468e-58,471.806003331618,-1.71406450039464e-53,4.96493854643548e-61,-353862.149124692,9.98426845291532,9.98426840534595,0.0413545232328609,3.17569910594992e-66,160.442667850055,-6.76425106166256e-61,1.97984607893145e-68,-215775.105413625,86.2502818760911,86.2502818760828,1.35679117178264e-06,1.13752833684573e-50,1385.64568557283,-2.90164396465173e-46,8.20937379449466e-54,-580319.124643596,"No MPA"
"4983","Panulirus","MT_20",2050,29.3678255860964,29.367825578945,0.00287744319198707,4.80068977546319e-60,471.808880767658,-3.51172284281288e-55,1.01751349969187e-62,-353862.149124692,9.98684258512202,9.98684254660458,0.03461473071842,4.01055712886453e-68,160.477282542256,-8.53896723385302e-63,2.49968240371521e-70,-215775.105413625,86.2502819605448,86.2502819605409,6.95547995688274e-07,3.73432237167591e-52,1385.64568626837,-9.52245992356371e-48,2.69500523153739e-55,-580319.124643596,"No MPA"
"4984","Panulirus","MT_20",2051,29.368004693694,29.3680046887877,0.00206534781447728,9.84144372522229e-62,471.810946110567,-7.1969176524173e-57,2.08589624474267e-64,-353862.149124692,9.98899719578,9.98899716462913,0.0289706866496887,5.06545125470701e-70,160.506253197755,-1.07809913291697e-64,3.15649117549649e-72,-215775.105413625,86.2502820038393,86.2502820038375,3.56566898367665e-07,1.22629543475306e-53,1385.64568662494,-3.12607026473953e-49,8.84999280050848e-57,-580319.124643596,"No MPA"
"4985","Panulirus","MT_20",2052,29.3681332521054,29.368133248743,0.0014824424164866,2.01805499384128e-63,471.812428549621,-1.47536356720888e-58,4.27725344361449e-66,-353862.149124692,9.9908004902523,9.99080046508703,0.0242450479308246,6.39854561139852e-72,160.530498220521,-1.36137696132309e-66,3.98647746820622e-74,-215775.105413625,86.2502820260339,86.250282026033,1.82790969915006e-07,4.0281167723506e-55,1385.64568680773,-1.02655456891422e-50,2.90703230359128e-58,-580319.124643596,"No MPA"
"4986","Panulirus","MT_20",2053,29.3682255273441,29.368225525042,0.00106404786261813,4.13923845484177e-65,471.813492595181,-3.02532012441236e-60,8.77305938667707e-68,-353862.149124692,9.99230963510183,9.99230961479302,0.0202889328544641,8.0834219966646e-74,160.550787133066,-1.71934524573933e-68,5.03544316726894e-76,-215775.105413625,86.2502820374118,86.2502820374114,9.37061986835459e-08,1.32349785106781e-56,1385.64568690143,-3.37201098407804e-52,9.55148826044343e-60,-580319.124643596,"No MPA"
"4987","Panulirus","MT_20",2054,29.3682917594485,29.3682917578738,0.000763736514773344,8.49211396146006e-67,471.814256330121,-6.20522338213708e-62,1.79988789956289e-69,-353862.149124692,9.99357252968301,9.99357251330922,0.0169774259456598,1.02131768633941e-75,160.567764542638,-2.1717580720745e-70,6.36133715262305e-78,-215775.105413625,86.2502820432446,86.2502820432444,4.80376279942674e-08,4.34960630580303e-58,1385.64568694947,-1.10792450736504e-53,3.13904654481304e-61,-580319.124643596,"No MPA"
"4988","Panulirus","MT_20",2055,29.3683392985522,29.368339297476,0.000548182626581154,1.74266588314472e-68,471.814804511672,-1.27306860430251e-63,3.69354223574231e-71,-353862.149124692,9.99462929793032,9.99462928474098,0.0142057707971115,1.2905609432111e-77,160.581970300246,-2.74360845405812e-72,8.03748465712579e-80,-215775.105413625,86.2502820462347,86.2502820462346,2.46260661504705e-08,1.42979598479211e-59,1385.6456869741,-3.64113581247955e-55,1.03186261701563e-62,-580319.124643596,"No MPA"
"4989","Panulirus","MT_20",2056,29.3683734204159,29.368373419681,0.000393465345770467,3.57693273829163e-70,471.815197976283,-2.61245861861027e-65,7.58122192041508e-73,-353862.149124692,9.9955135431684,9.99551353255314,0.0118861523330909,1.63097920993353e-79,160.593856441964,-3.46652113666598e-74,1.0156677039205e-81,-215775.105413625,86.2502820477675,86.2502820477675,1.26242978189838e-08,4.70097659027253e-61,1385.64568698672,-1.19690863921173e-56,3.39262528254123e-64,-580319.124643596,"No MPA"
"4990","Panulirus","MT_20",2057,29.3683979118382,29.3683979113367,0.000282414734634193,7.34347222302565e-72,471.815480390516,-5.36223150343896e-67,1.55642977474849e-74,-353862.149124692,9.99625340263266,9.99625339409586,0.0099449819384359,2.06143921461707e-81,160.603801415366,-4.38051649118685e-76,1.28363516575924e-83,-215775.105413625,86.2502820485533,86.2502820485533,6.47180593139797e-09,1.54591289809105e-62,1385.64568699319,-3.93527437017343e-58,1.11566247606403e-65,-580319.124643596,"No MPA"
"4991","Panulirus","MT_20",2058,29.3684154908683,29.3684154905264,0.000202706630658238,1.50793349708154e-73,471.815683096804,-1.10086960330321e-68,3.19602378421821e-76,-353862.149124692,9.99687243300161,9.9968724261414,0.00832061013676444,2.60582124267274e-83,160.612122018642,-5.53624456495204e-78,1.62251529566822e-85,-215775.105413625,86.2502820489562,86.2502820489562,3.31767951773177e-09,5.08461889624642e-64,1385.64568699651,-1.29411225295426e-59,3.66949426103284e-67,-580319.124643596,"No MPA"
"4992","Panulirus","MT_20",2059,29.3684281084333,29.3684281082003,0.000145495100036331,3.09705743959569e-75,471.815828591672,-2.26056163385274e-70,6.56412567568738e-78,-353862.149124692,9.99739035355386,9.99739034804478,0.00696140176809722,3.29435438184113e-85,160.619083414901,-6.99781483914375e-80,2.0511243741428e-87,-215775.105413625,86.2502820491627,86.2502820491627,1.70083085352968e-09,1.67263917673243e-65,1385.64568699821,-4.25642843353582e-61,1.20711895719749e-68,-580319.124643596,"No MPA"
"4993","Panulirus","MT_20",2060,29.3684371648418,29.3684371646831,0.00010443080826344,6.36208132542167e-77,471.815933022321,-4.6428348664995e-72,1.34842473268186e-79,-353862.149124692,9.99782366951365,9.9978236650925,0.00582411780950641,4.16530808330594e-87,160.62490752829,-8.84638083313193e-82,2.59328343522691e-89,-215775.105413625,86.2502820492685,86.2502820492685,8.71877832818081e-10,5.50314628619228e-67,1385.64568699908,-1.40019716249108e-62,3.97153928874415e-70,-580319.124643596,"No MPA"
"4994","Panulirus","MT_20",2061,29.3684436651853,29.3684436650773,7.49564149506619e-05,1.30716026469866e-78,471.816007978628,-9.53746724580703e-74,2.77048775425526e-81,-353862.149124692,9.99818619467225,9.99818619112636,0.0048725561002324,5.26713529098484e-89,160.629780080844,-1.11846812761452e-83,3.2791522639524e-91,-215775.105413625,86.2502820493228,86.2502820493228,4.46997647197925e-10,1.81083828156886e-68,1385.64568699953,-4.6067854453483e-64,1.30685520732982e-71,-580319.124643596,"No MPA"
"4995","Panulirus","MT_20",2062,29.3684483308821,29.3684483308086,5.38008201046248e-05,2.68618004662831e-80,471.816061779375,-1.95957813352131e-75,5.693278738336e-83,-353862.149124692,9.99848948940051,9.99848948655826,0.00407641032452933,6.66118789429163e-91,160.633856488326,-1.41427935603398e-85,4.14691963821027e-93,-215775.105413625,86.2502820493506,86.2502820493506,2.29121907050872e-10,5.95941133930461e-70,1385.64568699976,-1.51588618684127e-65,4.30081902986981e-73,-580319.124643596,"No MPA"
"4996","Panulirus","MT_20",2063,29.3684516797393,29.3684516796894,3.86161457809378e-05,5.52096826321983e-82,471.816100395471,-4.02688100887445e-77,1.17015267398962e-84,-353862.149124692,9.9987432276385,9.9987432253615,0.00341031274999806,8.42515760076593e-93,160.637266798799,-1.78854236553047e-87,5.24494511035238e-95,-215775.105413625,86.2502820493649,86.2502820493649,1.17484956920411e-10,1.96145241442394e-71,1385.64568699988,-4.98873335233865e-67,1.41555119957897e-74,-580319.124643596,"No MPA"
"4997","Panulirus","MT_20",2064,29.3684540834196,29.3684540833856,2.77171715097434e-05,1.13492353786383e-83,471.816128112608,-8.27654115793512e-79,2.40543622168275e-86,-353862.149124692,9.99895550429979,9.99895550247656,0.00285303150811772,1.06574363396395e-94,160.640119828484,-2.26211434870593e-89,6.6344731535249e-97,-215775.105413625,86.2502820493722,86.2502820493722,6.02794546037131e-11,6.45652555227064e-73,1385.64568699994,-1.64196806055715e-68,4.65957900554647e-76,-580319.124643596,"No MPA"
"4998","Panulirus","MT_20",2065,29.3684558086881,29.3684558086651,1.98943089124636e-05,2.3333866553996e-85,471.816148006894,-1.70137558400585e-80,4.94554237629501e-88,-353862.149124692,9.99913309271025,9.99913309125107,0.00238679773285304,1.34826423246744e-96,160.642506624758,-2.86140968927216e-91,8.39307287603286e-99,-215775.105413625,86.250282049376,86.250282049376,3.08894717621031e-11,2.12550893159787e-74,1385.64568699997,-5.40487684587144e-70,1.53394836179212e-77,-580319.124643596,"No MPA"
"4999","Panulirus","MT_40",2015,12.8447391270686,12.8447391270686,36.4445014800919,0.465496971866836,242.334936908225,-80894.8377055959,0.00225579641182555,-494428.553506815,7.16768120804277,7.16768120804277,7.19932505882425,0.106744031317526,122.244280427507,-31905.1128633046,0.0009269861571624,-280750.107907865,19.5948121750055,19.5948121750055,123.79586934512,1.8612700645898,436.73318698053,-240932.905872454,0.00591257438030049,-928148.389845131,"No MPA"
"5000","Panulirus","MT_40",2016,15.0842721590726,15.0842671465507,38.3356870136956,0.0126347344497892,280.657984174949,-1865.20922284012,5.21379545748451e-05,-415398.925024059,7.60916283629723,7.60916245185262,6.88281461113956,0.00163843726832584,129.125456216933,-461.172293644816,1.34029830996872e-05,-249306.167338206,27.1846987370555,27.1846333844694,155.82755410537,0.0892658604838051,592.471409872831,-8125.13381745038,0.000204435629960551,-695340.617790127,"No MPA"
"5001","Panulirus","MT_40",2017,17.469711428835,17.4696897645463,38.8925166590899,0.000338982960547087,319.55014018679,-43.1085810242599,1.20782930338275e-06,-413576.824382243,8.0374854286003,8.03748380776736,6.49145855558849,2.50297044584149e-05,135.616888121984,-6.66779005265833,1.93840317546296e-07,-248851.662834614,36.878710544224,36.8784138703726,183.811743932938,0.00427667070878762,776.278580461209,-280.922085302937,7.22022385048695e-06,-687496.40605798,"No MPA"
"5002","Panulirus","MT_40",2018,19.8905751871542,19.8905371240037,37.9204073607318,8.96091331022048e-06,357.470500523458,-0.998612778243504,2.80426300556693e-08,-413534.714413997,8.44154819729205,8.4415455445583,6.0461827549014,3.80288807667592e-07,141.663067843863,-0.0964307591697603,2.804142349894e-09,-248845.09147532,48.3198895228629,48.3192920166725,198.182277920349,0.00020138305298979,974.460059492314,-9.92089620692953,2.59488725725221e-07,-687225.404868884,"No MPA"
"5003","Panulirus","MT_40",2019,22.2509489862694,22.2508973902485,35.4816065604194,2.33233130084144e-07,392.952055254623,-0.0231842244134449,6.5246226191813e-10,-413533.738985443,8.81789599761779,8.81789256229346,5.56500671537373,5.74810227954597e-09,147.228071118165,-0.00139496455107928,4.05758979896805e-11,-248844.996439526,60.655805279512,60.6549160419176,191.045731252681,9.21337744692013e-06,1165.50489229402,-0.356522881090623,9.45702015571768e-09,-687215.840495558,"No MPA"
"5004","Panulirus","MT_40",2020,24.4595179818106,24.4594573409339,31.8665080902465,5.97737304880887e-09,424.818502698015,-0.000539402106399741,1.52116281391256e-11,-413533.716340621,9.16429270387348,9.16428873095723,5.06548884099824,8.64644326616725e-11,152.29355598616,-2.018475869084e-05,5.87282639891786e-13,-248844.995064746,72.547496545047,72.5464290086961,161.936872939037,4.06077403479624e-07,1327.44069729063,-0.0129925087991059,3.4847524258774e-10,-687215.496965186,"No MPA"
"5005","Panulirus","MT_40",2021,26.44306262507,26.4429981402741,27.5211748822008,1.50951651602973e-10,452.339613095269,-1.25752909464504e-05,3.55335570015697e-13,-413533.715813794,9.479596610695,9.47959232558592,4.56361027127921,1.29484309151442e-12,156.857161972329,-2.92143065594489e-07,8.50228953560069e-15,-248844.995044853,82.627280277561,82.6262199312753,120.175614157591,1.71905528915369e-08,1447.61525108475,-0.000478723802180795,1.29517263989673e-11,-687215.484451401,"No MPA"
"5006","Panulirus","MT_40",2022,28.1561293609211,28.1560659347323,22.9317532426523,3.76152439867492e-12,475.271302911729,-2.93743427055681e-07,8.3157755032446e-15,-413533.715801512,9.76366078897819,9.76365638727845,4.07294096145124,1.93124402516081e-14,160.93009853208,-4.22939259079784e-09,1.23121260194203e-16,-248844.995044565,90.107611835004,90.1067241612697,79.0491545497044,7.01496884187961e-10,1526.66351796002,-1.77918759395768e-05,4.84623964719502e-13,-687215.483990469,"No MPA"
"5007","Panulirus","MT_40",2023,29.5835250747711,29.5834665251803,18.5154352894988,9.26541761165669e-14,493.786679651637,-6.87418961968803e-09,1.94951318585695e-16,-413533.715801226,10.0171829774738,10.0171786193789,3.60419589546743,2.86995045325082e-16,164.534290069453,-6.12448437589775e-11,1.78335313206361e-18,-248844.995044561,95.0280149203466,95.0273718643592,47.289220242329,2.78295353939976e-11,1573.95209514633,-6.65712112143813e-07,1.82297390555518e-14,-687215.483973343,"No MPA"
"5008","Panulirus","MT_40",2024,30.73602493895,30.7359736407543,14.5568160177926,2.26050109829005e-15,508.343444371234,-1.61152211794277e-10,4.57791237897541e-18,-413533.715801219,10.2415278728355,10.2415236816256,3.16514528969799,4.25112303002438e-18,167.699431167941,-8.8709237245368e-13,2.58373193429184e-20,-248844.995044561,97.9715185578919,97.9711019636816,26.5036886763126,1.08384910228632e-12,1600.45536722843,-2.50411656714826e-08,6.8863080528702e-16,-687215.483972702,"No MPA"
"5009","Panulirus","MT_40",2025,31.6421188088122,31.6420757507761,11.1981239684455,5.47320185399014e-17,519.541525281643,-3.78417108363592e-12,1.07667795774181e-19,-413533.715801219,10.4385438308339,10.4385398945809,2.76079875928391,6.27904254089543e-20,170.460225990972,-1.28521141227872e-14,3.74422562332741e-22,-248844.995044561,99.6212293849518,99.6209802451013,14.2696154254737,4.17747321147e-14,1614.72473351405,-9.45924212143088e-10,2.61020467498448e-17,-687215.483972678,"No MPA"
"5010","Panulirus","MT_40",2026,32.3391495476194,32.3391146490642,8.46675472015737,1.31752977980947e-18,528.008245103246,-8.89987429177412e-14,2.53595375750164e-21,-413533.715801219,10.610391031313,10.6103874067626,2.39376779665765,9.25129553893603e-22,172.853990163079,-1.86245296768347e-16,5.42724773250694e-24,-248844.995044561,100.50943398036,100.509292941299,7.50886311820889,1.6020737068335e-15,1622.2334555932,-3.58543786361243e-11,9.92170033043241e-19,-687215.483972677,"No MPA"
"5011","Panulirus","MT_40",2027,32.8661652050111,32.8661377110097,6.31637672243217,3.15816773991176e-20,534.324594331676,-2.09621305379133e-15,5.9812962795659e-23,-413533.715801219,10.7593922059574,10.7593889235981,2.06471650089742,1.36012317380867e-23,174.918703381617,-2.69960136903828e-18,7.86862701100368e-26,-248844.995044561,100.9768185385,100.976741630839,3.90238435291009,6.13254293199089e-17,1626.13576303845,-1.36286410996819e-12,3.78031705572192e-20,-687215.483972677,"No MPA"
"5012","Panulirus","MT_40",2028,33.2593298556759,33.2593086858243,4.6643532024982,7.54770778862599e-22,538.988926364323,-4.94409096780344e-17,1.41257168501943e-24,-413533.715801219,10.8879114220317,10.8879084915368,1.77282865295039,1.99597305936384e-25,176.691529104073,-3.91395743750336e-20,1.14108641265545e-27,-248844.995044561,101.219719823405,101.219678968345,2.01477378354139,2.34699502468199e-18,1628.15049596693,-5.19270986115237e-14,1.44329737000233e-21,-687215.483972677,"No MPA"
"5013","Panulirus","MT_40",2029,33.5496637824236,33.5496477806313,3.41819295566006,1.8002407382642e-23,542.407103318191,-1.16761442795891e-18,3.34003601214896e-26,-413533.715801219,10.9982619394986,10.998259354956,1.51624183162722,2.92450638620222e-27,178.207768351157,-5.67588022586614e-22,1.6551483889239e-29,-248844.995044561,101.345127988686,101.345106693092,1.03665040768269,8.98778017902581e-20,1629.18712507902,-1.98253714547337e-15,5.5202418269377e-23,-687215.483972677,"No MPA"
"5014","Panulirus","MT_40",2030,33.7624300971689,33.7624181813395,2.49082353917761,4.28852856148285e-25,544.897914941539,-2.76082263673851e-20,7.90648077734472e-28,-413533.715801219,11.0926410899137,11.0926388344801,1.29242053860594,4.27936441194053e-29,179.50018663433,-8.23283719873347e-24,2.40133479878698e-31,-248844.995044561,101.409653541024,101.409642598803,0.532436535608274,3.44524178612863e-21,1629.71955067241,-7.58269263723913e-17,2.11470032113854e-24,-687215.483972677,"No MPA"
"5015","Panulirus","MT_40",2031,33.9174720440831,33.9174632781824,1.80751928793141,1.02091444544998e-26,546.70542546357,-6.53535844635588e-22,1.87358929127637e-29,-413533.715801219,11.1730883806571,11.1730864304575,1.09845719387969,6.25502788392816e-31,180.59864187801,-1.19443774640772e-25,3.48469207725405e-33,-248844.995044561,101.442794666516,101.442789107229,0.273216286804602,1.32212378383492e-22,1629.99276139993,-2.90478568650424e-18,8.11258547180395e-26,-687215.483972677,"No MPA"
"5016","Panulirus","MT_40",2032,34.0299815360802,34.0299751514306,1.30768807299362,2.42967062326181e-28,548.013107151914,-1.54867305865321e-23,4.44420568093739e-31,-413533.715801219,11.2414623347457,11.2414606619753,0.931301505290326,9.13450401617197e-33,181.52994171053,-1.73329982912874e-27,5.05790353669839e-35,-248844.995044561,101.459800819335,101.459798020714,0.140133303545711,5.07947641691742e-24,1630.13289190485,-1.11435741405815e-19,3.11625717998767e-27,-687215.483972677,"No MPA"
"5017","Panulirus","MT_40",2033,34.1113789059191,34.1113742938934,0.943989383168215,5.78235309852973e-30,548.957091923056,-3.67349020730824e-25,1.05514890213034e-32,-413533.715801219,11.2994316078297,11.2994301831043,0.78792558810814,1.3329622821162e-34,182.317865873912,-2.51581406598737e-29,7.34293416477085e-37,-248844.995044561,101.468523320107,101.468521922005,0.0718573740591186,1.95364980380577e-25,1630.20474788081,-4.28053932675666e-21,1.19846047738461e-28,-687215.483972677,"No MPA"
"5018","Panulirus","MT_40",2034,34.1701377600225,34.1701344514094,0.680355800657746,1.37639976467795e-31,549.637444415101,-8.72163778563444e-27,2.50729970599628e-34,-413533.715801219,11.3484763831015,11.34847517715,0.665435400914051,1.94396923746356e-36,182.983300068875,-3.65238494259034e-31,1.0662528223553e-38,-248844.995044561,101.472996035066,101.472995341167,0.0368423596221013,7.52197981122681e-27,1630.24158954653,-1.64622390721817e-22,4.61413199228124e-30,-687215.483972677,"No MPA"
"5019","Panulirus","MT_40",2035,34.2124866771247,34.2124843173999,0.489783057867945,3.27734919759905e-33,550.127225113244,-2.07247941894823e-28,5.96274787351959e-36,-413533.715801219,11.3898967025521,11.389895687365,0.561139759671862,2.83368878930808e-38,183.54443881336,-5.3035440819011e-33,1.54860523851886e-40,-248844.995044561,101.475289264923,101.475288922468,0.0188884252105993,2.89900187164016e-28,1630.26047762929,-6.3380432130718e-24,1.77826519851602e-31,-687215.483972677,"No MPA"
"5020","Panulirus","MT_40",2036,34.2429733475294,34.2429716729563,0.352297795303478,7.80681620004397e-35,550.479521233975,-4.92867514065109e-30,1.41909295372307e-37,-413533.715801219,11.4248250940122,11.4248242435608,0.472587411160516,4.12905752193524e-40,184.017025374069,-7.70275239011845e-35,2.24962290455601e-42,-248844.995044561,101.476464964079,101.476464795902,0.00968343989030147,1.11832574318482e-29,1630.270160901,-2.44265261891335e-25,6.85979793209648e-33,-687215.483972677,"No MPA"
"5021","Panulirus","MT_40",2037,34.264902214384,34.2649010311592,0.2532536716792,1.86045313686038e-36,550.732773722429,-1.17299031561727e-31,3.37969559804393e-39,-413533.715801219,11.4542415058239,11.4542407964543,0.397581144658847,6.01483450747198e-42,184.414605809358,-1.11895928692784e-36,3.26862949033287e-44,-248844.995044561,101.477067704682,101.47706762245,0.00496427716202194,4.31782404714453e-31,1630.27512509593,-9.42272465262115e-27,2.64853283488672e-34,-687215.483972677,"No MPA"
"5022","Panulirus","MT_40",2038,34.2806660555765,34.2806652226863,0.181976060034791,4.43575242027567e-38,550.914748949574,-2.79357959941633e-33,8.05427378932227e-41,-413533.715801219,11.4789891198805,11.4789885304723,0.334176194461366,8.75996618656251e-44,184.748781414411,-1.62580967991031e-38,4.7501478760243e-46,-248844.995044561,101.47737670374,101.477376663687,0.00254494463997781,1.66844871786948e-32,1630.27767000052,-3.6380657037538e-28,1.0234154302178e-35,-687215.483972677,"No MPA"
"5023","Panulirus","MT_40",2039,34.2919932042224,34.2919926198914,0.130718807601935,1.05809058920213e-39,551.045467172844,-6.65747842800592e-35,1.92060679252496e-42,-413533.715801219,11.4997900652161,11.4997895771772,0.280668526226179,1.27559879202105e-45,185.029449452598,-2.36271140688895e-40,6.90450468291476e-48,-248844.995044561,101.477535112734,101.477535093292,0.00130466320892752,6.4519052705673e-34,1630.27897464428,-1.40577927706759e-29,3.95754992565759e-37,-687215.483972677,"No MPA"
"5024","Panulirus","MT_40",2040,34.300129832317,34.3001294235832,0.0938782742501615,2.52513065366104e-41,551.139345038361,-1.58752940670659e-36,4.58243617894964e-44,-413533.715801219,11.5172604024625,11.5172599996166,0.235577151533293,1.85729649334677e-47,185.265026201286,-3.43427990507194e-42,1.00378428352484e-49,-248844.995044561,101.477616321006,101.477616311598,0.000668832196773321,2.49670709106361e-35,1630.27964346707,-5.43615183681792e-31,1.53146003235963e-38,-687215.483972677,"No MPA"
"5025","Panulirus","MT_40",2041,34.3059733119706,34.3059730268251,0.067409727159753,6.02900506153998e-43,551.206754480375,-3.78773598083569e-38,1.09391665929936e-45,-413533.715801219,11.5319240074585,11.5319236758683,0.197623427947733,2.70409944083455e-49,185.462649297643,-4.99278915268052e-44,1.45958443588951e-51,-248844.995044561,101.477657952251,101.477657947711,0.000342874417183151,9.66785998320687e-37,1630.27998633695,-2.10363720541411e-32,5.93018505892482e-40,-687215.483972677,"No MPA"
"5026","Panulirus","MT_40",2042,34.3101692499662,34.310169051517,0.048398297371042,1.44012975389723e-44,551.255152579297,-9.04206196859217e-40,2.61268525846343e-47,-413533.715801219,11.5442251663769,11.544224894133,0.165709373225064,3.93689641783777e-51,185.628358398624,-7.25991916157986e-46,2.12274357509408e-53,-248844.995044561,101.477679294376,101.477679292191,0.000175773093622371,3.74590019141606e-38,1630.28016210786,-8.1457939873013e-34,2.29770359868928e-41,-687215.483972677,"No MPA"
"5027","Panulirus","MT_40",2043,34.3131818163977,34.3131816785862,0.0347457521069755,3.44147030269222e-46,551.289898193592,-2.15958506340641e-41,6.2429716967075e-49,-413533.715801219,11.5545398210046,11.5545395980022,0.138896322365949,5.73176217413622e-53,185.767254497988,-1.05584426957131e-47,3.08776217525139e-55,-248844.995044561,101.477690235333,101.477690234284,9.01092231400637e-05,1.45219962858137e-39,1630.28025221603,-3.15616122795989e-35,8.90766913776663e-43,-687215.483972677,"No MPA"
"5028","Panulirus","MT_40",2044,34.3153445763739,34.3153444808618,0.0249429364683009,8.22743635455286e-48,551.314841034549,-5.16029547738471e-43,1.49239744848573e-50,-413533.715801219,11.563185485519,11.5631853032365,0.116384745517498,8.34518235218711e-55,185.883639061223,-1.53584003040553e-49,4.49227849535445e-57,-248844.995044561,101.477695844166,101.477695843663,4.61940141525429e-05,5.63278349536282e-41,1630.28029840954,-1.22357122037973e-36,3.45510134697704e-44,-687215.483972677,"No MPA"
"5029","Panulirus","MT_40",2045,34.3168971573026,34.3168970912271,0.0179050251949273,1.96768070007742e-49,551.332745993668,-1.23358105261168e-44,3.56906899064969e-52,-413533.715801219,11.5704299070182,11.5704297583071,0.0974956833526143,1.21508237317871e-56,185.981134595864,-2.23443976346725e-51,6.53679036932175e-59,-248844.995044561,101.477698719507,101.477698719266,2.3681096823088e-05,2.18589790054215e-42,1630.2803220904,-4.74598068945024e-38,1.34081108793252e-45,-687215.483972677,"No MPA"
"5030","Panulirus","MT_40",2046,34.3180116613844,34.3180116157497,0.0128525410328834,4.707668465342e-51,551.345598489066,-2.95010943761399e-46,8.53870644275911e-54,-413533.715801219,11.576498570487,11.5764984493786,0.0816540089008111,1.76931408488516e-58,186.062788483657,-3.25137005825482e-53,9.51340628444524e-61,-248844.995044561,101.477700193535,101.47770019342,1.21399697871271e-05,8.48655208394474e-44,1630.28033423025,-1.84175886390169e-39,5.20557843271322e-47,-687215.483972677,"No MPA"
"5031","Panulirus","MT_40",2047,34.3188116720679,34.3188116405991,0.00922557645298044,1.12670460064119e-52,551.35482403405,-7.05789610096948e-48,2.04355417820851e-55,-413533.715801219,11.5815811618873,11.5815810634182,0.0683735612020221,2.57655378367423e-60,186.13116194639,-4.73192416413704e-55,1.38477651332036e-62,-248844.995044561,101.477700949187,101.477700949132,6.22347714057824e-06,3.29619431917482e-45,1630.28034045368,-7.15046310880831e-41,2.02185737628502e-48,-687215.483972677,"No MPA"
"5032","Panulirus","MT_40",2048,34.3193859212172,34.3193858995478,0.00662203030410139,2.69748704937935e-54,551.361446042685,-1.68915432564796e-49,4.8924702080049e-57,-413533.715801219,11.5858371058856,11.5858370259436,0.0572440930823834,3.7524347404342e-62,186.18840595953,-6.88781265411028e-57,2.01601640166016e-64,-248844.995044561,101.477701336567,101.477701336541,3.19042335981507e-06,1.28073987463841e-46,1630.28034364407,-2.77725458702385e-42,7.85594871543493e-50,-687215.483972677,"No MPA"
"5033","Panulirus","MT_40",2049,34.3197981118066,34.3197980969049,0.00475317586935309,6.46020545944496e-56,551.366199203653,-4.04400198641919e-51,1.17168247939443e-58,-413533.715801219,11.5894002911395,11.5894002263284,0.0479199147854991,5.46550600859947e-64,186.236325809505,-1.00275680718706e-58,2.93547065695056e-66,-248844.995044561,101.477701535155,101.477701535143,1.63554790364923e-06,4.9780934505347e-48,1630.28034527961,-1.07910527524098e-43,3.05351988689734e-51,-687215.483972677,"No MPA"
"5034","Panulirus","MT_40",2050,34.3200939749395,34.3200939647044,0.00341171745150378,1.54761863067638e-57,551.369610910869,-9.68485457943287e-53,2.80687977105545e-60,-413533.715801219,11.5923830887008,11.592383036224,0.0401100837066414,7.9614785252141e-66,186.276435840735,-1.46008868383623e-60,4.27493321072732e-68,-248844.995044561,101.47770163696,101.477701636954,8.38451587310005e-07,1.93556340013162e-49,1630.28034611805,-4.19436217999772e-45,1.18725801101387e-52,-687215.483972677,"No MPA"
"5035","Panulirus","MT_40",2051,34.3203063385419,34.3203063315199,0.00244883587205166,3.70856303249621e-59,551.372059739719,-2.32010145946811e-54,6.72609255135265e-62,-413533.715801219,11.5948797597755,11.5948797173362,0.0335699782977285,1.15985944712138e-67,186.310005776593,-2.12633050625797e-62,6.22654950354623e-70,-248844.995044561,101.47770168915,101.477701689147,4.29825773248749e-07,7.52805994873877e-51,1630.28034654788,-1.63083598068664e-46,4.61764749030087e-54,-687215.483972677,"No MPA"
"5036","Panulirus","MT_40",2052,34.3204587672479,34.3204587624355,0.0017576988240567,8.88925483335791e-61,551.373817433731,-5.5596314686097e-56,1.61220625476284e-63,-413533.715801219,11.5969693389972,11.5969693047134,0.0280940943743183,1.68992287755639e-69,186.338099836683,-3.09705440775621e-64,9.07048911728864e-72,-248844.995044561,101.477701715904,101.477701715903,2.20346798522535e-07,2.92873371892357e-52,1630.28034676822,-6.34287206609621e-48,1.79646017638941e-55,-687215.483972677,"No MPA"
"5037","Panulirus","MT_40",2053,34.3205681758836,34.3205681725888,0.00126161812874376,2.13126438238239e-62,551.375079048565,-1.33261214330193e-57,3.86537103344042e-65,-413533.715801219,11.5987180693036,11.5987180416365,0.0235099097019975,2.46251806943489e-71,186.361609718718,-4.51161526503047e-66,1.3215322439239e-73,-248844.995044561,101.47770172962,101.477701729619,1.12958993715969e-07,1.13969442276825e-53,1630.28034688118,-2.46764550447122e-49,6.99078796495043e-57,-687215.483972677,"No MPA"
"5038","Panulirus","MT_40",2054,34.3206467057966,34.3206467035429,0.000905545804930458,5.11112240843627e-64,551.375984592116,-3.19502567076362e-59,9.26977406641409e-67,-413533.715801219,11.6001814549118,11.6001814326059,0.0196726745486549,3.58875436176376e-73,186.381282370961,-6.57323383730484e-68,1.92569401508763e-75,-248844.995044561,101.477701736651,101.477701736651,5.79075064975426e-08,4.43608567966749e-55,1630.28034693909,-9.60265455429797e-51,2.72105695695466e-58,-687215.483972677,"No MPA"
"5039","Panulirus","MT_40",2055,34.3207030718557,34.3207030703155,0.000649968385213646,1.22601929805029e-65,551.376634558961,-7.66217934042238e-61,2.22356310819031e-68,-413533.715801219,11.6014059900296,11.6014059720622,0.016460999649821,5.23070507445045e-75,186.397743352643,-9.57830300826749e-70,2.80645406629105e-77,-248844.995044561,101.477701740255,101.477701740255,2.96858146852772e-08,1.727055469895e-56,1630.28034696877,-3.73768595345883e-52,1.05936103145549e-59,-687215.483972677,"No MPA"
"5040","Panulirus","MT_40",2056,34.3207435294014,34.3207435283496,0.000466523516596267,2.94154730336969e-67,551.377101081426,-1.8379454747993e-62,5.33491468272202e-70,-413533.715801219,11.6024306129374,11.6024305984767,0.0137731273176074,7.62481107776416e-77,186.4115164655,-1.39591574810966e-71,4.09061340796456e-79,-248844.995044561,101.477701742103,101.477701742103,1.52181534716967e-08,6.72511938391707e-58,1630.28034698399,-1.45515470993457e-53,4.12513062334418e-61,-687215.483972677,"No MPA"
"5041","Panulirus","MT_40",2057,34.3207725683503,34.3207725676325,0.000334853222616786,7.05907243840653e-69,551.377435933931,-4.40971621561222e-64,1.28026216987222e-71,-413533.715801219,11.6032879279637,11.6032879163346,0.0115237853452712,1.11160434732197e-78,186.423040239217,-2.03464987858277e-73,5.9631742118355e-81,-248844.995044561,101.477701743051,101.47770174305,7.80141733108224e-09,2.61923289169793e-59,1630.28034699179,-5.66634327431063e-55,1.60661501964585e-62,-687215.483972677,"No MPA"
"5042","Panulirus","MT_40",2058,34.3207934114296,34.3207934109402,0.000240345036694255,1.69437204829423e-70,551.377676278478,-1.05823488929806e-65,3.07298039034996e-73,-413533.715801219,11.6040052316313,11.6040052222862,0.0096415364052712,1.62077766317231e-80,186.432681766277,-2.96605179490504e-75,8.69408449520531e-83,-248844.995044561,101.477701743536,101.477701743536,3.99935619745672e-09,1.02028668560406e-60,1630.28034699579,-2.20687125868429e-56,6.25835113259322e-64,-687215.483972677,"No MPA"
"5043","Panulirus","MT_40",2059,34.3208083718089,34.3208083714754,0.000172510540832391,4.06776261209191e-72,551.377848788685,-2.54005401306211e-67,7.37745249239419e-75,-413533.715801219,11.6046053738149,11.6046053663104,0.00806654754330466,2.36346035193129e-82,186.440748306316,-4.32439221368877e-77,1.26772856032314e-84,-248844.995044561,101.477701743785,101.477701743785,2.05020304647745e-09,3.97501139814102e-62,1630.28034699784,-8.59656798448125e-58,2.43823794199935e-65,-687215.483972677,"No MPA"
"5044","Panulirus","MT_40",2060,34.3208191098021,34.320819109575,0.000123821474074473,9.76752884994708e-74,551.377972609932,-6.09803038927499e-69,1.77147646961801e-76,-413533.715801219,11.6051074800604,11.605107474038,0.00674871502994323,3.44686574002824e-84,186.447497015323,-6.30561547632815e-79,1.84877274524112e-86,-248844.995044561,101.477701743913,101.477701743913,1.05103562560081e-09,1.54887766958781e-63,1630.28034699889,-3.3492013769534e-59,9.50068294965379e-67,-687215.483972677,"No MPA"
"5045","Panulirus","MT_40",2061,34.3208268171241,34.3208268169695,8.88743002691224e-05,2.34581044836545e-75,551.378061484078,-1.46426118708495e-70,4.25445078494237e-78,-413533.715801219,11.6055275571846,11.6055275523545,0.00564608924239082,5.02748728051189e-86,186.453143099735,-9.19569862902508e-81,2.69646273711029e-88,-248844.995044561,101.477701743978,101.477701743978,5.38793681428707e-10,6.03605779392172e-65,1630.28034699943,-1.30502851542397e-60,3.70246614641047e-68,-687215.483972677,"No MPA"
"5046","Panulirus","MT_40",2062,34.3208323491444,34.3208323490393,6.37905485605011e-05,5.63478415136196e-77,551.378125274521,-3.51662992029548e-72,1.0219456567066e-79,-413533.715801219,11.6058790008312,11.6058789969595,0.00472355246965409,7.33377332799022e-88,186.457866648333,-1.34120639288883e-82,3.93330635620391e-90,-248844.995044561,101.477701744012,101.477701744012,2.76189097393861e-10,2.35256988881978e-66,1630.28034699971,-5.08576480665912e-62,1.44304621787887e-69,-687215.483972677,"No MPA"
"5047","Panulirus","MT_40",2063,34.3208363198159,34.3208363197444,4.57863914018466e-05,1.35373932091537e-78,551.378171060841,-8.44716475687771e-74,2.45519228794681e-81,-413533.715801219,11.6061730207258,11.6061730176241,0.00395170965652504,1.06992450639477e-89,186.461818354888,-1.95640587878249e-84,5.73815696666149e-92,-248844.995044561,101.477701744029,101.477701744029,1.41490771245769e-10,9.1702306841188e-68,1630.28034699985,-1.98219062080717e-63,5.62494095018397e-71,-687215.483972677,"No MPA"
"5048","Panulirus","MT_40",2064,34.3208391698107,34.3208391697621,3.28636992330502e-05,3.25284678199027e-80,551.378203924492,-2.02940475640518e-75,5.89948415210881e-83,-413533.715801219,11.6064189968856,11.606418994402,0.00330595823185773,1.56108715914111e-91,186.465124310636,-2.85412903676168e-86,8.37215454097297e-94,-248844.995044561,101.477701744038,101.477701744038,7.25096709430962e-11,3.57488945092594e-69,1630.28034699992,-7.72650595379944e-65,2.19280656698382e-72,-687215.483972677,"No MPA"
"5049","Panulirus","MT_40",2065,34.3208412154268,34.3208412153938,2.3588288979317e-05,7.81736786482597e-82,551.378227512748,-4.87637618323372e-77,1.41778688551489e-84,-413533.715801219,11.6066247779293,11.6066247759417,0.00276570841588052,2.27797371936792e-93,186.467890017065,-4.1642655059777e-88,1.22166208180922e-95,-248844.995044561,101.477701744042,101.477701744042,3.70487984089809e-11,1.39375346646016e-70,1630.28034699996,-3.01207304136711e-66,8.54916437547061e-74,-687215.483972677,"No MPA"
"5050","Panulirus","MT_60",2015,14.1804894735257,14.1804894735257,40.4433400402863,0.592338279809962,267.666304060476,-93261.0271661737,0.00260008117905064,-553796.894751388,8.07397463592806,8.07397463592806,7.92229435237785,0.138266112495183,137.495698339883,-36686.0509221644,0.00106594967429367,-312300.538479153,21.5706495587423,21.5706495587423,136.74433869213,2.32352397128408,480.962029620846,-273723.456236053,0.00670489936371513,-1043252.25243904,"No MPA"
"5051","Panulirus","MT_60",2016,16.6610371157105,16.6610306633926,42.6151179524579,0.0179104579154191,310.263505102701,-2394.2418897853,6.69140857342364e-05,-462930.109474999,8.55849577828718,8.55849527742538,7.55301398007638,0.00234718777518627,145.046364631322,-587.350888364419,1.7070999715755e-05,-276201.838445353,29.9377475057519,29.9376643878918,172.480329288452,0.12468970472007,653.317586086718,-10317.6090638788,0.000259311425430162,-779846.405266863,"No MPA"
"5052","Panulirus","MT_60",2017,19.3125234508359,19.3124955130825,43.3222820321112,0.000535531529286931,353.585223665529,-61.6141960125156,1.72607772857301e-06,-460597.481781227,9.02849117711628,9.02848906523925,7.10342074180746,3.96645539044089e-05,152.149743596699,-9.40611935408065,2.73461396194399e-07,-275623.893676342,40.6661144305928,40.6657360715871,204.147682346678,0.00669408099668623,857.458195993394,-399.010266840333,1.02494018224976e-05,-769927.806469825,"No MPA"
"5053","Panulirus","MT_60",2018,22.0091077796896,22.0090585117943,42.3306325714471,1.57785146446941e-05,395.915791190567,-1.58929823597072,4.46250248496242e-08,-460537.45688345,9.47064492898471,9.47064147777464,6.59830612264445,6.66680387694908e-07,158.748045601453,-0.150674137743468,4.38174184169916e-09,-275614.638231126,53.3729595839912,53.3721934148753,221.081325217862,0.000353495716672619,1078.53840154642,-15.770012898758,4.12386496652258e-07,-769544.566215883,"No MPA"
"5054","Panulirus","MT_60",2019,24.6439973640894,24.6439303864414,39.6951593577611,4.57750952028232e-07,435.610883112929,-0.0410871250207919,1.15619947148173e-09,-460535.908672339,9.88135988613163,9.88135542692871,6.05775366790104,1.11485429177772e-08,164.805794799002,-0.00241424455837615,7.02279617215757e-11,-275614.489971233,67.1342192359932,67.1330727966979,214.255748056448,1.81463504036748e-05,1292.79298501722,-0.634463541258309,1.68294923425838e-08,-769529.430666526,"No MPA"
"5055","Panulirus","MT_60",2020,27.1148403121826,27.1147613905923,35.7271826154839,1.30760114236885e-08,471.337986793747,-0.00106449440904357,3.00180423871605e-11,-460535.868649708,10.2584278348684,10.2584226902483,5.50097616925863,1.85548220133226e-10,170.306765823455,-3.86934093038714e-05,1.12586067017609e-12,-275614.487595682,80.4706142669179,80.4692298598288,182.67339066367,8.97646140170989e-07,1475.46499037616,-0.0258906476329405,6.94492350139075e-10,-769528.822093632,"No MPA"
"5056","Panulirus","MT_60",2021,29.3386936378835,29.3386095153199,30.9173051572448,3.68054962167953e-10,502.25520782806,-2.76361782727143e-05,7.80881710130246e-13,-460535.86761285,10.6008388183225,10.6008332824579,4.94518993171389,3.07468678346292e-12,175.251950219301,-6.20304217463509e-07,1.80538277359979e-14,-275614.487557609,91.8411342581038,91.8397507740494,136.337445855174,4.26469145082493e-08,1611.80105270463,-0.00106834984756458,2.89082302290797e-11,-769528.797271334,"No MPA"
"5057","Panulirus","MT_60",2022,31.2631531583875,31.263070239755,25.8079106983372,1.02216049563996e-11,528.063035607754,-7.1889901638782e-07,2.03516106208543e-14,-460535.867585933,10.9086545557289,10.9086488818322,4.40478651623622,5.07487434240321e-14,179.656731061641,-9.94679629659839e-09,2.8957610559299e-16,-275614.487556998,100.327447851582,100.326283038819,90.112730470094,1.95241912486097e-09,1701.91261836001,-4.4468063417349e-05,1.21143478310855e-12,-769528.796247452,"No MPA"
"5058","Panulirus","MT_60",2023,32.8695756702634,32.8694989825521,20.8700107706208,2.80583864253315e-13,548.932969690664,-1.87357286414444e-08,5.31349418181872e-16,-460535.867585233,11.1828325751041,11.1828269689182,3.89093325738075,8.34654728504867e-16,183.547658712836,-1.59540581064994e-10,4.64583332872332e-18,-275614.487556988,105.936492087497,105.935644275378,54.0981842543634,8.68535761467683e-11,1756.00995480217,-1.86343385831432e-06,5.10354219440184e-14,-769528.796204848,"No MPA"
"5059","Panulirus","MT_60",2024,34.1686362583276,34.168568960044,16.4291337947134,7.62788034391003e-15,565.362036187093,-4.89151342071277e-10,1.38959126754669e-17,-460535.867585214,11.4250255184357,11.4250201369963,3.41155006546242,1.36841958646536e-17,186.959203396859,-2.55957127590066e-12,7.45539507965961e-20,-275614.487556988,109.303810710166,109.303259550282,30.3890199943084,3.79124256091091e-12,1786.39842363659,-7.85015057030779e-08,2.15906398598578e-15,-769528.796203063,"No MPA"
"5060","Panulirus","MT_60",2025,35.1912725876716,35.1912160239377,12.6515611795567,2.05779632210647e-16,578.013540802916,-1.27921404187838e-11,3.63980087306131e-19,-460535.867585214,11.6373790038769,11.6373739583115,2.97156734782071,2.23732523141455e-19,189.930765699114,-4.10742855673061e-14,1.19669223206363e-21,-275614.487556988,111.195357757588,111.19502735621,16.3834576387734,1.63721578576012e-13,1802.78155087398,-3.32098935821873e-09,9.1650096710519e-17,-769528.796202988,"No MPA"
"5061","Panulirus","MT_60",2026,35.9787724887656,35.9787265939599,9.57346541755299,5.51883918804566e-18,587.586960325663,-3.35064528863563e-13,9.54797116223854e-21,-460535.867585214,11.8223455426548,11.8223409036341,2.5733584886319,3.64915921550029e-21,192.504119548725,-6.59292489003629e-16,1.92131098466499e-23,-275614.487556988,112.215134572349,112.214947236976,8.62761774360784,7.03326580293369e-15,1811.40898128222,-1.40971907611661e-10,3.90136381197452e-18,-769528.796202985,"No MPA"
"5062","Panulirus","MT_60",2027,36.57467528106,36.5746390926134,7.14646767808667,1.47373423366693e-19,594.733391815304,-8.78937326202437e-15,2.50811822997175e-22,-460535.867585214,11.9825253760885,11.9825211806519,2.21725050060736,5.93956605426139e-23,194.721365853896,-1.05849818629322e-17,3.08542387348694e-25,-275614.487556988,112.752153749078,112.752051490465,4.48559665199388,3.01536782488188e-16,1815.8944756756,-6.00087910865901e-12,1.66465774294411e-19,-769528.796202984,"No MPA"
"5063","Panulirus","MT_60",2028,37.0195088611092,37.0194809777662,5.27982504552616,3.9234845745674e-21,600.013188977487,-2.30882923853882e-16,6.59705826186737e-24,-460535.867585214,12.1205390984911,12.1205353572195,1.90203843261192,9.65041604886456e-25,196.623400545236,-1.69982623442326e-19,4.95601433262018e-27,-275614.487556988,113.031355828073,113.031301467817,2.31637045884841,1.29242441417203e-17,1818.21079177419,-2.56048800749723e-13,7.11729697482895e-21,-769528.796202984,"No MPA"
"5064","Panulirus","MT_60",2029,37.3481527551972,37.3481316676974,3.87059005156137,1.0424181337959e-22,603.883757941548,-6.07284101156872e-18,1.73732730050454e-25,-460535.867585214,12.2389322996787,12.2389290034932,1.62545433261937,1.56561320055933e-26,198.24885158167,-2.73035977991574e-21,7.96249871468896e-29,-275614.487556988,113.175536204553,113.175507855296,1.19196136835665,5.54270269983163e-19,1819.40272479329,-1.09474394093367e-14,3.04843964769752e-22,-769528.796202984,"No MPA"
"5065","Panulirus","MT_60",2030,37.5890784607898,37.5890627514373,2.82121428075435,2.76605194705255e-24,606.70495651295,-1.59926933773106e-19,4.58044124728833e-27,-460535.867585214,12.340109398316,12.3401065244661,1.38456430153021,2.53673110629696e-28,199.63341300935,-4.38666708341125e-23,1.27956938419396e-30,-275614.487556988,113.249728734465,113.249714162502,0.612242096433507,2.37933839442883e-20,1820.01495231776,-4.68894237198984e-16,1.30775830013563e-23,-769528.796202984,"No MPA"
"5066","Panulirus","MT_60",2031,37.7646855259895,37.7646739657244,2.04766291354591,7.33452170727905e-26,608.752607866231,-4.21644168963223e-21,1.20891143116571e-28,-460535.867585214,12.4262921900444,12.4262897070854,1.17608465108937,4.10589308511731e-30,200.809495177481,-7.04932311008376e-25,2.05671670684617e-32,-275614.487556988,113.287837175288,113.287829769753,0.314177934850151,1.02252006215535e-21,1820.32912284708,-2.01152156178688e-17,5.6181966099987e-25,-769528.796202984,"No MPA"
"5067","Panulirus","MT_60",2032,37.8921427168257,37.8921342948372,1.48162990893744,1.94425318004169e-27,610.23422935318,-1.11283917651043e-22,3.19383252424779e-30,-460535.867585214,12.4994980749731,12.4994959466975,0.996619847002601,6.63993737910822e-32,201.806112896208,-1.1330696022847e-26,3.30658581023718e-34,-275614.487556988,113.307392893621,113.307389164709,0.16114549275239,4.39926667880318e-23,1820.49026461092,-8.64159872663324e-19,2.41674258847463e-26,-769528.796202984,"No MPA"
"5068","Panulirus","MT_60",2033,37.9843670656175,37.9843609807362,1.06966128018275,5.15380032039697e-29,611.303884548481,-2.94001427482304e-24,8.44561207363329e-32,-460535.867585214,12.5615330960049,12.5615312844022,0.84283152421104,1.07303177278366e-33,202.648942608816,-1.82163209577987e-28,5.31714265526221e-36,-275614.487556988,113.317423251823,113.317421388619,0.0826328486274402,1.89482657256894e-24,1820.57289559634,-3.7172993448199e-20,1.04083315129291e-27,-769528.796202984,"No MPA"
"5069","Panulirus","MT_60",2034,38.0509483447684,38.0509439788927,0.770986584281657,1.36641060603486e-30,612.074866766887,-7.77441966278317e-26,2.23523989491754e-33,-460535.867585214,12.613995497551,12.6139939649253,0.711550676537621,1.73305690012353e-35,203.360491752728,-2.92926144141088e-30,8.55201627666593e-38,-275614.487556988,113.322566663206,113.322565738317,0.0423673961792894,8.16990124546994e-26,1820.61526206763,-1.60095175445606e-21,4.48754419891831e-29,-769528.796202984,"No MPA"
"5070","Panulirus","MT_60",2035,38.0989385593062,38.0989354451653,0.555056642161355,3.62384953219327e-32,612.629920294908,-2.05759865413184e-27,5.92059914535186e-35,-460535.867585214,12.6582862675005,12.6582849778956,0.599845442027249,2.79779224739531e-37,203.96033590515,-4.71137263966046e-32,1.37577974319344e-39,-275614.487556988,113.32520378764,113.325203331123,0.0217211184918261,3.52610976972157e-27,1820.63698272961,-6.90249119203815e-23,1.93676822389256e-30,-769528.796202984,"No MPA"
"5071","Panulirus","MT_60",2036,38.1334881731025,38.1334859629495,0.399263812403138,9.61457495182008e-34,613.029181897158,-5.45006838999999e-29,1.56939374767403e-36,-460535.867585214,12.6956238984818,12.6956228185651,0.505055797903809,4.51506150359419e-39,204.465390623137,-7.57926515196907e-34,2.21369598636298e-41,-275614.487556988,113.326555802256,113.326555578036,0.0111357052720624,1.52327814277506e-28,1820.64811821066,-2.97902926838095e-24,8.36673186750925e-32,-769528.796202984,"No MPA"
"5072","Panulirus","MT_60",2037,38.1583404323262,38.158338870549,0.287023642538348,2.55200760950785e-35,613.316203977919,-1.44466797089479e-30,4.16294658014713e-38,-460535.867585214,12.7270613086982,12.7270604082353,0.424804716603122,7.28440348073921e-41,204.890194439278,-1.21953856623117e-35,3.56265860198545e-43,-275614.487556988,113.327248936432,113.327248826785,0.00570880825860091,6.58628000249175e-30,1820.65382690927,-1.28692420270038e-25,3.61754692926822e-33,-769528.796202984,"No MPA"
"5073","Panulirus","MT_60",2038,38.1762062804664,38.1762051810373,0.206245637477518,6.77698257319225e-37,613.522448515968,-3.83210008885111e-32,1.10497370755451e-39,-460535.867585214,12.7535034571504,12.7535027091855,0.356993412509756,1.17499831761109e-42,205.247187103823,-1.96268787549164e-37,5.73477108451541e-45,-275614.487556988,113.327604277534,113.327604224123,0.00292663783138224,2.85005432194364e-31,1820.65675349369,-5.56430965248307e-27,1.56540155034185e-34,-769528.796202984,"No MPA"
"5074","Panulirus","MT_60",2039,38.1890440857904,38.1890433144224,0.148154484350942,1.80051498304829e-38,613.67060222895,-1.01715669826563e-33,2.93471742925328e-41,-460535.867585214,12.7757246629719,12.7757240438048,0.299786508801423,1.89504403004769e-44,205.546972993457,-3.1593131464489e-39,9.23298445645737e-47,-275614.487556988,113.3277864444,113.327786418471,0.00150034161258059,1.23422337778123e-32,1820.65825380938,-2.40781367002956e-28,6.77900090544072e-36,-769528.796202984,"No MPA"
"5075","Panulirus","MT_60",2040,38.1982659955841,38.1982654559951,0.106401148719727,4.7858787233009e-40,613.777002838081,-2.70148243589782e-35,7.79877474404046e-43,-460535.867585214,12.7943850014538,12.7943844904842,0.251591407568599,3.05605964473038e-46,205.798563890056,-5.08649145294111e-41,1.4867938337556e-48,-275614.487556988,113.327879832379,113.327879819831,0.000769148014986311,5.34858841445405e-34,1820.65902294484,-1.04270824554325e-29,2.9377223340934e-37,-769528.796202984,"No MPA"
"5076","Panulirus","MT_60",2041,38.2048889603389,38.2048885838902,0.0764024086040782,1.27270180978198e-41,613.853404870237,-7.17897083213181e-37,2.07355736100634e-44,-460535.867585214,12.8100454159424,12.8100449954359,0.211034893714699,4.92813792272755e-48,206.009598363264,-8.19080624363588e-43,2.39464159834066e-50,-275614.487556988,113.327927707642,113.327927701586,0.00039430181682142,2.31935819065515e-35,1820.65941724061,-4.51864123170266e-31,1.27391134832283e-38,-769528.796202984,"No MPA"
"5077","Panulirus","MT_60",2042,38.2096446470808,38.2096443850794,0.0548550907205678,3.38598564407214e-43,613.908259698956,-1.90876223539618e-38,5.51595159241501e-46,-460535.867585214,12.8231813734293,12.8231810282421,0.176939031870766,7.9468930416465e-50,206.186537049948,-1.31921676319705e-44,3.85753539135881e-52,-275614.487556988,113.327952250799,113.327952247884,0.00020213753912683,1.0063741195377e-36,1820.65961937523,-1.95945963868697e-32,5.5275254120988e-40,-769528.796202984,"No MPA"
"5078","Panulirus","MT_60",2043,38.2130591162291,38.2130589342788,0.0393813232685703,9.01216916174052e-45,613.947640840274,-5.07757331987159e-40,1.46799934000908e-47,-460535.867585214,12.834195019829,12.8341947371194,0.148297688992395,1.28149745624983e-51,206.334834456231,-2.1251291947795e-46,6.21523349984098e-54,-275614.487556988,113.327964832781,113.327964831381,0.000103625025017899,4.36913120826243e-38,1820.65972299885,-8.50213239749348e-34,2.39975180522785e-41,-769528.796202984,"No MPA"
"5079","Panulirus","MT_60",2044,38.2155104171482,38.2155102910417,0.0282707573135743,2.39966731327815e-46,613.975911471481,-1.35133056803033e-41,3.90858627106907e-49,-460535.867585214,12.8434258738915,12.8434256428348,0.12425448880417,2.06658930985875e-53,206.459088713978,-3.42399154065879e-48,1.00157074101757e-55,-275614.487556988,113.327971282891,113.327971282219,5.31229124625866e-05,1.89782819419502e-39,1820.6597761211,-3.6911648608296e-35,1.04238489500754e-42,-769528.796202984,"No MPA"
"5080","Panulirus","MT_60",2045,38.2172701382214,38.2172700509784,0.0202939104930279,6.39207302522863e-48,613.996205294731,-3.5979525450442e-43,1.04109508498794e-50,-460535.867585214,12.8511601488776,12.8511599603973,0.104082634276592,3.33284400494347e-55,206.563171159774,-5.51768251855719e-50,1.61428787275991e-57,-275614.487556988,113.327974589514,113.327974589193,2.72332021154995e-05,8.24761158063576e-41,1820.65980335398,-1.60333851503422e-36,4.53001252008882e-44,-769528.796202984,"No MPA"
"5081","Panulirus","MT_60",2046,38.2185333384721,38.2185332782167,0.0145673483634576,1.70330724426734e-49,614.010772582839,-9.58354345379116e-45,2.77413318146704e-52,-460535.867585214,12.8576388182738,12.8576386647937,0.0871667826834413,5.37535239769955e-57,206.650337788978,-8.89315647216723e-52,2.60228016508595e-59,-275614.487556988,113.32797628464,113.327976284486,1.39609564941149e-05,3.58586057728313e-42,1820.65981731478,-6.96781350321526e-38,1.96953904879993e-45,-769528.796202984,"No MPA"
"5082","Panulirus","MT_60",2047,38.2194400873761,38.2194400458243,0.0104564809169478,4.54042656991175e-51,614.021229022204,-2.55365968969612e-46,7.39470181374371e-54,-460535.867585214,12.8630645533117,12.8630644285338,0.0729869931051188,8.67032739129059e-59,206.723324657305,-1.43360297132971e-53,4.19565122768749e-61,-275614.487556988,113.327977153637,113.327977153564,7.15700460225097e-06,1.55968866410414e-43,1820.65982447171,-3.02943550783085e-39,8.56661222086528e-47,-769528.796202984,"No MPA"
"5083","Panulirus","MT_60",2048,38.2200909542268,38.2200909256138,0.00750556871858302,1.2107232651615e-52,614.02873456231,-6.80700979834884e-48,1.97179382177551e-55,-460535.867585214,12.8676076612925,12.86760756,0.0611046638277089,1.39863698527473e-60,206.78442921984,-2.31139478710906e-55,6.76574350334361e-63,-275614.487556988,113.327977599125,113.32797759909,3.66899482270804e-06,6.78653581259322e-45,1820.65982814067,-1.31766868290626e-40,3.72751445458163e-48,-769528.796202984,"No MPA"
"5084","Panulirus","MT_60",2049,38.2205581407212,38.220558121044,0.00538736796017366,3.22946265995879e-54,614.034121910593,-1.81508600425288e-49,5.25946503697398e-57,-460535.867585214,12.8714111485783,12.8714110664638,0.0511503181521174,2.25641463679287e-62,206.835579455878,-3.7272644165521e-57,1.09119175575482e-64,-275614.487556988,113.327977827501,113.327977827484,1.88088654429953e-06,2.95400626285369e-46,1820.65983002154,-5.7334555775896e-42,1.6224921411435e-49,-769528.796202984,"No MPA"
"5085","Panulirus","MT_60",2050,38.2208934791943,38.2208934656789,0.00386692776826098,8.6167960329229e-56,614.037988824846,-4.84147035218318e-51,1.40330899008851e-58,-460535.867585214,12.8745950233066,12.8745949568237,0.0428130677524748,3.6406577716326e-64,206.878392457147,-6.01140082309621e-59,1.76016998148285e-66,-275614.487556988,113.327977944577,113.327977944569,9.64223713155673e-07,1.28622194929004e-47,1820.65983098576,-2.49562724157776e-43,7.06459234218872e-51,-769528.796202984,"No MPA"
"5086","Panulirus","MT_60",2051,38.2211341774104,38.2211341681378,0.00277557444325396,2.29977309069892e-57,614.040764390017,-1.29178134987155e-52,3.74532705291248e-60,-460535.867585214,12.8772599422462,12.8772598884829,0.0358315728263561,5.87475647776187e-66,206.914223976211,-9.69681627545339e-61,2.83971487762612e-68,-275614.487556988,113.327978004595,113.327978004591,4.94302395465163e-07,5.60209785782117e-49,1820.65983148006,-1.08663633263435e-44,3.07696021106157e-52,-769528.796202984,"No MPA"
"5087","Panulirus","MT_60",2052,38.2213069439993,38.2213069376444,0.00199222243474089,6.13962288743488e-59,614.042756606097,-3.44766808828982e-54,9.99872198089777e-62,-460535.867585214,12.8794902949651,12.8794902515357,0.0299863207099547,9.48091873185935e-68,206.944210253491,-1.5644051940575e-62,4.58205268068634e-70,-275614.487556988,113.327978035363,113.327978035361,2.53400460650106e-07,2.44065025344749e-50,1820.65983173345,-4.73280919472467e-46,1.34053062040889e-53,-769528.796202984,"No MPA"
"5088","Panulirus","MT_60",2053,38.2214309505909,38.2214309462399,0.00142995187388805,1.63949563935745e-60,614.04418655362,-9.2040759441868e-56,2.67000240916721e-63,-460535.867585214,12.8813568073768,12.8813567723309,0.0250930544217325,1.53025058064147e-69,206.969303272867,-2.52426271855755e-64,7.3945078271111e-72,-275614.487556988,113.327978051136,113.327978051135,1.29903818829138e-07,1.06358215914321e-51,1820.65983186336,-2.06192970038171e-47,5.84174012413166e-55,-769528.796202984,"No MPA"
"5089","Panulirus","MT_60",2054,38.2215199584652,38.221519955489,0.00102637021183439,4.37910569600427e-62,614.045212920855,-2.45780460323934e-57,7.13158074304148e-65,-460535.867585214,12.8829187362443,12.8829187079906,0.0209971963724349,2.47017041365766e-71,206.990300440986,-4.07365004030681e-66,1.19349602909854e-73,-275614.487556988,113.327978059222,113.327978059221,6.65941986542387e-08,4.63594654157341e-53,1820.65983192995,-8.98544000448424e-49,2.54630022612667e-56,-769528.796202984,"No MPA"
"5090","Panulirus","MT_60",2055,38.2215838452614,38.2215838432273,0.000736691992731716,1.16993650299264e-63,614.045949610814,-6.564800054504e-59,1.90529374451505e-66,-460535.867585214,12.8842257165853,12.8842256938278,0.0175691280030229,3.98789636892883e-73,207.007869546231,-6.57499453387545e-68,1.92661026310338e-75,-275614.487556988,113.327978063367,113.327978063367,3.41389634941889e-08,2.02115477013192e-54,1820.65983196409,-3.91657749730287e-50,1.11012212972779e-57,-769528.796202984,"No MPA"
"5091","Panulirus","MT_60",2056,38.2216297009352,38.2216296995462,0.000528770655640763,3.12634081505494e-65,614.04647838008,-1.75387097469715e-60,5.09137926420301e-68,-460535.867585214,12.885319315257,12.8853192969419,0.0147002019528284,6.43892691583517e-75,207.022569729869,-1.06137356153449e-69,3.11047446348547e-77,-275614.487556988,113.327978065492,113.327978065492,1.75009740043446e-08,8.81347144088652e-56,1820.65983198159,-1.70752816495782e-51,4.84081171350868e-59,-769528.796202984,"No MPA"
"5092","Panulirus","MT_60",2057,38.2216626144706,38.2216626135228,0.000379531972255737,8.35609375650155e-67,614.046857911105,-4.68674309869648e-62,1.36082431067008e-69,-460535.867585214,12.8862343363167,12.8862343215883,0.0122993786419686,1.03976620806294e-76,207.034869093782,-1.71356671532064e-71,5.02247754871791e-79,-275614.487556988,113.327978066581,113.327978066581,8.97168034910526e-09,3.84391506169883e-57,1820.65983199056,-7.44586754981688e-53,2.11127581010844e-60,-769528.796202984,"No MPA"
"5093","Panulirus","MT_60",2058,38.2216862385891,38.2216862379428,0.000272413806071644,2.23387739626058e-68,614.047130324265,-1.25267311926122e-63,3.63795916793537e-71,-460535.867585214,12.8869999170251,12.8869999051897,0.0102903933757418,1.67923002204232e-78,207.045159475323,-2.76689301054035e-73,8.110856060169e-81,-275614.487556988,113.32797806714,113.32797806714,4.59920536785916e-09,1.67677007785791e-58,1820.65983199516,-3.24744711704671e-54,9.20968348065693e-62,-769528.796202984,"No MPA"
"5094","Panulirus","MT_60",2059,38.2217031950969,38.2217031946565,0.000195528315239989,5.97311362960666e-70,614.047325852139,-3.34883321947583e-65,9.72745141970764e-73,-460535.867585214,12.8876404475147,12.8876404380107,0.00860937299640307,2.7122926404166e-80,207.053768838815,-4.46828682909502e-75,1.3100005081345e-82,-275614.487556988,113.327978067426,113.327978067426,2.35773626593142e-09,7.31543734223489e-60,1820.65983199752,-1.41658233021842e-55,4.01801435593727e-63,-769528.796202984,"No MPA"
"5095","Panulirus","MT_60",2060,38.2217153658376,38.2217153655377,0.00014034277245961,1.59743889267771e-71,614.047466194612,-8.95436450637336e-67,2.60149149003585e-74,-460535.867585214,12.8881763421062,12.8881763344793,0.00720283263377839,4.38141335325229e-82,207.060971663822,-7.21681882740497e-77,2.11607515227104e-84,-275614.487556988,113.327978067573,113.327978067573,1.20869030740509e-09,3.19204257473121e-61,1820.65983199873,-6.18028638132815e-57,1.75323392027004e-64,-769528.796202984,"No MPA"
"5096","Panulirus","MT_60",2061,38.2217241015324,38.2217241013283,0.000100732666923677,4.27293826331631e-73,614.047566927075,-2.39473856550482e-68,6.9586448907721e-76,-460535.867585214,12.8886246859319,12.8886246798151,0.00602599325564576,7.07852233717338e-84,207.066997650961,-1.16574998169541e-78,3.41856907245488e-86,-275614.487556988,113.327978067648,113.327978067648,6.19587535873797e-10,1.39300808444278e-62,1820.65983199935,-2.69672698025987e-58,7.65111669934261e-66,-769528.796202984,"No MPA"
"5097","Panulirus","MT_60",2062,38.2217303716803,38.2217303715414,7.23020359356245e-05,1.14315450589997e-74,614.047639228972,-6.40560822350892e-70,1.86167093149244e-77,-460535.867585214,12.8889997768338,12.8889997719309,0.00504136956707635,1.14372333338307e-85,207.072039015625,-1.88329642286999e-80,5.52344577608375e-88,-275614.487556988,113.327978067687,113.327978067687,3.17593729325833e-10,6.07981767810399e-64,1820.65983199967,-1.17685224964482e-59,3.33934849950936e-67,-769528.796202984,"No MPA"
"5098","Panulirus","MT_60",2063,38.2217348721518,38.2217348720574,5.18956140413391e-05,3.05883783514033e-76,614.047691124491,-1.71371507162492e-71,4.98143407730446e-79,-460535.867585214,12.8893135793652,12.8893135754374,0.00421758546125491,1.84819840515258e-87,207.076256597159,-3.04287709307894e-82,8.9253885466104e-90,-275614.487556988,113.327978067706,113.327978067706,1.62742103440055e-10,2.65384268128999e-65,1820.65983199983,-5.13640027779645e-61,1.45762686397888e-68,-769528.796202984,"No MPA"
"5099","Panulirus","MT_60",2064,38.2217381024171,38.221738102353,3.72486666552925e-05,8.18612952431724e-78,614.047728373094,-4.585535774204e-73,1.33314230191662e-80,-460535.867585214,12.88957610506,12.8895761019151,0.00352838080359904,2.98692716014965e-89,207.079784974817,-4.91701396699559e-84,1.44242860552311e-91,-275614.487556988,113.327978067716,113.327978067716,8.34398072722389e-11,1.15852010420382e-66,1820.65983199991,-2.24204063462221e-62,6.3631881356513e-70,-769528.796202984,"No MPA"
"5100","Panulirus","MT_60",2065,38.221740420977,38.2217404209334,2.67356511972046e-05,2.19113430822041e-79,614.047755108701,-1.2271911305973e-74,3.56834527183542e-82,-460535.867585214,12.8897957308786,12.8897957283616,0.00295177895914223,4.8277888313603e-91,207.082736751259,-7.94636725446133e-86,2.33136654660386e-93,-275614.487556988,113.327978067722,113.327978067722,4.27542814122235e-11,5.05792228154731e-68,1820.65983199995,-9.78750235635259e-64,2.77807100077087e-71,-769528.796202984,"No MPA"
"5101","Scomberomorus","MT",2015,6346.022352,6346.022352,2805.01659243826,3334.67503185163,5816.36391258662,-2106842.33517255,0.525474832404378,-4558458.73084985,464.5555675,464.5555675,183.148470173655,90.0818439151663,557.622193758488,-668908.92653669,0.193909728388233,-2100860.24560593,11675.89791,11675.89791,7352.08413253154,117684.092789782,0,-48666546.555155,10.0792327662431,-52812092.6565602,"No MPA"
"5102","Scomberomorus","MT",2016,5816.36391258662,5815.98632367268,2630.56373899006,4369.77553055897,4076.77453210377,-3012828.50214238,0.752464228741051,-5464444.89781967,557.622193758488,557.618038686965,218.360256240231,104.99795708489,670.980337842306,-649440.426656265,0.188309697852179,-2081391.7457255,0,0,0,0,0,-97730639.7702082,20.418066553523,-101876185.871613,"No MPA"
"5103","Scomberomorus","MT",2017,4076.77453210377,4055.92394417355,1980.50122908391,4366.60330057255,1669.82187268491,-4314434.85161735,1.07895428095404,-6766051.24729465,670.980337842306,670.74979161827,260.582156877772,122.702830995823,808.629117500219,-630681.898151799,0.182912808277262,-2062633.21722104,0,0,0,0,0,-197978432.825723,41.7047299247509,-202123978.927128,"No MPA"
"5104","Scomberomorus","MT",2018,1669.82187268491,1613.82609783938,888.038089653797,2518.1465636951,33.1745750462333,-6186749.99461274,1.54913638878443,-8638366.39029004,808.629117500219,807.790281069296,310.866206228519,143.636583605209,975.019903692606,-612603.281921034,0.177710512492739,-2044554.60099027,0,0,0,0,0,-404378987.12293,85.8321903067534,-408524533.224335,"No MPA"
"5105","Scomberomorus","MT",2019,33.1745750462333,5.66907437054798,18.644713784774,56.3357804413445,3.79248913731627,-8883077.53622072,2.22705853298791,-11334693.931898,975.019903692606,973.326864224186,370.207160263995,168.255939657539,1175.27808483064,-595175.886148629,0.172694652928816,-2027127.20521787,0,0,0,0,0,-832249345.371941,177.871913330697,-836394891.473346,"No MPA"
"5106","Scomberomorus","MT",2020,3.79248913731627,2.83453718527399,2.14411852780326,13.8688254306671,1.43009989405405,-12770433.1727131,3.20563888456658,-15222049.5683904,1175.27808483064,1172.44801843734,439.532290795124,197.066187151865,1414.9141220806,-578372.316994676,0.167857443222649,-2010323.63606391,0,0,0,0,0,-1724688405.36951,370.898514661945,-1728833951.47092,"No MPA"
"5107","Scomberomorus","MT",2021,1.43009989405405,0.726731064482094,0.808653243115564,5.7684031876202,0.492889584746375,-18381824.7391155,4.61979510817678,-20833441.1347928,1414.9141220806,1410.63790085902,519.482405878727,230.564384219431,1699.55592251831,-562166.425123115,0.163191450654499,-1994117.74419235,0,0,0,0,0,-3596320272.42513,777.681473310757,-3600465818.52653,"No MPA"
"5108","Scomberomorus","MT",2022,0.492889584746375,0.996752417966933,0.278731000762102,3.85992932083521,0.503800076261169,-26490901.9021553,6.66560539971663,-28942518.2978326,1699.55592251831,1693.48759891872,610.190951515963,269.195058360922,2034.48349207376,-546533.2532103,0.15868957938879,-1978484.57227954,0,0,0,0,0,-7540584654.28488,1638.6009222815,-7544730200.38628,"No MPA"
"5109","Scomberomorus","MT",2023,0.503800076261169,0.258236488573532,0.284898735777387,4.10154771827888,0.175486925707652,-38222019.6179559,9.6282748095883,-40673636.0136332,2034.48349207376,2026.24967920717,711.004650591628,313.282936326634,2423.97139347217,-531448.989423893,0.154345054462345,-1963400.30849313,0,0,0,0,0,-15888264531.3006,3467.50700443287,-15892410077.402,"No MPA"
"5110","Scomberomorus","MT",2024,0.175486925707652,0.445811687149709,0.0992409570129551,2.95561301316037,0.225445788095739,-55210605.5295366,13.9229830529042,-57662221.9252139,2423.97139347217,2413.18717459934,820.191693509587,362.948532991471,2870.43033511746,-516890.925842363,0.150151406470884,-1948842.2449116,0,0,0,0,0,-33621773185.5413,7365.57455957017,-33625918731.6427,"No MPA"
"5111","Scomberomorus","MT",2025,0.225445788095739,0.115835732827048,0.127492715609962,3.73264250888428,0.0787680272154329,-79837389.4249874,20.1545839902364,-82289005.8206647,2870.43033511746,2856.7257727498,934.701962825898,418.009403345656,3373.41833223004,-502837.421246886,0.146102456910636,-1934788.74031613,0,0,0,0,0,-71418363944.6071,15697.7933120258,-71422509490.7085,"No MPA"
"5112","Scomberomorus","MT",2026,0.0787680272154329,0.211316252800262,0.044545046403344,2.85693922985804,0.106876756625511,-115570734.203395,29.2049077847942,-118022350.599072,3373.41833223004,3356.47329615042,1050.08615284214,477.880696710421,3928.67875228214,-489267.866189485,0.142192304146757,-1921219.18525872,0,0,0,0,0,-152209540045.835,33553.3081242371,-152213685591.937,"No MPA"
"5113","Scomberomorus","MT",2027,0.106876756625511,0.0549497782192371,0.0604409371816169,3.62602731047606,0.0373724300309302,-167467244.044805,42.360499180938,-169918860.440482,3928.67875228214,3908.26250106387,1160.69682824563,541.497853736333,4527.46147557317,-476162.6469798,0.138415310001658,-1908113.96604904,0,0,0,0,0,-325340861297.608,71902.1591701141,-325345006843.71,"No MPA"
"5114","Scomberomorus","MT",2028,0.0373724300309302,0.101699914780621,0.021134997454295,2.92205249082548,0.0514383081774364,-242904244.458367,61.4996196166517,-245355860.854045,4527.46147557317,4503.46954537137,1260.26219035725,607.292650864983,5156.43908486364,-463503.104115624,0.134766086982521,-1895454.42318486,0,0,0,0,0,-697180448108.037,154427.443257541,-697184593654.138,"No MPA"
"5115","Scomberomorus","MT",2029,0.0514383081774364,0.0264510954934939,0.0290895356979688,3.60259069363497,0.0179907658066326,-352652091.646875,89.366146401314,-355103708.042552,5156.43908486364,5128.91785977717,1342.8164081108,673.254148810428,5798.48011907754,-451271.480727519,0.131239486190591,-1883222.79979676,0,0,0,0,0,-1497365243730,332328.743744547,-1497369389276.1,"No MPA"
"5116","Scomberomorus","MT",2030,0.0179907658066326,0.0491396356886017,0.0101742212508813,3.03480341426748,0.0248543325631037,-512444770.530718,129.970940867517,-514896386.926395,5798.48011907754,5767.63011073138,1403.80368074962,737.092473235312,6434.34131824568,-439450.858639187,0.127830585963472,-1871402.17770843,0,0,0,0,0,-3222338593961.25,716429.809769083,-3222342739507.36,"No MPA"
"5117","Scomberomorus","MT",2031,0.0248543325631037,0.0127813992352325,0.0140557255535429,3.6189092972085,0.00869340154417319,-745281425.413862,189.180276226854,-747733041.80954,6434.34131824568,6400.49523321476,1441.02188732281,796.493841864397,7045.02327867317,-428025.083890845,0.124534681284095,-1859976.40296008,0,0,0,0,0,-6946673946620.12,1546883.0747077,-6946678092166.22,"No MPA"
"5118","Scomberomorus","MT",2032,0.00869340154417319,0.0237678605754889,0.00491633634313237,3.16621124540773,0.0120215736408559,-1084800533.167,275.578879834518,-1087252149.56268,7045.02327867317,7008.60310533471,1455.04854351672,849.418126796382,7614.23352205505,-416978.68880816,0.121347273943338,-1848930.0078774,0,0,0,0,0,-14998946452274.4,3344625.60819002,-14998950597820.5,"No MPA"
"5119","Scomberomorus","MT",2033,0.0120215736408559,0.00618219376292625,0.00679849827571903,3.66329087826032,0.00420489675803146,-1580228773.05161,401.736273669784,-1582680389.44729,7614.23352205505,7575.69829546385,1448.96159590117,894.363757543299,8130.29613382173,-406296.821308401,0.118264063380354,-1838248.14037764,0,0,0,0,0,-32430285921660.4,7240728.70221272,-32430290067206.5,"No MPA"
"5120","Scomberomorus","MT",2034,0.00420489675803146,0.0114990985483537,0.00237797529387642,3.30889616793999,0.00581614599002126,-2303642497.05612,586.065605398057,-2306094113.4518,8130.29613382173,8090.09440169492,1427.46314366443,930.527370874518,8587.03017448483,-395965.191534967,0.115280938071628,-1827916.51060421,0,0,0,0,0,-70207828798215.1,15693116.3112407,-70207832943761.2,"No MPA"
"5121","Scomberomorus","MT",2035,0.00581614599002126,0.00299101011604449,0.00328917677397122,3.73216364899194,0.00203437478492803,-3360626667.73574,855.553206237847,-3363078284.13142,8587.03017448483,8545.5672264139,1395.75786843146,957.82088549941,8983.50420934596,-385970.040686788,0.112393967321866,-1817921.35975603,0,0,0,0,0,-152164190733091,34047334.7648371,-152164194878638,"No MPA"
"5122","Scomberomorus","MT",2036,0.00203437478492803,0.00556374682148416,0.00115049050814602,3.46125739517059,0.00281409615628426,-4905926732.7125,1249.76818114671,-4908378349.10818,8983.50420934596,8941.12679550032,1358.5815033101,976.75921493439,9322.94908387602,-376298.129636668,0.109599393334818,-1808249.44870591,0,0,0,0,0,-330131061183761,73937566.0504636,-330131065329307,"No MPA"
"5123","Scomberomorus","MT",2037,0.00281409615628426,0.00144717765876271,0.0015914425567553,3.82417838501246,0.000984317087226412,-7166440479.63273,1826.75431405364,-7168892096.02841,9322.94908387602,9279.94419282532,1319.62194150615,988.270698908836,9611.29543542264,-366936.739480726,0.106893623495125,-1798888.05854997,0,0,0,0,0,-716916237649028,160702111.680025,-716916241794574,"No MPA"
"5124","Scomberomorus","MT",2038,0.000984317087226412,0.00269202219808973,0.000556656309514931,3.62327720962812,0.00136160215076294,-10475003492.8616,2671.69076356822,-10477455109.2573,9611.29543542264,9567.89723543721,1281.35881088342,993.492772149964,9855.76327417066,-357873.674864246,0.104273222847598,-1789824.99393348,0,0,0,0,0,-1558205922132525,349561078.624206,-1558205926278071,"No MPA"
"5125","Scomberomorus","MT",2039,0.00136160215076294,0.000700217936538923,0.000770020558672903,3.9386983851884,0.00047626254694152,-15320051451.4262,3909.62664326924,-15322503067.8219,9855.76327417066,9812.16302638521,1245.19869502354,993.600193988413,10063.7615274203,-349097.263293989,0.10173490679759,-1781048.58236323,0,0,0,0,0,-3389427414269483,760928558.401755,-3389427418415029,"No MPA"
"5126","Scomberomorus","MT",2040,0.00047626254694152,0.0013025425138466,0.000269338575788686,3.79539401410813,0.000658815038306482,-22418642961.203,5724.21134379544,-22421094577.5987,10063.7615274203,10020.1172602287,1211.74533170391,989.687494777091,10242.1750971555,-340596.347438761,0.0992755340696077,-1772547.666508,0,0,0,0,0,-7378144404114641,1657529696.52459,-7378144408260188,"No MPA"
"5127","Scomberomorus","MT",2041,0.000658815038306482,0.000338802439521523,0.00037257664142817,4.07540309701168,0.000230440990768749,-32823863263.8748,8385.25133919013,-32826314880.2705,10242.1750971555,10198.6196365066,1181.0818189035,982.705425234916,10396.9960301752,-332360.270584232,0.0968920999566179,-1764311.58965347,0,0,0,0,0,-16071802431431146,3612893780.81138,-16071802435576690,"No MPA"
"5128","Scomberomorus","MT",2042,0.000230440990768749,0.000630239606856298,0.000130320240091915,3.97820023729602,0.000318769888493653,-48082840912.2344,12289.2638558136,-48085292528.6301,10396.9960301752,10353.6431017427,1153.00086875578,973.439281749081,10533.2046887494,-324378.857088291,0.0945817298793758,-1756330.17615753,0,0,0,0,0,-35031477971523304,7879659414.91442,-35031477975668852,"No MPA"
"5129","Scomberomorus","MT",2043,0.000318769888493653,0.000163930710470445,0.000180272475902609,4.23417815527209,0.000111499656054137,-70469291259.871,18019.1726971419,-70471742876.2667,10533.2046887494,10490.1533244467,1127.16561782952,962.514047450368,10654.8048948258,-316642.390053857,0.0923416732611674,-1748593.7091231,0,0,0,0,0,-76403053054797776,17194984599.4042,-76403053058943312,"No MPA"
"5130","Scomberomorus","MT",2044,0.000111499656054137,0.000304943661708169,6.30558913820683e-05,4.17236268708987,0.000154237937527963,-103325825204.585,26432.2035136192,-103328276820.981,10654.8048948258,10612.1425275053,1103.20865531302,950.413509548587,10764.9376732697,-309141.588069878,0.0901692977125802,-1741092.90713912,0,0,0,0,0,-166726663101463296,37542522200.8315,-166726663105608832,"No MPA"
"5131","Scomberomorus","MT",2045,0.000154237937527963,7.9318454093822e-05,8.72254761070662e-05,4.41508054558883,5.39495030139057e-05,-151567959635.342,38789.3302898472,-151570411251.738,10764.9376732697,10722.7422857188,1080.7855294755,937.504440816698,10866.0233743776,-301867.582273397,0.0880620835141755,-1733818.90134264,0,0,0,0,0,-364021230421696384,82008507266.571,-364021230425841920,"No MPA"
"5132","Scomberomorus","MT",2046,5.39495030139057e-05,0.000147548080384201,3.05098162455339e-05,4.37860305798229,7.46285772311131e-05,-222426391527.619,56945.9592292716,-222428843144.014,10866.0233743776,10824.3649947495,1059.59864332315,924.060592672484,10959.9030454001,-294811.894440294,0.0860176183815953,-1726763.21350953,0,0,0,0,0,-795174004573476096,179223833143.172,-795174004577621632,"No MPA"
"5133","Scomberomorus","MT",2047,7.46285772311131e-05,3.83785174860309e-05,4.22043586140406e-05,4.61832442433957,2.61036598474321e-05,-326540420492.04,83632.88109179,-326542872108.436,10959.9030454001,10918.8448026991,1039.40379164774,910.28392322858,11047.9646711183,-287966.416419382,0.0840335924966096,-1719917.73548862,0,0,0,0,0,-1737796941629707776,391852427486.403,-1737796941633852928,"No MPA"
"5134","Scomberomorus","MT",2048,2.61036598474321e-05,7.13916673923404e-05,1.47622836642354e-05,4.59769482836353,3.61093045062429e-05,-479568990114.511,122870.311343392,-479571441730.906,11047.9646711183,11007.5635593785,1020.00759992425,896.322158216713,11131.249001086,-281323.390982325,0.082107793787928,-1713274.71005156,0,0,0,0,0,-3799494398225857536,857094282056.666,-3.79949439823e+18,"No MPA"
"5135","Scomberomorus","MT",2049,3.61093045062429e-05,1.85695832097412e-05,2.04207302157969e-05,4.84427338630647,1.26303493568452e-05,-704564883533.626,180578.185192599,-704567335150.022,11131.249001086,11091.5564525799,1001.26093024543,882.282696738889,11210.5346860865,-274875.394032784,0.0802381034465638,-1706826.71310202,0,0,0,0,0,-8310590148222854144,1875443567475.84,-8.310590148227e+18,"No MPA"
"5136","Scomberomorus","MT",2050,1.26303493568452e-05,3.45431142628355e-05,7.14278385761503e-06,4.83046474401833,1.74716164657063e-05,-1035474286895.76,265475.906689837,-1035476738512.16,11210.5346860865,11171.5970199246,983.051109482705,868.243294950378,11286.4048344569,-268615.318061553,0.0784224916617455,-1700566.63713079,0,0,0,0,0,-18184747187920429056,4105248559370.56,-18184747187924574208,"No MPA"
"5137","Scomberomorus","MT",2051,1.74716164657063e-05,8.98495942317772e-06,9.88064355610362e-06,5.09343539278793,6.1112398265427e-06,-1522296144877.65,390409.083226524,-1522298596494.04,11286.4048344569,11248.2636238248,965.294441414748,854.260098070449,11359.2979671691,-262536.35671907,0.0766590135645782,-1694487.67578831,0,0,0,0,0,-39805467085423247360,8989307658476.5,-39805467085427392512,"No MPA"
"5138","Scomberomorus","MT",2052,6.1112398265427e-06,1.67138097229985e-05,3.45606158406869e-06,5.07779570879997,8.4537042879235e-06,-2238689942644.63,574306.227301049,-2238692394261.03,11359.2979671691,11321.9903530239,947.929646659041,840.373583045703,11429.5464166372,-256631.990382009,0.0749458053677723,-1688583.30945125,0,0,0,0,0,-87162466521903529984,19690473125178.8,-87162466521907675136,"No MPA"
"5139","Scomberomorus","MT",2053,8.4537042879235e-06,4.3474048410336e-06,4.78078482492746e-06,5.36645929719748,2.95694530775577e-06,-3293195856078.79,845065.049576903,-3293198307695.18,11429.5464166372,11393.1053855456,930.91242589463,826.612903015765,11497.4049084245,-250895.972604638,0.0732810806907404,-1682847.29167388,0,0,0,0,0,-1.90923513776445e+20,43144102150850.8,-1.90923513776449e+20,"No MPA"
"5140","Scomberomorus","MT",2054,2.95694530775577e-06,8.08703678045624e-06,1.67222779287633e-06,5.34063023300866,4.09035513988909e-06,-4845785379103.97,1243810.68482054,-4845787830720.37,11497.4049084245,11461.8595456296,914.211115834942,812.999034941717,11563.0716265228,-245322.31736178,0.0716631270602124,-1677273.63643102,0,0,0,0,0,-4.18335482799401e+20,94561593277567.2,-4.18335482799405e+20,"No MPA"
"5141","Scomberomorus","MT",2055,4.09035513988909e-06,2.10350742480708e-06,2.31319988529092e-06,5.66413262889441,1.43072859258737e-06,-7132278910238.27,1831178.97931167,-7132281361854.67,11563.0716265228,11528.4473510901,897.803308025141,799.547044981413,11626.7036141339,-239905.287005472,0.0700903025772529,-1671856.60607471,0,0,0,0,0,-9.1689171418466e+20,207314303985292,-9.16891714184664e+20,"No MPA"
"5142","Scomberomorus","MT",2056,1.43072859258737e-06,3.91294175165912e-06,8.09113415321227e-07,5.61997422020904,1.97913300514085e-06,-10500375478685.5,2696589.32931354,-10500377930301.9,11626.7036141339,11593.0224003412,881.673269348962,786.267711298512,11688.4279583916,-234639.380870581,0.0685610327421959,-1666590.69993982,0,0,0,0,0,-2.0101688324785e+21,454630264720017,-2.01016883247851e+21,"No MPA"
"5143","Scomberomorus","MT",2057,1.97913300514085e-06,1.01778961205595e-06,1.11925006137015e-06,5.98738049561935,6.92263161058634e-07,-15462825201418.9,3971931.53808259,-15462827653035.3,11688.4279583916,11655.7085458469,865.810006059935,773.168683252724,11748.3498686541,-229519.324475437,0.0670738074295663,-1661470.64354468,0,0,0,0,0,-4.40820324923872e+21,997231061206598,-4.40820324923872e+21,"No MPA"
"5144","Scomberomorus","MT",2058,6.92263161058634e-07,1.89329090096874e-06,3.91492428039768e-07,5.91690104443432,9.57610603033256e-07,-22775912675219.8,5851770.77018589,-22775915126836.2,11748.3498686541,11716.6079626023,850.205831149582,760.25530855122,11806.5584852007,-224540.059272138,0.0656271780055401,-1656491.37834138,0,0,0,0,0,-9.66938971157137e+21,2187941680830312,-9.66938971157138e+21,"No MPA"
"5145","Scomberomorus","MT",2059,9.57610603033256e-07,4.9246115426829e-07,5.41553156624259e-07,6.33726552583204,3.34954013397452e-07,-33555316545435.2,8623178.91293605,-33555318997051.6,11806.5584852007,11775.8069478701,834.855317768759,747.531223972778,11863.1310416661,-219696.732907959,0.0642197545809331,-1651648.0519772,0,0,0,0,0,-2.12148032699072e+22,4801452011097349,-2.12148032699072e+22,"No MPA"
"5146","Scomberomorus","MT",2060,3.34954013397452e-07,9.16075593047844e-07,1.89425015466386e-07,6.23255591691456,4.63343324913117e-07,-49447168970752.5,12709784.7260104,-49447171422368.9,11863.1310416661,11833.380075154,819.754544144303,734.998778484897,11918.1358408134,-214984.689964569,0.0628502033930967,-1646936.00903381,0,0,0,0,0,-4.65560214505693e+22,10539039980505790,-4.65560214505693e+22,"No MPA"
"5147","Scomberomorus","MT",2061,4.63343324913117e-07,2.38279095789536e-07,2.62032437218165e-07,6.71498879577562,1.62068700752671e-07,-72880648688170.2,18736828.5843724,-72880651139786.6,11918.1358408134,11889.3931618242,804.900555712822,722.659337907543,11971.6343796295,-210399.463145872,0.0615172443104591,-1642350.78221511,0,0,0,0,0,-1.02189039954332e+23,23137482020633976,-1.02189039954332e+23,"No MPA"
"5148","Scomberomorus","MT",2062,1.62068700752671e-07,4.43246461359893e-07,9.16539731401387e-08,6.56816055515601,2.24190329620255e-07,-107441018949245,27627249.7906288,-107441021400862,11971.6343796295,11943.9053862847,790.290987252999,710.51350600603,12023.6828675316,-205936.764888534,0.060219648453777,-1637888.08395777,0,0,0,0,0,-2.24346532418765e+23,50805759909008256,-2.24346532418765e+23,"No MPA"
"5149","Scomberomorus","MT",2063,2.24190329620255e-07,1.15292195126994e-07,1.26785334575464e-07,7.12189169907306,7.84175221466324e-08,-158420612907043,40743627.2791706,-158420615358659,12023.6828675316,11996.9707984338,775.923801618632,698.561286636355,12074.333313416,-201592.4793718,0.0589562359284704,-1633543.79844104,0,0,0,0,0,-4.92624739905644e+23,111580191235669280,-4.92624739905644e+23,"No MPA"
"5150","Scomberomorus","MT",2064,7.84175221466324e-08,2.14466390109234e-07,4.43471036369914e-08,6.92501817187155,1.08475295084231e-07,-233632752247810,60097880.4204457,-233632754699426,12074.333313416,12048.6393991408,761.797112579192,686.802204249127,12123.6343074709,-197362.654905293,0.0577258736626976,-1629313.97397453,0,0,0,0,0,-1.08190809043184e+24,245094888988081376,-1.08190809043184e+24,"No MPA"
"5151","Scomberomorus","MT",2065,1.08475295084231e-07,5.57845421276347e-08,6.13455388725587e-08,7.55945872630482,3.79425993486815e-08,-344614216861016,88661113.6302208,-344614219312632,12123.6343074709,12098.9579146694,747.909067709745,675.235394874364,12171.6315875048,-193243.496675185,0.0565274733460937,-1625194.81574442,0,0,0,0,0,-2.37649837648719e+24,538456154870825984,-2.37649837648719e+24,"No MPA"
"5152","Scomberomorus","MT_20",2015,8070.636167,8070.636167,3538.25642177606,4799.25800585543,6809.63458292063,-2385395.34240078,0.594656716837156,-5414952.37372028,586.0737711,586.0737711,230.826460050537,130.264749885181,686.635481265355,-766585.002014349,0.222266814023579,-2506871.68281235,14427.75572,14427.75572,9103.91432867944,168134.027200796,0,-56478943.1213523,11.6535121930104,-61687800.1521593,"No MPA"
"5153","Scomberomorus","MT_20",2016,6809.63458292063,6809.06861185562,3120.1415254587,6940.92298145282,2988.28715586149,-4091159.74137998,1.02133952594498,-7120716.77269948,686.635481265355,686.629331013999,268.826599238248,174.920113111033,780.535817141214,-878486.550881746,0.254771911186339,-2618773.23167975,0,0,0,0,0,-137863427.275804,28.7188878897731,-143072284.306611,"No MPA"
"5154","Scomberomorus","MT_20",2017,2988.28715586149,2957.00264084297,1546.53976127312,5169.67185204662,0,-7027127.66891718,1.75665365712971,-10056684.7002367,780.535817141214,780.192806364166,303.88421477832,227.919448416786,856.1575727257,-1006956.38117018,0.292097829179873,-2747243.06196818,0,0,0,0,0,-339750304.15366,71.413128401304,-344959161.184467,"No MPA"
"5155","Scomberomorus","MT_20",2018,0,0,0,0,0,-12086904.0678419,3.02551856373036,-15116461.0991614,856.1575727257,854.854495786454,331.817695798644,286.568630297048,900.10356128805,-1154479.79110158,0.334968649211351,-2894766.47189958,0,0,0,0,0,-844831881.653309,179.040093460956,-850040738.684116,"No MPA"
"5156","Scomberomorus","MT_20",2019,0,0,0,0,0,-20817508.6118204,5.21791110958094,-23847065.6431399,900.10356128805,897.409279946851,347.924631797587,345.327878131203,900.006033613235,-1323919.34967621,0.384218428439017,-3064206.03047421,0,0,0,0,0,-2118080840.82256,452.203762279642,-2123289697.85337,"No MPA"
"5157","Scomberomorus","MT_20",2020,0,0,0,0,0,-35902575.7638999,9.01073167579217,-38932132.7952194,900.006033613235,895.525961194521,347.87983701333,395.714298662477,847.691499545375,-1518572.64760324,0.440808065598947,-3258859.32840124,0,0,0,0,0,-5349662785.11949,1149.69516177014,-5354871642.1503,"No MPA"
"5158","Scomberomorus","MT_20",2021,0,0,0,0,0,-61999614.3829063,15.580185467152,-65029171.4142258,847.691499545375,841.244441813344,328.676362620708,427.015647729396,742.905156704656,-1742238.87520087,0.505844775706156,-3482525.55599887,0,0,0,0,0,-13601128372.1921,2940.11293499722,-13606337229.2229,"No MPA"
"5159","Scomberomorus","MT_20",2022,0,0,0,0,0,-107201670.822438,26.9722071709685,-110231227.853757,742.905156704656,734.634706616231,289.84132786749,428.547608898581,595.92842558514,-1999295.53276497,0.580604581312088,-3739582.21356297,0,0,0,0,0,-34782135984.6992,7557.35027011587,-34787344841.73,"No MPA"
"5160","Scomberomorus","MT_20",2023,0,0,0,0,0,-185586088.213962,46.7491110297943,-188615645.245281,595.92842558514,586.427755227204,234.52056807746,393.364763877533,427.583559427131,-2294786.89449815,0.666558291553948,-4035073.57529616,0,0,0,0,0,-89404995859.2565,19512.7725273509,-89410204716.2873,"No MPA"
"5161","Scomberomorus","MT_20",2024,0,0,0,0,0,-321663873.79814,81.1193894499683,-324693430.829459,427.583559427131,417.88984402695,169.934776611979,322.606170143893,265.218450495037,-2634526.18392809,0.76540151355359,-4374812.86472609,0,0,0,0,0,-230840080803.039,50578.0738112148,-230845289660.07,"No MPA"
"5162","Scomberomorus","MT_20",2025,0,0,0,0,0,-558153438.126064,140.91321835592,-561182995.157384,265.218450495037,256.63178721668,106.404878120141,228.342197042243,134.694468294578,-3025213.86157106,0.879089324728459,-4765500.54236906,0,0,0,0,0,-598348934221.293,131546.650932409,-598354143078.324,"No MPA"
"5163","Scomberomorus","MT_20",2026,0,0,0,0,0,-969573339.198699,245.039339373112,-972602896.230018,134.694468294578,128.366526380735,54.4496056179826,132.003873999222,50.8122579994951,-3474574.84920813,1.00987633128705,-5214861.53000613,0,0,0,0,0,-1556223724129.54,343147.458438092,-1556228932986.57,"No MPA"
"5164","Scomberomorus","MT_20",2027,0,0,0,0,0,-1686027849.50196,426.538529975789,-1689057406.53328,50.8122579994951,47.236041531211,20.6414966560143,56.4654110257088,11.4121271615165,-3991517.78264257,1.16036295071881,-5731804.46344057,0,0,0,0,0,-4059504456487.45,897431.242394953,-4059509665344.48,"No MPA"
"5165","Scomberomorus","MT_20",2028,0,0,0,0,0,-2934858713.97072,743.191335342889,-2937888271.00204,11.4121271615165,10.1203888637222,4.64688852804892,14.2816791195159,0.485598272255166,-4586319.31409657,1.33354888927703,-6326605.99489457,0,0,0,0,0,-10616794728644.8,2352343.92176597,-10616799937501.8,"No MPA"
"5166","Scomberomorus","MT_20",2029,0,0,0,0,0,-5113633150.09882,1296.1185587761,-5116662707.13014,0.485598272255166,0.348701999521287,0.197866717986813,0.663498403423093,0,-5270836.30280654,1.53289494403867,-7011122.98360454,0,0,0,0,0,-27828708617181.7,6178179.41938644,-27828713826038.7,"No MPA"
"5167","Scomberomorus","MT_20",2030,0,0,0,0,0,-8918127154.37249,2262.41719420942,-8921156711.40381,0,0,0,0,0,-6058749.329501,1.76239444380648,-7799036.010299,0,0,0,0,0,-73089123259536.2,16254711.9117623,-73089128468393.2,"No MPA"
"5168","Scomberomorus","MT_20",2031,0,0,0,0,0,-15566881654.137,3952.45639552872,-15569911211.1684,0,0,0,0,0,-6965843.41689852,2.02665584678316,-8706130.09769652,0,0,0,0,0,-192296558876082,42832320.8977594,-192296564084939,"No MPA"
"5169","Scomberomorus","MT_20",2032,0,0,0,0,0,-27195435532.3192,6910.52330554707,-27198465089.3505,0,0,0,0,0,-8010333.51997079,2.33099824364326,-9750620.20076879,0,0,0,0,0,-506715096645614,113022558.966375,-506715101854471,"No MPA"
"5170","Scomberomorus","MT_20",2033,0,0,0,0,0,-47548833495.848,12091.7113171536,-47551863052.8793,0,0,0,0,0,-9213243.28236895,2.68156177532061,-10953529.963167,0,0,0,0,0,-1337079936118454,298605976.368233,-1337079941327311,"No MPA"
"5171","Scomberomorus","MT_20",2034,0,0,0,0,0,-83198730787.5351,21172.9643513961,-83201760344.5664,0,0,0,0,0,-10598841.5392864,3.08543531751904,-12339128.2200844,0,0,0,0,0,-3532569634402007,789804308.421075,-3532569639610864,"No MPA"
"5172","Scomberomorus","MT_20",2035,0,0,0,0,0,-145683577356.572,37100.2873640423,-145686606913.603,0,0,0,0,0,-12195146.9889939,3.55080414748553,-13935433.6697919,0,0,0,0,0,-9343546137226550,2091142254.53636,-9343546142435406,"No MPA"
"5173","Scomberomorus","MT_20",2036,0,0,0,0,0,-255273777183.407,65051.8770953803,-255276806740.438,0,0,0,0,0,-14034511.8440319,4.08712073687704,-15774798.5248299,0,0,0,0,0,-24738639592666764,5541820722.03089,-24738639597875620,"No MPA"
"5174","Scomberomorus","MT_20",2037,0,0,0,0,0,-447598645694.132,114134.040019665,-447601675251.164,0,0,0,0,0,-16154296.8880186,4.70530231139498,-17894583.5688166,0,0,0,0,0,-65560870013547360,14699180760.9208,-65560870018756208,"No MPA"
"5175","Scomberomorus","MT_20",2038,0,0,0,0,0,-785315413197.042,200368.664602471,-785318442754.073,0,0,0,0,0,-18597652.3277936,5.41795939352094,-20337939.0085916,0,0,0,0,0,-173894307937700000,39019059815.9757,-173894307942908864,"No MPA"
"5176","Scomberomorus","MT_20",2039,0,0,0,0,0,-1378664950499.59,351957.920773609,-1378667980056.62,0,0,0,0,0,-21414421.1059062,6.23966021170677,-23154707.7867042,0,0,0,0,0,-461603439908562880,103652141836.87,-461603439913771776,"No MPA"
"5177","Scomberomorus","MT_20",2040,0,0,0,0,0,-2421696278627.1,618565.4923062,-2421699308184.13,0,0,0,0,0,-24662183.9748457,7.1872366322978,-26402470.6556437,0,0,0,0,0,-1226225989335593984,275534068857.92,-1226225989340802816,"No MPA"
"5178","Scomberomorus","MT_20",2041,0,0,0,0,0,-4256127401572.57,1087684.44932762,-4256130431129.6,0,0,0,0,0,-28407468.6893877,8.28013816616581,-30147755.3701857,0,0,0,0,0,-3259624260468310528,732905610146.801,-3259624260473519616,"No MPA"
"5179","Scomberomorus","MT_20",2042,0,0,0,0,0,-7483966769287.63,1913512.51247883,-7483969798844.67,0,0,0,0,0,-32727149.2136692,9.54084164005905,-34467435.8944672,0,0,0,0,0,-8670422925811530752,1950647078899.15,-8670422925816738816,"No MPA"
"5180","Scomberomorus","MT_20",2043,0,0,0,0,0,-13166193618802.2,3367908.58817941,-13166196648359.2,0,0,0,0,0,-37710064.9424052,10.9953253257247,-39450351.6232032,0,0,0,0,0,-23076552995230560256,5194588749443.06,-23076552995235770368,"No MPA"
"5181","Scomberomorus","MT_20",2044,0,0,0,0,0,-23173371625855.7,5930344.07248588,-23173374655412.8,0,0,0,0,0,-43458894.6906978,12.6736177142345,-45199181.3714958,0,0,0,0,0,-61453044921176653824,13840468221292.3,-61453044921181855744,"No MPA"
"5182","Scomberomorus","MT_20",2045,0,0,0,0,0,-40804571579893.8,10446736.5030484,-40804574609450.9,0,0,0,0,0,-50092325.7181369,14.6104327391621,-51832612.3989349,0,0,0,0,0,-1.63735563363776e+20,36894708480773.2,-1.63735563363782e+20,"No MPA"
"5183","Scomberomorus","MT_20",2046,0,0,0,0,0,-71880248802535.7,18409992.4517409,-71880251832092.7,0,0,0,0,0,-57747564.440975,16.8459051257101,-59487851.121773,0,0,0,0,0,-4.36471930114923e+20,98396275540384,-4.36471930114928e+20,"No MPA"
"5184","Scomberomorus","MT_20",2047,0,0,0,0,0,-126672558219286,32455654.2694216,-126672561248843,0,0,0,0,0,-66583242.8909485,19.4264417146278,-68323529.5717465,0,0,0,0,0,-1.16404801852851e+21,262532455926341,-1.16404801852852e+21,"No MPA"
"5185","Scomberomorus","MT_20",2048,0,0,0,0,0,-223315721924675,57237803.7765047,-223315724954232,0,0,0,0,0,-76782783.5631,22.4057071274073,-78523070.243898,0,0,0,0,0,-3.10581252635987e+21,700755286139819,-3.10581252635987e+21,"No MPA"
"5186","Scomberomorus","MT_20",2049,0,0,0,0,0,-393832808472323,100977332.415132,-393832811501880,0,0,0,0,0,-88558295.2459331,25.845765058046,-90298581.9267312,0,0,0,0,0,-8.29007803216749e+21,1871193817761127,-8.29007803216749e+21,"No MPA"
"5187","Scomberomorus","MT_20",2050,0,0,0,0,0,-694788824749056,178199345.122008,-694788827778613,0,0,0,0,0,-102155083.963749,29.8183998606954,-103895370.644547,0,0,0,0,0,-2.21366047026209e+22,4998397208744545,-2.21366047026209e+22,"No MPA"
"5188","Scomberomorus","MT_20",2051,0,0,0,0,0,-1226125810685583,314574086.911447,-1226125813715140,0,0,0,0,0,-117856876.536363,34.4066470261258,-119597163.217161,0,0,0,0,0,-5.91320589595847e+22,13356525717914806,-5.91320589595847e+22,"No MPA"
"5189","Scomberomorus","MT_20",2052,0,0,0,0,0,-2164471519639380,555479659.714715,-2164471522668937,0,0,0,0,0,-135991869.769425,39.7065656893666,-137732156.450223,0,0,0,0,0,-1.58010424794816e+23,35702501615804172,-1.58010424794816e+23,"No MPA"
"5190","Scomberomorus","MT_20",2053,0,0,0,0,0,-3822056403297865,981151036.032541,-3822056406327422,0,0,0,0,0,-156939736.270125,45.8292915862103,-158680022.950923,0,0,0,0,0,-4.22367879618888e+23,95463711332656464,-4.22367879618888e+23,"No MPA"
"5191","Scomberomorus","MT_20",2054,0,0,0,0,0,-6750948543816073,1733486753.19395,-6750948546845630,0,0,0,0,0,-181139738.733754,52.9034149935743,-182880025.414552,0,0,0,0,0,-1.12935518552782e+24,255331887741124896,-1.12935518552782e+24,"No MPA"
"5192","Scomberomorus","MT_20",2055,0,0,0,0,0,-11927500907017330,3063493311.63714,-11927500910046888,0,0,0,0,0,-209100128.725159,61.0777352827258,-210840415.405957,0,0,0,0,0,-3.02062833537044e+24,683111856531401984,-3.02062833537044e+24,"No MPA"
"5193","Scomberomorus","MT_20",2056,0,0,0,0,0,-21078799238511000,5415271048.52153,-21078799241540556,0,0,0,0,0,-241409034.018132,70.5244519413744,-243149320.69893,0,0,0,0,0,-8.08135265955625e+24,1828066291752712704,-8.08135265955625e+24,"No MPA"
"5194","Scomberomorus","MT_20",2057,0,0,0,0,0,-37260538751725136,9574711815.33549,-37260538754754696,0,0,0,0,0,-278747071.072894,81.442861462,-280487357.753692,0,0,0,0,0,-2.16263972692762e+25,4893268924483132416,-2.16263972692762e+25,"No MPA"
"5195","Scomberomorus","MT_20",2058,0,0,0,0,0,-65880159540547904,16932814194.7759,-65880159543577456,0,0,0,0,0,-321901956.94395,94.0636405599605,-323642243.624748,0,0,0,0,0,-5.78883699041431e+25,1.3101084940377e+19,-5.78883699041431e+25,"No MPA"
"5196","Scomberomorus","MT_20",2059,0,0,0,0,0,-116508624190189792,29952040937.0875,-116508624193219344,0,0,0,0,0,-371785438.649542,108.65380902013,-373525725.33034,0,0,0,0,0,-1.5498850827093e+26,35084136836310319104,-1.5498850827093e+26,"No MPA"
"5197","Scomberomorus","MT_20",2060,0,0,0,0,0,-206089256111068160,52992414970.2462,-206089256114097760,0,0,0,0,0,-429452908.764917,125.522480358462,-431193195.445715,0,0,0,0,0,-4.15052498093068e+26,93973262549604909066,-4.15052498093068e+26,"No MPA"
"5198","Scomberomorus","MT_20",2061,0,0,0,0,0,-364621810035795008,93775072358.7019,-364621810038824576,0,0,0,0,0,-496126134.844859,145.027525753841,-497866421.525657,0,0,0,0,0,-1.11172287228119e+27,2.51757658162896e+20,-1.11172287228119e+27,"No MPA"
"5199","Scomberomorus","MT_20",2062,0,0,0,0,0,-645232655255769344,165975548298.66,-645232655258798848,0,0,0,0,0,-573219598.536366,167.583296737596,-574959885.217165,0,0,0,0,0,-2.97834447009755e+27,6.74591900234617e+20,-2.97834447009755e+27,"No MPA"
"5200","Scomberomorus","MT_20",2063,0,0,0,0,0,-1142018246881565696,293819505123.502,-1142018246884595328,0,0,0,0,0,-662371019.418575,193.669575366036,-664111306.099373,0,0,0,0,0,-7.98055983797073e+27,1.80790259322371e+21,-7.98055983797073e+27,"No MPA"
"5201","Scomberomorus","MT_20",2064,0,0,0,0,0,-2021666682714973184,520228239565.131,-2.021666682718e+18,0,0,0,0,0,-765476730.454993,223.841947559554,-767217017.135791,0,0,0,0,0,-2.13878566010448e+28,4.84596279998901e+21,-2.13878566010448e+28,"No MPA"
"5202","Scomberomorus","MT_20",2065,0,0,0,0,0,-3579504018612424192,921257777156.841,-3579504018615453696,0,0,0,0,0,-884732678.494915,258.743826566848,-886472965.175713,0,0,0,0,0,-5.73287287980216e+28,1.29912867484565e+22,-5.73287287980216e+28,"No MPA"
"5203","Scomberomorus","MT_40",2015,9546.282977,9546.282977,4194.76035481239,6502.65347855985,7238.38985325253,-2733195.67893587,0.68117124688497,-6345149.0436677,691.0359214,691.0359214,272.226595683647,179.012711515013,784.249805568634,-893357.705948857,0.259049791727677,-2949420.51511832,16627.34028,16627.34028,10588.6592308506,224286.80582652,0,-65512472.6594091,13.4890368543369,-71779374.0364673,"No MPA"
"5204","Scomberomorus","MT_40",2016,7238.38985325253,7237.60601018679,3400.50186835084,9809.35258994716,828.755288590475,-5444166.14973927,1.3587729502644,-9056119.51447111,784.249805568634,784.241247872702,307.514157379026,268.074256990683,823.681148261046,-1178654.0337047,0.341858857810061,-3234716.84287416,0,0,0,0,0,-187072626.570088,38.9070297943391,-193339527.947147,"No MPA"
"5205","Scomberomorus","MT_40",2017,828.755288590475,785.526871369286,455.861179432267,2091.76048645037,19.0377866894259,-10860772.533729,2.71434906009675,-14472725.8984608,823.681148261046,823.201948619107,322.337804034753,371.511272078993,774.028480574867,-1555426.3446842,0.451243642722579,-3611489.15385366,0,0,0,0,0,-539581908.943158,113.281179347472,-545848810.320216,"No MPA"
"5206","Scomberomorus","MT_40",2018,19.0377866894259,0,10.7433094509652,119.608860215853,0,-21696223.5174389,5.42998942117411,-25308176.8821707,774.028480574867,772.177965945828,303.655916101371,460.551552131514,615.282329915686,-2053119.98878708,0.595765260858514,-4109182.79795654,0,0,0,0,0,-1571039355.16904,332.661479354387,-1577306256.5461,"No MPA"
"5207","Scomberomorus","MT_40",2019,0,0,0,0,0,-43402781.4130124,10.8775362459381,-47014734.7777442,615.282329915686,611.681938044163,243.285087016205,482.625534375579,372.341490684789,-2710693.33250984,0.786752604568808,-4766756.14167929,0,0,0,0,0,-4613513727.74315,984.425708354776,-4619780629.12021,"No MPA"
"5208","Scomberomorus","MT_40",2020,0,0,0,0,0,-86945901.9852911,21.8194041307686,-90557855.3500229,372.341490684789,367.391022316514,148.990164402573,384.407967235841,131.973219483247,-3579698.24957393,1.03920021359491,-5635761.05874339,0,0,0,0,0,-13652502021.7317,2933.08744111344,-13658768923.1088,"No MPA"
"5209","Scomberomorus","MT_40",2021,0,0,0,0,0,-174406017.138273,43.8245866931588,-178017970.503004,131.973219483247,127.568516344507,53.4281399226588,178.570799750766,2.50010787350051,-4728358.8818836,1.37295838781016,-6784421.69105305,0,0,0,0,0,-40677505554.6251,8791.70359442998,-40683772456.0022,"No MPA"
"5210","Scomberomorus","MT_40",2022,0,0,0,0,0,-350296991.250398,88.1326060392737,-353908944.61513,2.50010787350051,0.944764992567728,1.01847473500552,4.06083638821011,0.116822788451895,-6246980.73625815,1.81431093510509,-8303043.54542761,0,0,0,0,0,-121927688477.396,26491.0085606936,-121933955378.773,"No MPA"
"5211","Scomberomorus","MT_40",2023,0,0,0,0,0,-704458137.683558,177.451662540276,-708070091.048289,0.116822788451895,0.382629868597279,0.0476024973934508,0.311185576089935,0.24278939233458,-8255141.78326259,2.39806706549254,-10311204.592432,0,0,0,0,0,-367390393061.779,80187.171652094,-367396659963.156,"No MPA"
"5212","Scomberomorus","MT_40",2024,0,0,0,0,0,-1418399765.30671,357.70810708755,-1422011718.67144,0.24278939233458,0.103019305630058,0.0989312490651253,0.721295780087148,0.0199507185013058,-10911240.8416464,3.17033533097246,-12967303.6508158,0,0,0,0,0,-1112075308279.76,243685.485897699,-1112081575181.14,"No MPA"
"5213","Scomberomorus","MT_40",2025,0,0,0,0,0,-2859218605.66467,721.876971966023,-2862830559.0294,0.0199507185013058,0.131439400708862,0.00812958774409908,0.091711144699889,0.0989179499243735,-14425073.0296213,4.1922032299468,-16481135.8387908,0,0,0,0,0,-3379550697071.01,743093.895437134,-3379556963972.39,"No MPA"
"5214","Scomberomorus","MT_40",2026,0,0,0,0,0,-5770079090.60601,1458.3565875694,-5773691043.97074,0.0989179499243735,0.0340819076106242,0.0403073253642311,0.526993316631206,0.00688579174862366,-19074587.1672045,5.54461848277954,-21130649.9763739,0,0,0,0,0,-10305593224243.4,2272738.33461712,-10305599491144.8,"No MPA"
"5215","Scomberomorus","MT_40",2027,0,0,0,0,0,-11656879467.5138,2949.24569028593,-11660491420.8785,0.00688579174862366,0.0598129639746163,0.00280585457586485,0.0560910306817964,0.045065465478107,-25228096.784065,7.33486561575451,-27284159.5932344,0,0,0,0,0,-31519457938663.6,6969122.29556067,-31519464205564.9,"No MPA"
"5216","Scomberomorus","MT_40",2028,0,0,0,0,0,-23573796576.7658,5970.15530577548,-23577408530.1306,0.045065465478107,0.015546428248775,0.018363459707573,0.417595729908742,0.00316282733689591,-33373747.9033442,9.70516066913248,-35429810.7125137,0,0,0,0,0,-96651230684386.2,21418366.5411071,-96651236951287.6,"No MPA"
"5217","Scomberomorus","MT_40",2029,0,0,0,0,0,-47720414468.5572,12096.7532292722,-47724026421.9219,0.00316282733689591,0.028534768053619,0.00128880499195312,0.0457216342483531,0.0215006329286811,-44158625.7836422,12.8440585787363,-46214688.5928117,0,0,0,0,0,-297040487690385,65955822.1132515,-297040493957286,"No MPA"
"5218","Scomberomorus","MT_40",2030,0,0,0,0,0,-96691300017.9892,24532.5097497697,-96694911971.3539,0.0215006329286811,0.0074207383172667,0.00876118125336891,0.34690947077969,0.00151215954439682,-58440658.0564332,17.0015961153932,-60496720.8656026,0,0,0,0,0,-914707922704542,203458769.690723,-914707928971443,"No MPA"
"5219","Scomberomorus","MT_40",2031,0,0,0,0,0,-196092308030.982,49795.145394534,-196095919984.347,0.00151215954439682,0.0137569897938014,0.000616182769240697,0.0388140291151778,0.0103659134108976,-77357515.8844264,22.5093967917524,-79413578.6935959,0,0,0,0,0,-2821666725043087,628594022.439807,-2821666731309989,"No MPA"
"5220","Scomberomorus","MT_40",2032,0,0,0,0,0,-398020630125.06,101154.754532327,-398024242078.425,0.0103659134108976,0.00357813632495069,0.00422395578839096,0.291498538442141,0.00072943856368104,-102418091.080753,29.8073677604422,-104474153.889923,0,0,0,0,0,-8717652423513433,1944743046.24328,-8717652429780334,"No MPA"
"5221","Scomberomorus","MT_40",2033,0,0,0,0,0,-808546271330.341,205647.21124977,-808549883283.705,0.00072943856368104,0.00665017883998726,0.000297235552605963,0.0332551350044597,0.00501094187264406,-135623967.856248,39.4791554276241,-137680030.665417,0,0,0,0,0,-26970657252498868,6024086513.92732,-26970657258765768,"No MPA"
"5222","Scomberomorus","MT_40",2034,0,0,0,0,0,-1643771334666.69,418388.868732405,-1643774946620.05,0.00501094187264406,0.00172974659899806,0.00204188523323794,0.245820822128762,0.000352664082906436,-179630745.966817,52.2992403317202,-181686808.775986,0,0,0,0,0,-83545007624729568,18681223954.7755,-83545007630996464,"No MPA"
"5223","Scomberomorus","MT_40",2035,0,0,0,0,0,-3344249722553.52,851809.249493186,-3344253334506.89,0.000352664082906436,0.00321693941454274,0.000143705474942749,0.0285638103515621,0.00242398209554322,-237962323.501614,69.2955012985862,-240018386.310783,0,0,0,0,0,-259080442177035072,57990980022.861,-259080442183301952,"No MPA"
"5224","Scomberomorus","MT_40",2036,0,0,0,0,0,-6808648745643.56,1735378.88148912,-6808652357596.92,0.00242398209554322,0.00083675072878865,0.000987737304336531,0.20763430614288,0.000170603121112774,-315295564.366834,91.832341972286,-317351627.176004,0,0,0,0,0,-804247558028000640,180185035342.184,-804247558034267520,"No MPA"
"5225","Scomberomorus","MT_40",2037,0,0,0,0,0,-13871163352237.9,3537703.48500336,-13871166964191.3,0.000170603121112774,0.00155643099474812,6.95182896535046e-05,0.0245540217214455,0.00117277992160956,-417838525.566432,121.721153278244,-419894588.375601,0,0,0,0,0,-2498895080062680576,560334649065.094,-2498895080068947456,"No MPA"
"5226","Scomberomorus","MT_40",2038,0,0,0,0,0,-28277434660351.9,7216220.65172983,-28277438272305.2,0.00117277992160956,0.00040484067150569,0.000477890736235448,0.175569423337559,8.254259971347e-05,-553833062.757818,161.367121419519,-555889125.566988,0,0,0,0,0,-7770997713979415552,1743886912552.39,-7770997713985683456,"No MPA"
"5227","Scomberomorus","MT_40",2039,0,0,0,0,0,-57680415794875.1,14728081.2111987,-57680419406828.4,8.254259971347e-05,0.000753072634405962,3.36349093007838e-05,0.0211147303300335,0.000567444707835594,-734222809.098963,213.964366616452,-736278871.908132,0,0,0,0,0,-24185085169182466048,5431331703956.52,-24185085169188732928,"No MPA"
"5228","Scomberomorus","MT_40",2040,0,0,0,0,0,-117723929065138,30075849.8822437,-117723932677092,0.000567444707835594,0.000195880589736188,0.000231225464089074,0.148594455434478,3.99379913861401e-05,-973541059.172011,283.755358059206,-975597121.98118,0,0,0,0,0,-75324391104014893056,16927369356745.3,-75324391104021168138,"No MPA"
"5229","Scomberomorus","MT_40",2041,0,0,0,0,0,-240401119965228,61448747.2721739,-240401123577182,3.99379913861401e-05,0.000364375384582514,1.62741510385656e-05,0.0181615571474463,0.000274559024174253,-1291091111.11781,376.375821815385,-1293147173.92698,0,0,0,0,0,-2.3475712022169e+20,52789566448641.4,-2.34757120221697e+20,"No MPA"
"5230","Scomberomorus","MT_40",2042,0,0,0,0,0,-491169749899976,125608832.807245,-491169753511930,0.000274559024174253,9.47771482534565e-05,0.000111878810953581,0.125874241613066,1.93240726844459e-05,-1712515602.54688,499.313375497318,-1714571665.35605,0,0,0,0,0,-7.32111785124857e+20,164726899000933,-7.32111785124864e+20,"No MPA"
"5231","Scomberomorus","MT_40",2043,0,0,0,0,0,-1004011663930215,256878990.685616,-1004011667542168,1.93240726844459e-05,0.00017630414790071,7.87427881446087e-06,0.0156246399868292,0.000132846226981415,-2271883305.31105,662.517465476141,-2273939368.12022,0,0,0,0,0,-2.28451400908898e+21,514307346462161,-2.28451400908899e+21,"No MPA"
"5232","Scomberomorus","MT_40",2044,0,0,0,0,0,-2053275212442731,525566983.933844,-2053275216054685,0.000132846226981415,4.58582159108518e-05,5.41329068267583e-05,0.10671829310063,9.3500134159734e-06,-3014464348.74465,879.210620927418,-3016520411.55382,0,0,0,0,0,-7.13266834437001e+21,1606601160529162,-7.13266834437002e+21,"No MPA"
"5233","Scomberomorus","MT_40",2045,0,0,0,0,0,-4200941687404700,1075744252.69438,-4200941691016653,9.3500134159734e-06,8.53053707040231e-05,3.80999461012939e-06,0.0134446851789932,6.42781056986278e-05,-4000421437.83625,1166.96760201501,-4002477500.64542,0,0,0,0,0,-2.2281138542083e+22,5021195335862134,-2.2281138542083e+22,"No MPA"
"5234","Scomberomorus","MT_40",2046,0,0,0,0,0,-8598597351576946,2202735721.75539,-8598597355188901,6.42781056986278e-05,2.21886563461255e-05,2.61923940479221e-05,0.0905520658765152,4.5240364690713e-06,-5309719993.40794,1549.1510769124,-5311776056.21711,0,0,0,0,0,-6.96364173472625e+22,15700280532618262,-6.96364173472625e+22,"No MPA"
"5235","Scomberomorus","MT_40",2047,0,0,0,0,0,-17606821970807976,4512109249.01435,-17606821974419932,4.5240364690713e-06,4.12753066272521e-05,1.84347912895434e-06,0.0115710231495339,3.11011897740568e-05,-7048660504.11387,2056.82183954397,-7050716566.92304,0,0,0,0,0,-2.1773924623683e+23,49113106703912032,-2.1773924623683e+23,"No MPA"
"5236","Scomberomorus","MT_40",2048,0,0,0,0,0,-36066017123888968,9245972903.7503,-36066017127500920,3.11011897740568e-05,1.07360602189379e-05,1.26732829338523e-05,0.076896326606079,2.18897113958984e-06,-9358570045.52362,2731.28070968716,-9360626108.33279,0,0,0,0,0,-6.81124825243835e+23,153697326950765376,-6.81124825243835e+23,"No MPA"
"5237","Scomberomorus","MT_40",2049,0,0,0,0,0,-73904552986281472,18952820292.9778,-73904552989893424,2.18897113958984e-06,1.99712047838402e-05,8.91973935243761e-07,0.0099602664153508,1.50484219453873e-05,-12427367963.6154,3627.45138183698,-12429424026.4246,0,0,0,0,0,-2.13155045537866e+24,481176084774465920,-2.13155045537866e+24,"No MPA"
"5238","Scomberomorus","MT_40",2050,0,0,0,0,0,-151492950083566080,38862985542.5044,-151492950087178016,1.50484219453873e-05,5.19468115147469e-06,6.13201329722529e-06,0.0653507868146257,1.05914152048861e-06,-16504957887.453,4818.38293092453,-16507013950.2622,0,0,0,0,0,-6.67318764071211e+24,1506957751442676224,-6.67318764071211e+24,"No MPA"
"5239","Scomberomorus","MT_40",2051,0,0,0,0,0,-310638112844363072,79713680341.0758,-310638112847974976,1.05914152048861e-06,9.66313901874963e-06,4.31584781196777e-07,0.00857523510734965,7.28123289747499e-06,-21923714197.4557,6401.24320281926,-21925770260.2649,0,0,0,0,0,-2.08992345218405e+25,4721157709132406784,-2.08992345218405e+25,"No MPA"
"5240","Scomberomorus","MT_40",2052,0,0,0,0,0,-637164306431071488,163552671471.234,-637164306434683520,7.28123289747499e-06,2.51346509524062e-06,2.96699661505006e-06,0.0555807263531004,5.12469421417297e-07,-29125752041.4773,8505.29759598826,-29127808104.2865,0,0,0,0,0,-6.54753473236351e+25,14795781207220465664,-6.54753473236351e+25,"No MPA"
"5241","Scomberomorus","MT_40",2053,0,0,0,0,0,-1307302887497207296,335663859922.143,-1307302887500819200,5.12469421417297e-07,4.67554446698293e-06,2.08823843527677e-07,0.00738405566701275,3.52305064852556e-06,-38699230910.4372,11302.5320175078,-38701286973.2464,0,0,0,0,0,-2.05195202776926e+26,46383262503911309312,-2.05195202776926e+26,"No MPA"
"5242","Scomberomorus","MT_40",2054,0,0,0,0,0,-2683015381878704128,689077586892.917,-2683015381882315776,3.52305064852556e-06,1.21614909986988e-06,1.43559195248776e-06,0.0473059626540726,2.47960167354961e-07,-51426689246.5259,15021.7977247782,-51428745309.3351,0,0,0,0,0,-6.43265997357464e+26,1.45449139651845e+20,-6.43265997357464e+26,"No MPA"
"5243","Scomberomorus","MT_40",2055,0,0,0,0,0,-5507908314497676288,1414956328964.51,-5507908314501287936,2.47960167354961e-07,2.26227895928021e-06,1.01040165576466e-07,0.00635939484381194,1.7046406917808e-06,-68349403684.0376,19967.6475488891,-68351459746.8467,0,0,0,0,0,-2.01716051938001e+27,4.56226353758684e+20,-2.01716051938001e+27,"No MPA"
"5244","Scomberomorus","MT_40",2056,0,0,0,0,0,-11309974199125772288,2906192724463.19,-11309974199129384960,1.7046406917808e-06,5.88438103721557e-07,6.94616315086276e-07,0.0402917265950476,1.19976416294549e-07,-90853094146.5404,26545.42191339,-90855150209.3495,0,0,0,0,0,-6.32717244602169e+27,1.4314038596916e+21,-6.32717244602169e+27,"No MPA"
"5245","Scomberomorus","MT_40",2057,0,0,0,0,0,-23229667275611127808,5970457868399.48,-23229667275614740480,1.19976416294549e-07,1.0946117884134e-06,4.88886465009419e-08,0.00547780622814565,8.2479651263999e-07,-120782065606.478,35294.6614888577,-120784121669.287,0,0,0,0,0,-1.98514158280305e+28,4.49210827856555e+21,-1.98514158280305e+28,"No MPA"
"5246","Scomberomorus","MT_40",2058,0,0,0,0,0,-47722832900420370432,12268412884998.2,-4.7722832900424e+19,8.2479651263999e-07,2.84717886998443e-07,3.36092595411242e-07,0.0343411040508967,5.80510193363004e-08,-160591236161.715,46933.6144383495,-160593292224.524,0,0,0,0,0,-6.22987766719842e+28,1.41006267253716e+22,-6.22987766719842e+28,"No MPA"
"5247","Scomberomorus","MT_40",2059,0,0,0,0,0,-98063403338458808320,25215209169423.6,-98063403338462412800,5.80510193363004e-08,5.2963183982752e-07,2.36549469558764e-08,0.00471917207337189,3.99080750908107e-07,-213548645666.184,62418.5276033157,-213550701728.994,0,0,0,0,0,-1.95554457022004e+29,4.4271175681194e+22,-1.95554457022004e+29,"No MPA"
"5248","Scomberomorus","MT_40",2060,0,0,0,0,0,-2.01549234625809e+20,51835391691264.2,-2.01549234625812e+20,3.99080750908107e-07,1.37761770811447e-07,1.62619607745902e-07,0.0292887675439608,2.80881939154098e-08,-284005231510.016,83022.6394737261,-284007287572.825,0,0,0,0,0,-6.13974533946362e+29,1.39024937949085e+23,-6.13974533946362e+29,"No MPA"
"5249","Scomberomorus","MT_40",2061,0,0,0,0,0,-4.14328647908738e+20,106580121528781,-4.14328647908742e+20,2.80881939154098e-08,2.56264265315555e-07,1.1445530927065e-08,0.00406622621652444,1.93096652698134e-07,-377754247811.765,110441.430854318,-377756303874.574,0,0,0,0,0,-1.92806651666291e+30,4.36664860265245e+23,-1.92806651666291e+30,"No MPA"
"5250","Scomberomorus","MT_40",2062,0,0,0,0,0,-8.51912104956868e+20,219183908292227,-8.51912104956871e+20,1.93096652698134e-07,6.66565269132417e-08,7.86840804720706e-08,0.0249957725550871,1.35905733690852e-08,-502510157519.511,146932.873485574,-502512213582.32,0,0,0,0,0,-6.05588399103651e+30,1.37177473119115e+24,-6.05588399103651e+30,"No MPA"
"5251","Scomberomorus","MT_40",2063,0,0,0,0,0,-1.75197233787617e+21,450838048765593,-1.75197233787617e+21,1.35905733690852e-08,1.23994383908972e-07,5.53796119043947e-09,0.00350414613633323,9.34305079824828e-08,-668546765728.036,195504.329883573,-668548821790.845,0,0,0,0,0,-1.90244496176834e+31,4.31014394755658e+24,-1.90244496176834e+31,"No MPA"
"5252","Scomberomorus","MT_40",2064,0,0,0,0,0,-3.60362125328248e+21,927489263669152,-3.60362125328248e+21,9.34305079824828e-08,3.22519996221181e-08,3.80715745507415e-08,0.0213452333916784,6.57584766957158e-09,-889547616737.528,260161.642658786,-889549672800.337,0,0,0,0,0,-5.9775205440657e+31,1.35447447013278e+25,-5.9775205440657e+31,"No MPA"
"5253","Scomberomorus","MT_40",2065,0,0,0,0,0,-7.41357130770315e+21,1908406218714409,-7.41357130770316e+21,6.57584766957158e-09,5.9995127381689e-08,2.67956238485442e-09,0.00302020399644932,4.52066863920229e-08,-1183739354169.1,346241.133232333,-1183741410231.91,0,0,0,0,0,-1.87845210511381e+32,4.25711942845905e+25,-1.87845210511381e+32,"No MPA"
"5254","Scomberomorus","MT_60",2015,10194.67004,10194.67004,4519.14965766851,8493.26044184201,6220.55925582649,-3342303.54459589,0.833107928801785,-7321781.18023855,802.3328033,802.3328033,315.517477930052,245.451002713709,872.399278516343,-1055061.76174278,0.305921684498213,-3332640.91351577,18485.67396,18485.67396,11739.5758309284,279297.272711886,0,-73287278.1270411,15.1088498756518,-80154540.2846491,"No MPA"
"5255","Scomberomorus","MT_60",2016,6220.55925582649,6219.54872240252,3052.64094944138,11767.4815738243,0,-7608626.2174166,1.89920979851563,-11588103.8530593,872.399278516343,872.38763125107,341.986356376463,404.556899601404,809.817088026129,-1599141.09472494,0.463789503580405,-3876720.24649793,0,0,0,0,0,-238137541.30577,49.5751784141147,-245004803.463378,"No MPA"
"5256","Scomberomorus","MT_60",2017,0,0,0,0,0,-17346499.3154356,4.33573824722896,-21325976.9510782,809.817088026129,809.162753198643,318.350518316412,569.150504047419,558.362767467636,-2424365.76766418,0.703285592826186,-4701944.91943717,0,0,0,0,0,-781377218.947503,164.160920284887,-788244481.105111,"No MPA"
"5257","Scomberomorus","MT_60",2018,0,0,0,0,0,-39600617.3705754,9.91193698262331,-43580095.0062181,558.362767467636,555.871368537874,221.983975627816,594.184576667777,183.670767497912,-3676307.04762195,1.06669882215556,-5953886.19939495,0,0,0,0,0,-2587415869.30017,548.148644244259,-2594283131.45778,"No MPA"
"5258","Scomberomorus","MT_60",2019,0,0,0,0,0,-90531024.1228207,22.69045719063,-94510501.7584634,183.670767497912,179.888031151892,74.2354939205108,294.623531507509,0,-5576042.54596867,1.61826753828079,-7853621.69774166,0,0,0,0,0,-8639623233.05484,1844.11617872838,-8646490495.21244,"No MPA"
"5259","Scomberomorus","MT_60",2020,0,0,0,0,0,-207244086.689007,52.0116004517107,-211223564.324649,0,0,0,0,0,-8459342.94889785,2.45559313928865,-10736922.1006708,0,0,0,0,0,-29065964404.8931,6245.71089433551,-29072831667.0507,"No MPA"
"5260","Scomberomorus","MT_60",2021,0,0,0,0,0,-475049777.194421,119.374554267638,-479029254.830063,0,0,0,0,0,-12836384.6007019,3.7269985659863,-15113963.7524749,0,0,0,0,0,-98441525882.1648,21278.3433345479,-98448393144.3224,"No MPA"
"5261","Scomberomorus","MT_60",2022,0,0,0,0,0,-1090311678.8374,274.321374875351,-1094291156.47304,0,0,0,0,0,-19482538.1427493,5.65793341173085,-21760117.2945223,0,0,0,0,0,-335377769085.858,72868.4558036129,-335384636348.015,"No MPA"
"5262","Scomberomorus","MT_60",2023,0,0,0,0,0,-2505523900.09979,631.139317092835,-2509503377.73544,0,0,0,0,0,-29576320.3423747,8.59114938539194,-31853899.4941477,0,0,0,0,0,-1148513291655.96,250668.834170008,-1148520158918.11,"No MPA"
"5263","Scomberomorus","MT_60",2024,0,0,0,0,0,-5764533091.84275,1453.74962919272,-5768512569.47839,0,0,0,0,0,-44909433.858787,13.0478380673474,-47187013.01056,0,0,0,0,0,-3950906941462.62,865695.318502193,-3950913808724.78,"No MPA"
"5264","Scomberomorus","MT_60",2025,0,0,0,0,0,-13277873233.0233,3352.22954671631,-13281852710.6589,0,0,0,0,0,-68206359.172623,19.8206862692613,-70483938.324396,0,0,0,0,0,-13644622612886.6,2999924.12439846,-13644629480148.8,"No MPA"
"5265","Scomberomorus","MT_60",2026,0,0,0,0,0,-30617706154.8153,7738.17548477117,-30621685632.4509,0,0,0,0,0,-103610792.818794,30.1155382750313,-105888371.970567,0,0,0,0,0,-47283185746611.7,10426593.6423208,-47283192613873.8,"No MPA"
"5266","Scomberomorus","MT_60",2027,0,0,0,0,0,-70676897230.74,17880.7250845378,-70680876708.3756,0,0,0,0,0,-157426173.566947,45.7670940171006,-159703752.71872,0,0,0,0,0,-164338344388344,36332525.8035759,-164338351255606,"No MPA"
"5267","Scomberomorus","MT_60",2028,0,0,0,0,0,-163314229781.695,41357.5337835112,-163318209259.33,0,0,0,0,0,-239243224.563729,69.5673954196781,-241520803.715502,0,0,0,0,0,-572653672218631,126890245.552591,-572653679085893,"No MPA"
"5268","Scomberomorus","MT_60",2029,0,0,0,0,0,-377740485555.882,95747.7564607129,-377744465033.517,0,0,0,0,0,-363657085.120699,105.766166680714,-365934664.272472,0,0,0,0,0,-1999975599749331,444038288.308037,-1999975606616593,"No MPA"
"5269","Scomberomorus","MT_60",2030,0,0,0,0,0,-874515492284.399,221865.060883961,-874519471762.035,0,0,0,0,0,-552882792.973142,160.833050783174,-555160372.124915,0,0,0,0,0,-6998691964879743,1556577276.32841,-6998691971747005,"No MPA"
"5270","Scomberomorus","MT_60",2031,0,0,0,0,0,-2026412316191.01,514538.473928785,-2026416295668.64,0,0,0,0,0,-840739804.703601,244.619028629372,-843017383.855374,0,0,0,0,0,-24533931337463104,5465040028.06609,-24533931344330368,"No MPA"
"5271","Scomberomorus","MT_60",2032,0,0,0,0,0,-4699555200666.52,1194258.10620723,-4699559180144.16,0,0,0,0,0,-1278723206.17672,372.126373034793,-1281000785.32849,0,0,0,0,0,-86137012819126224,19213920863.5929,-86137012825993504,"No MPA"
"5272","Scomberomorus","MT_60",2033,0,0,0,0,0,-10907798305362.7,2774043.37388707,-10907802284840.4,0,0,0,0,0,-1945255982.31743,566.206435210661,-1947533561.4692,0,0,0,0,0,-302839455746611904,67635910701.6455,-302839455753479168,"No MPA"
"5273","Scomberomorus","MT_60",2034,0,0,0,0,0,-25336822463600.4,6448324.21565097,-25336826443078,0,0,0,0,0,-2959791444.87344,861.672321653795,-2962069024.02521,0,0,0,0,0,-1066040738443144960,238355579910.08,-1066040738450012288,"No MPA"
"5274","Scomberomorus","MT_60",2035,0,0,0,0,0,-58895995418684.1,14999732.1505123,-58895999398161.7,0,0,0,0,0,-4504311868.10205,1311.5695339584,-4506589447.25382,0,0,0,0,0,-3756832070174287360,840844197247.094,-3756832070181154304,"No MPA"
"5275","Scomberomorus","MT_60",2036,0,0,0,0,0,-137000579758981,34914692.7149307,-137000583738458,0,0,0,0,0,-6856107674.79601,1996.73839730665,-6858385253.94778,0,0,0,0,0,-13252932645543833600,2968997754241.29,-13252932645550698496,"No MPA"
"5276","Scomberomorus","MT_60",2037,0,0,0,0,0,-318894570653304,81321748.4789626,-318894574632782,0,0,0,0,0,-10437764141.2706,3040.39859129874,-10440041720.4224,0,0,0,0,0,-46795740983353393152,10492414513403.7,-46795740983360258058,"No MPA"
"5277","Scomberomorus","MT_60",2038,0,0,0,0,0,-742755042345966,189524458.036323,-742755046325444,0,0,0,0,0,-15893400674.9378,4630.39676624296,-15895678254.0896,0,0,0,0,0,-1.65375777451435e+20,37109374040758.3,-1.65375777451442e+20,"No MPA"
"5278","Scomberomorus","MT_60",2039,0,0,0,0,0,-1731028285634827,441947648.22772,-1731028289614305,0,0,0,0,0,-24204968157.9414,7053.14875330642,-24207245737.0931,0,0,0,0,0,-5.84897935064108e+20,131343732063319,-5.84897935064115e+20,"No MPA"
"5279","Scomberomorus","MT_60",2040,0,0,0,0,0,-4036544347776771,1031124148.12752,-4036544351756249,0,0,0,0,0,-36869678691.8169,10745.4313898368,-36871956270.9687,0,0,0,0,0,-2.07016905170839e+21,465190074583458,-2.0701690517084e+21,"No MPA"
"5280","Scomberomorus","MT_60",2041,0,0,0,0,0,-9417808576810566,2406987462.16534,-9417808580790044,0,0,0,0,0,-56170742544.246,16373.4222858548,-56173020123.3978,0,0,0,0,0,-7.33207500987055e+21,1648644942136354,-7.33207500987056e+21,"No MPA"
"5281","Scomberomorus","MT_60",2042,0,0,0,0,0,-21984304418261744,5621448194.47607,-21984304422241220,0,0,0,0,0,-85590541172.3948,24953.3400899615,-85592818751.5466,0,0,0,0,0,-2.59850522202377e+22,5846307943936801,-2.59850522202377e+22,"No MPA"
"5282","Scomberomorus","MT_60",2043,0,0,0,0,0,-51343694274033832,13134800273.9751,-51343694278013304,0,0,0,0,0,-130441262985.304,38035.6064850309,-130443540564.456,0,0,0,0,0,-9.21463520349817e+22,20743308644191376,-9.21463520349817e+22,"No MPA"
"5283","Scomberomorus","MT_60",2044,0,0,0,0,0,-119967159046340000,30703617090.1553,-119967159050319472,0,0,0,0,0,-198827593036.949,57986.0153736855,-198829870616.101,0,0,0,0,0,-3.2694484091969e+23,73637919078245744,-3.2694484091969e+23,"No MPA"
"5284","Scomberomorus","MT_60",2045,0,0,0,0,0,-280432563717837440,71802058971.6473,-280432563721816928,0,0,0,0,0,-303116498775.714,88415.0659274609,-303118776354.866,0,0,0,0,0,-1.16064115670553e+24,261540331785795072,-1.16064115670553e+24,"No MPA"
"5285","Scomberomorus","MT_60",2046,0,0,0,0,0,-655806624298171904,167979604874.411,-655806624302151296,0,0,0,0,0,-462181528602.119,134833.622636984,-462183806181.27,0,0,0,0,0,-4.12225762227832e+24,929345281042732672,-4.12225762227832e+24,"No MPA"
"5286","Scomberomorus","MT_60",2047,0,0,0,0,0,-1534247613527747584,393133481947.994,-1534247613531727360,0,0,0,0,0,-704830213760.743,205654.343601369,-704832491339.895,0,0,0,0,0,-1.46478389866249e+25,3303735442643879936,-1.46478389866249e+25,"No MPA"
"5287","Scomberomorus","MT_60",2048,0,0,0,0,0,-3590698447752119296,920405778644.102,-3590698447756099072,0,0,0,0,0,-1075038941523.03,313721.417135925,-1075041219102.18,0,0,0,0,0,-5.20716958544803e+25,11749311451208587264,-5.20716958544803e+25,"No MPA"
"5288","Scomberomorus","MT_60",2049,0,0,0,0,0,-8406558465342442496,2155593851911.54,-8406558465346420736,0,0,0,0,0,-1639949510935.9,478647.612221872,-1639951788515.05,0,0,0,0,0,-1.85186308954958e+26,41801176189866205184,-1.85186308954958e+26,"No MPA"
"5289","Scomberomorus","MT_60",2050,0,0,0,0,0,-19688192060595601408,5050050746132.87,-19688192060599582720,0,0,0,0,0,-2502085846545.18,730385.14081746,-2502088124124.33,0,0,0,0,0,-6.58847589556487e+26,1.48772985752208e+20,-6.58847589556487e+26,"No MPA"
"5290","Scomberomorus","MT_60",2051,0,0,0,0,0,-46124815636047732736,11834749872938,-46124815636051714058,0,0,0,0,0,-3818020348797.15,1114682.36554808,-3818022626376.3,0,0,0,0,0,-2.34487954618193e+27,5.29675960801079e+20,-2.34487954618193e+27,"No MPA"
"5291","Scomberomorus","MT_60",2052,0,0,0,0,0,-1.08093103105155e+20,27742825204855,-1.08093103105159e+20,0,0,0,0,0,-5826898325648.65,1701423.29630321,-5826900603227.8,0,0,0,0,0,-8.34846676166996e+27,1.88642123544984e+21,-8.34846676166996e+27,"No MPA"
"5292","Scomberomorus","MT_60",2053,0,0,0,0,0,-2.53390067174459e+20,65052598366331.5,-2.53390067174463e+20,0,0,0,0,0,-8894031934894.88,2597374.34262459,-8894034212474.03,0,0,0,0,0,-2.97327538875713e+28,6.72049725522885e+21,-2.97327538875713e+28,"No MPA"
"5293","Scomberomorus","MT_60",2054,0,0,0,0,0,-5.94160189101189e+20,152579231827319,-5.94160189101193e+20,0,0,0,0,0,-13577532645975.2,3965669.69245576,-13577534923554.4,0,0,0,0,0,-1.05924852380157e+29,2.39491981141769e+22,-1.05924852380157e+29,"No MPA"
"5294","Scomberomorus","MT_60",2055,0,0,0,0,0,-1.39358776608612e+21,357962719994971,-1.39358776608613e+21,0,0,0,0,0,-20730169243939.1,6055601.05664046,-20730171521518.2,0,0,0,0,0,-3.77474341335913e+29,8.53690214117108e+22,-3.77474341335913e+29,"No MPA"
"5295","Scomberomorus","MT_60",2056,0,0,0,0,0,-3.26946505973027e+21,840014674387354,-3.26946505973028e+21,0,0,0,0,0,-31655090946365.7,9248165.99060558,-31655093223944.8,0,0,0,0,0,-1.34554046336948e+30,3.0438460596903e+23,-1.34554046336948e+30,"No MPA"
"5296","Scomberomorus","MT_60",2057,0,0,0,0,0,-7.67230349464531e+21,1971687291503745,-7.67230349464532e+21,0,0,0,0,0,-48343927015911.9,14125718.4714858,-48343929293491.1,0,0,0,0,0,-4.79754595970948e+30,1.08555484902034e+24,-4.79754595970948e+30,"No MPA"
"5297","Scomberomorus","MT_60",2058,0,0,0,0,0,-1.80084750400161e+22,4628997654516146,-1.80084750400161e+22,0,0,0,0,0,-73840878670054.2,21578486.8675668,-73840880947633.4,0,0,0,0,0,-1.71099299301965e+31,3.8724119287881e+24,-1.71099299301965e+31,"No MPA"
"5298","Scomberomorus","MT_60",2059,0,0,0,0,0,-4.22791124540191e+22,10870000654128942,-4.22791124540191e+22,0,0,0,0,0,-112799531853035,32967490.76896,-112799534130614,0,0,0,0,0,-6.10348678578653e+31,1.38167633353425e+25,-6.10348678578653e+31,"No MPA"
"5299","Scomberomorus","MT_60",2060,0,0,0,0,0,-9.92815322735818e+22,25530659543895284,-9.92815322735818e+22,0,0,0,0,0,-172334489806015,50373743.8644998,-172334492083594,0,0,0,0,0,-2.17772370270522e+32,4.93083739805951e+25,-2.17772370270522e+32,"No MPA"
"5300","Scomberomorus","MT_60",2061,0,0,0,0,0,-2.3318517451149e+23,59976448788041008,-2.3318517451149e+23,0,0,0,0,0,-263324057913472,76979480.6339055,-263324060191051,0,0,0,0,0,-7.77171991393405e+32,1.7600277827599e+26,-7.77171991393405e+32,"No MPA"
"5301","Scomberomorus","MT_60",2062,0,0,0,0,0,-5.47796998866131e+23,140923141557111968,-5.47796998866131e+23,0,0,0,0,0,-402403070756805,117651407.816517,-402403073034384,0,0,0,0,0,-2.77406084689293e+33,6.28344767593886e+26,-2.77406084689293e+33,"No MPA"
"5302","Scomberomorus","MT_60",2063,0,0,0,0,0,-1.28712645672956e+24,331179574347160704,-1.28712645672956e+24,0,0,0,0,0,-615011784885638,179833125.508617,-615011787163217,0,0,0,0,0,-9.90363126767769e+33,2.24363153691862e+27,-9.90363126767769e+33,"No MPA"
"5303","Scomberomorus","MT_60",2064,0,0,0,0,0,-3.02484025945383e+24,778433320395705984,-3.02484025945383e+24,0,0,0,0,0,-940060927049022,274910730.078043,-940060929326601,0,0,0,0,0,-3.53629099630482e+34,8.01264283037999e+27,-3.53629099630482e+34,"No MPA"
"5304","Scomberomorus","MT_60",2065,0,0,0,0,0,-7.109848037805e+24,1830008457472945664,-7.109848037805e+24,0,0,0,0,0,-1437070256338871,420302682.119468,-1437070258616450,0,0,0,0,0,-1.26290953890736e+35,2.86198032426327e+28,-1.26290953890736e+35,"No MPA"
"5305","Sphoeroides","MT",2015,1.05404530468099,1.05404530468099,11.6823362986836,0.224842547159109,33.7343436715245,-107775.967106465,0.010093103287339,-204929.267565645,0.262859051410687,0.262859051410687,2.10505196648177,0.0189900758524758,7.64148878962929,-35392.8985214106,0.00341829281488595,-96145.3040646318,2.00713854454357,2.00713854454357,31.7436956882699,2.550221830245,71.6135898880249,-691120.150080551,0.0601182191119293,-846484.595074572,"No MPA"
"5306","Sphoeroides","MT",2016,1.59616492821734,1.5961638617305,17.1958722579506,0.0300573059489064,50.9001575570394,-9502.83978020308,0.000891014310173071,-106656.140239382,0.361562582160682,0.361562543697538,2.86539627956661,0.00148567173305255,10.5053993589997,-2012.58604059776,0.000194421975278244,-62764.991583819,3.38844892540457,3.38841935387528,51.7741265318983,0.567643432212403,122.820043416182,-90516.6773816618,0.00793042739929345,-245881.122375683,"No MPA"
"5307","Sphoeroides","MT",2017,2.40837785742555,2.4083733997788,24.8271450604082,0.00400833896916434,75.7232898208316,-838.886343193926,7.8751120065691e-05,-97992.1868023729,0.497070587085606,0.497070434239249,3.88248645693936,0.000116195085193621,14.3877694680075,-114.468756827813,1.10605301598352e-05,-60866.8743000491,5.81131939876811,5.81118620630481,83.3330358750002,0.129244053739195,206.023702044979,-11940.0050742966,0.00105321372324416,-167304.450068317,"No MPA"
"5308","Sphoeroides","MT",2018,3.58290235725777,3.58289156579094,34.52783141873,0.000527649837352415,110.250582798257,-74.1413296183417,6.96836018520071e-06,-97227.4417887973,0.68076774351164,0.680767397353904,5.21181241391559,9.05509220475815e-06,19.5995724806732,-6.5119747492855,6.29361780087178e-07,-60758.9175179705,9.74816082944217,9.74780277676516,124.900420536757,0.0289684386270822,330.894796090432,-1585.62592891464,0.000140756471782539,-156950.070922935,"No MPA"
"5309","Sphoeroides","MT",2019,5.21658625677208,5.21656539510755,45.3966587697485,6.80550273897253e-05,155.647152651314,-6.56014765984953,6.1729853790948e-07,-97159.8606068388,0.927367981613099,0.927367336141994,6.90683219000524,7.02042471667795e-07,26.5064033231648,-0.370536176770807,3.58193679319943e-08,-60752.776079398,15.656527175746,15.6557854801925,164.721254559043,0.00625390145558497,495.609055052466,-211.893212881466,1.89209629019735e-05,-155576.338206902,"No MPA"
"5310","Sphoeroides","MT",2020,7.3645578718826,7.36452322527565,55.0407440079963,8.52047695858903e-06,210.687853492226,-0.581100403882878,5.47443254384202e-08,-97153.8815595829,1.25416969037795,1.25416860521067,8.99505889893376,5.40477255715158e-08,35.5014610828836,-0.0210882012396613,2.03905005442426e-09,-60752.4266314225,23.4501017563723,23.4488855105771,175.826855436248,0.00126599869076812,671.433428244228,-28.48032804927,2.55698365449665e-06,-155392.92532207,"No MPA"
"5311","Sphoeroides","MT",2021,9.96884853667847,9.96879860286019,59.6544341748006,1.02393884555264e-06,270.34223670927,-0.0515302422068889,4.86015329862818e-09,-97153.3519894212,1.67977736969592,1.67977567182948,11.4445302656482,4.12168125998445e-09,46.9459896465436,-0.00120043393792205,1.16099283789675e-10,-60752.4067436552,31.7693594466111,31.7678666922114,135.687172256876,0.00023296919177919,807.118874777512,-3.84839443548348,3.47225014216304e-07,-155368.293388456,"No MPA"
"5312","Sphoeroides","MT",2022,12.7914389280207,12.7913773729729,55.893072523046,1.16765833741961e-07,326.235247560502,-0.00457443469316999,4.31931631121025e-10,-97153.3050336137,2.22128353596871,2.22128103516378,14.1192858631923,3.10398212231043e-10,61.0652730086206,-6.83479693473099e-05,6.61183687884824e-12,-60752.4056115692,38.1894147212822,38.1881701033524,68.0067470570349,3.82085037503896e-05,875.124339008114,-0.522545241659871,4.73573375809156e-08,-155364.967539262,"No MPA"
"5313","Sphoeroides","MT",2023,15.4360572588796,15.4359937912049,44.098539676999,1.25355061304081e-08,370.333723757291,-0.000406508006631448,3.84256140790623e-11,-97153.300865687,2.88934766472582,2.88934419021656,16.7375649480757,2.29984077322891e-11,77.8028344821641,-3.89224849843489e-06,3.7662130879243e-13,-60752.4055471135,41.4071425653147,41.4064844318935,22.0562760027094,5.67384333974008e-06,897.179951203559,-0.0712657285378092,6.48429421122015e-09,-155364.516259749,"No MPA"
"5314","Sphoeroides","MT",2024,17.522608631526,17.5225546814699,29.1462216378317,1.26718609634205e-09,399.479891443799,-3.61616785252777e-05,3.42179112400984e-12,-97153.3004953407,3.68129752057859,3.68129298288153,18.8660756072399,1.66944096426828e-12,96.6689055517053,-2.21698317977109e-07,2.14573961239191e-14,-60752.4055434429,42.450719846661,42.4504865427331,5.42858237562295,7.99328082639657e-07,902.608299475926,-0.00975775367802271,8.909595827292e-10,-155364.454751774,"No MPA"
"5315","Sphoeroides","MT",2025,18.9016806865847,18.9016425632431,16.5299559023145,1.21840105991779e-10,416.009809222651,-3.22005919791906e-06,3.04999345736273e-13,-97153.300462399,4.57395935113546,4.57395381828195,19.9968248146808,1.18201564322737e-13,116.665724833532,-1.26302209412045e-08,1.22275005216943e-15,-60752.4055432339,42.7075660807205,42.7075016376601,1.20659486943665,1.10842652981038e-07,903.814829791459,-0.00134073698121569,1.22803273177692e-10,-155364.446334758,"No MPA"
"5316","Sphoeroides","MT",2026,19.6838057304814,19.683782573002,8.40792086590925,1.13199548703342e-11,424.417706931069,-2.87011565311136e-07,2.72108995810698e-14,-97153.300459466,5.52012335314909,5.52011710657831,19.7278014249511,8.13070474918691e-15,136.393520011913,-7.19691914178942e-10,6.96924963856917e-17,-60752.405543222,42.7646539373345,42.7646383303173,0.261244058165937,1.5340883343836e-08,904.076058227267,-0.00018479711325388,1.69734968079142e-11,-155364.445178818,"No MPA"
"5317","Sphoeroides","MT",2027,20.0816315062811,20.0816188693719,4.00816547886673,1.03125031947429e-12,428.425859773026,-2.56058011296263e-08,2.42980498762537e-15,-97153.3004592046,6.45355828466566,6.45355180371909,17.9824932789712,5.41893430911208e-16,154.376006809937,-4.10176045514058e-11,3.973022958762e-18,-60752.4055432213,42.7770141501654,42.777010640068,0.0562311809088481,2.12625510164965e-09,904.132285895952,-2.55420933931623e-05,2.3518546258038e-12,-155364.445019563,"No MPA"
"5318","Sphoeroides","MT",2028,20.271280163909,20.2712737301034,1.84701713113683,9.30348940489093e-14,430.272870470357,-2.28646466487558e-09,2.17155358381389e-16,-97153.3004591813,7.30441268481712,7.30440653212395,15.1110172213143,3.49720374551042e-17,169.487017878558,-2.33820651841632e-12,2.26538414627331e-19,-60752.4055432213,42.7796746030743,42.7796738503475,0.0120880331843589,2.95285735495799e-10,904.144373176115,-3.53912272507084e-06,3.26595730202525e-13,-155364.44499756,"No MPA"
"5319","Sphoeroides","MT",2029,20.358672814136,20.358669679198,0.837282069668443,8.35738358198958e-15,431.110149405087,-2.0434429726761e-10,1.94234568944925e-17,-97153.3004591792,8.01940112901196,8.01939577891545,11.7537168240602,2.18969302295924e-18,181.240729352522,-1.33316762169623e-13,1.29195483195399e-20,-60752.4055432213,42.7802465214984,42.7802463654363,0.00259784933207319,4.10871547550354e-11,904.146970869343,-4.914684559153e-07,4.54431351681632e-14,-155364.444994512,"No MPA"
"5320","Sphoeroides","MT",2030,20.39828927396,20.3982877896531,0.376675225727389,7.49573001855253e-16,431.486823146508,-1.8277550734026e-11,1.73870440213349e-18,-97153.300459179,8.57553650884337,8.57553221767151,8.54604365617328,1.33564752282562e-19,189.786768717524,-7.60283449127684e-15,7.3694730331805e-22,-60752.4055432213,42.7803694332369,42.7803694016898,0.000558268349707246,5.72706769698949e-12,904.14752910614,-6.8383831659555e-08,6.3342220750165e-15,-155364.444994089,"No MPA"
"5321","Sphoeroides","MT",2031,20.4161118651238,20.41611117622,0.16887257545789,6.72082141855708e-17,431.655695033062,-1.63612695897045e-12,1.5575960798932e-19,-97153.300459179,8.97989855727695,8.97989534507708,5.88616219778233,7.97946517529146e-21,195.672927703106,-4.33664582696854e-16,4.20443941779983e-23,-60752.4055432213,42.7803958466156,42.7803958403628,0.000119966738056774,7.99549939659487e-13,904.147649066625,-9.53187702191543e-09,8.84313581621235e-16,-155364.44499403,"No MPA"
"5322","Sphoeroides","MT",2032,20.4241021608682,20.424101845821,0.0755916795325864,6.02751249734241e-18,431.731286397547,-1.46570305027706e-13,1.39637046964986e-20,-97153.300459179,9.25840643714505,9.25840416188308,3.89372522451305,4.69452706848589e-22,199.566650652357,-2.47410576049899e-17,2.3991713258177e-24,-60752.4055432213,42.7804015226329,42.7804015214128,2.57792653371155e-05,1.11783459423116e-13,904.14767484467,-1.33073457298017e-09,1.2363407629422e-16,-155364.444994022,"No MPA"
"5323","Sphoeroides","MT",2033,20.4276788210826,20.4276786786637,0.0338131066727521,5.40833808590308e-19,431.765099361801,-1.31398908251611e-14,1.25270933922405e-21,-97153.300459179,9.442640761438,9.4426392161563,2.50380764986504,2.73264199762581e-23,202.07045675694,-1.41177847234626e-18,1.36928820765534e-25,-60752.4055432213,42.7804027423398,42.7804027421047,5.5395229346102e-06,1.56483330882739e-14,904.147680383957,-1.86047283610383e-10,1.73072757069575e-17,-155364.444994021,"No MPA"
"5324","Sphoeroides","MT",2034,20.4292787060006,20.4292786422244,0.015120290463143,4.85555406261077e-20,431.780219588488,-1.17880344403717e-15,1.12458234622946e-22,-97153.300459179,9.56111016253579,9.5611091450262,1.579791063568,1.57946727202049e-24,203.650246802999,-8.05743907658387e-20,7.81641964882572e-27,-60752.4055432213,42.7804030044352,42.7804030043904,1.19032725498861e-06,2.19313180592996e-15,904.14768157424,-2.60443700351748e-11,2.42563449922276e-18,-155364.444994021,"No MPA"
"5325","Sphoeroides","MT",2035,20.4299941304885,20.4299941021546,0.00676043022462754,4.36188297144159e-21,431.786979990379,-1.05823551702613e-16,1.01020907899795e-23,-97153.300459179,9.63585907391282,9.63585841883319,0.984595255794414,9.08833070514508e-26,204.634841403714,-4.59947280033315e-21,4.4627156585068e-28,-60752.4055432213,42.7804030607543,42.7804030607458,2.55771866715284e-07,3.07695909914846e-16,904.147681830003,-3.65014826928528e-12,3.4031598618839e-19,-155364.444994021,"No MPA"
"5326","Sphoeroides","MT",2036,20.4303140038053,20.4303139913027,0.00302246516061974,3.92073963418819e-22,431.790002443037,-9.50609904792419e-18,9.08026369228781e-25,-97153.300459179,9.68244588127673,9.68244546640053,0.608875068428286,5.21491733971756e-27,205.243716057266,-2.62602086690127e-22,2.54840161073676e-29,-60752.4055432213,42.7804030728559,42.7804030728543,5.49581462907351e-08,4.3211472729555e-17,904.14768188496,-5.12114998526568e-13,4.77924940780642e-20,-155364.444994021,"No MPA"
"5327","Sphoeroides","MT",2037,20.430457013344,20.4304570078597,0.00135125114049032,3.52625671931615e-23,431.791353688693,-8.54455651567188e-19,8.16660112666277e-26,-97153.300459179,9.71125522694367,9.71125496737315,0.374697013711809,2.98732616276231e-28,205.618412811407,-1.49956765970086e-23,1.45550193020699e-30,-60752.4055432213,42.7804030754562,42.7804030754559,1.18087485594197e-08,6.07381786894462e-18,904.147681896768,-7.19191987085176e-14,6.71772763524869e-21,-155364.444994021,"No MPA"
"5328","Sphoeroides","MT",2038,20.4305209485119,20.4305209461187,0.00060409516649576,3.17323875437028e-24,431.791957781466,-7.68479717140121e-20,7.3490094872775e-27,-97153.300459179,9.72898427552101,9.72898411461491,0.229889694478544,1.70960157610459e-29,205.848302344979,-8.56466759181246e-25,8.31443829201407e-32,-60752.4055432213,42.780403076015,42.7804030760149,2.53732655230146e-09,8.54435095255485e-19,904.147681899305,-1.01089846426512e-14,9.45017182882123e-22,-155364.444994021,"No MPA"
"5329","Sphoeroides","MT",2039,20.4305495315995,20.4305495305599,0.000270067400162534,2.85709504512372e-25,431.792227847827,-6.91544087896441e-21,6.61683246708765e-28,-97153.300459179,9.7398616654719,9.73986156644747,0.140782885282026,9.77855073563912e-31,205.989085131237,-4.89249458036811e-26,4.75036748954923e-33,-60752.4055432213,42.780403076135,42.780403076135,5.45202549007102e-10,1.20288447719278e-19,904.147681899851,-1.42208269038332e-15,1.33040707981016e-22,-155364.444994021,"No MPA"
"5330","Sphoeroides","MT",2040,20.4305623099851,20.4305623095354,0.000120736287758019,2.5737706679297e-26,431.792348583665,-6.22646001401701e-22,5.96066928025566e-29,-97153.300459179,9.7465229050712,9.74652284448522,0.0861159364900802,5.59163509123493e-32,206.075201007141,-2.79527455265963e-27,2.71452981110198e-34,-60752.4055432213,42.7804030761608,42.7804030761608,1.17196279895793e-10,1.69461995610542e-20,904.147681899968,-2.00202590347761e-16,1.87427340691133e-23,-155364.444994021,"No MPA"
"5331","Sphoeroides","MT",2041,20.4305680226888,20.430568022495,5.39762763229852e-05,2.31968229619602e-27,431.792402559747,-5.60900840526577e-23,5.37221723318044e-30,-97153.300459179,9.75059754017361,9.75059750328496,0.0526396358843649,3.19712645759285e-33,206.127840606137,-1.59731941557025e-28,1.55143678264329e-35,-60752.4055432213,42.7804030761664,42.7804030761664,2.50629244701272e-11,2.3889273738998e-21,904.147681899993,-2.82044794242311e-17,2.64218713571187e-24,-155364.444994021,"No MPA"
"5332","Sphoeroides","MT",2042,20.4305705766063,20.430570576523,2.41305784656027e-05,2.09166078536583e-28,431.792426690242,-5.0552731911162e-24,4.84413522093868e-31,-97153.300459179,9.75308822096381,9.75308819859625,0.0321629605266479,1.82802113228805e-34,206.160003544296,-9.12916745009098e-30,8.8683854179003e-37,-60752.4055432213,42.7804030761675,42.7804030761675,5.3593674967569e-12,3.36974283849344e-22,904.147681899998,-3.97602145073166e-18,3.72698277720759e-25,-155364.444994021,"No MPA"
"5333","Sphoeroides","MT",2043,20.4305717183582,20.4305717183225,1.07877872521854e-05,1.88690061768836e-29,431.792437477994,-4.55834636851478e-25,4.36992522577234e-32,-97153.300459179,9.75461003370093,9.75461002018691,0.0196465055649676,1.04527219943142e-35,206.179650036347,-5.21845098046399e-31,5.07019879047351e-38,-60752.4055432213,42.7804030761678,42.7804030761678,1.26102764629575e-12,4.75594294369869e-23,904.1476819,-5.6084458471532e-19,5.26013950918331e-26,-155364.444994021,"No MPA"
"5334","Sphoeroides","MT",2044,20.4305722287885,20.4305722287732,4.82277377526764e-06,1.70291567465584e-30,431.792442300752,-4.1121132823012e-26,3.9438293190201e-33,-97153.300459179,9.75553962171603,9.75553961357698,0.0119989997944698,5.97750726013176e-37,206.191649028002,-2.98347231270716e-32,2.89917422160524e-39,-60752.4055432213,42.7804030761679,42.7804030761679,2.36442683680453e-13,6.7159447940538e-24,904.1476819,-7.91557389697119e-20,7.42792900816904e-27,-155364.444994021,"No MPA"
"5335","Sphoeroides","MT",2045,20.4305724569808,20.4305724569743,2.15606232090185e-06,1.53750063356466e-31,431.792444456808,-3.71115570356187e-27,3.56074002910438e-34,-97153.300459179,9.75610736270547,9.75610735781749,0.00732760882651791,3.4187123411063e-38,206.198976631941,-1.70596974172315e-33,1.65802657795234e-40,-60752.4055432213,42.7804030761679,42.7804030761679,0,9.48842581585569e-25,904.1476819,-1.11777113255208e-20,1.04943318506513e-27,-155364.444994021,"No MPA"
"5336","Sphoeroides","MT",2046,20.4305725589961,20.4305725589934,9.63885926072915e-07,1.38869728608286e-32,431.792445420692,-3.35066748556855e-28,3.21612224556168e-35,-97153.300459179,9.75645407359834,9.75645407067032,0.00447459311092516,1.95551865298143e-39,206.203451222124,-9.75637508159588e-35,9.48364868415603e-42,-60752.4055432213,42.7804030761679,42.7804030761679,0,1.34117351848439e-25,904.1476819,-1.57921019239404e-21,1.48335669640386e-28,-155364.444994021,"No MPA"
"5337","Sphoeroides","MT",2047,20.430572604603,20.4305726046018,4.30913282952317e-07,1.2547651370351e-33,431.792445851604,-3.02638107520403e-29,2.90594509084717e-36,-97153.300459179,9.75666579207692,9.75666579032706,0.00273230368352975,1.11871923418037e-40,206.206183524057,-5.58049151582449e-36,5.4253177029357e-43,-60752.4055432213,42.7804030761679,42.7804030761679,0,1.8965651820712e-26,904.1476819,-2.23218785841191e-22,2.09762765534686e-29,-155364.444994021,"No MPA"
"5338","Sphoeroides","MT",2048,20.4305726249919,20.4305726249914,1.92643366524488e-07,1.13415571676583e-34,431.792446044247,-2.73450340410827e-30,2.62662241468585e-37,-97153.300459179,9.75679507292383,9.75679507188031,0.00166837895161623,6.40090352863502e-42,206.207851901965,-3.19243575780113e-37,3.10412782958806e-44,-60752.4055432213,42.7804030761679,42.7804030761679,0,2.6830683975301e-27,904.1476819,-3.15655633947367e-23,2.96751122769217e-30,-155364.444994021,"No MPA"
"5339","Sphoeroides","MT",2049,20.4305726341069,20.4305726341067,8.61228017280527e-08,1.02549011406835e-35,431.792446130369,-2.47165989367325e-31,2.37496075594446e-38,-97153.300459179,9.75687401343413,9.75687401281305,0.00101871927119259,3.66288161538125e-43,206.208870620616,-1.8265711198813e-38,1.77630559736226e-45,-60752.4055432213,42.7804030761679,42.7804030761679,0,3.79722955394836e-28,904.1476819,-4.46557631634679e-24,4.19978907203385e-31,-155364.444994021,"No MPA"
"5340","Sphoeroides","MT",2050,20.4305726381819,20.4305726381818,3.85019107025332e-08,9.27539303338703e-37,431.792446168871,-2.23484548700054e-32,2.14811377931947e-39,-97153.300459179,9.75692221484563,9.75692221447665,0.000622029136524764,2.09635942360055e-44,206.209492649383,-1.04523675339104e-39,1.01661941959235e-46,-60752.4055432213,42.7804030761679,42.7804030761679,0,5.37605590445425e-29,904.1476819,-6.31993518296198e-25,5.94599312930479e-32,-155364.444994021,"No MPA"
"5341","Sphoeroides","MT",2051,20.4305726400036,20.4305726400036,1.72125830745847e-08,8.39206898100763e-38,431.792446186083,-2.02138177368174e-33,1.9435423327729e-40,-97153.300459179,9.75695164658774,9.7569516463689,0.000379808540183738,1.1999671955866e-45,206.209872457705,-5.98212369112589e-41,5.81916564647965e-48,-60752.4055432213,42.7804030761679,42.7804030761679,0,7.61401659137443e-30,904.1476819,-8.94766154466548e-26,8.42120899472322e-33,-155364.444994021,"No MPA"
"5342","Sphoeroides","MT",2052,20.430572640818,20.430572640818,7.69503087404061e-09,7.59514013665175e-39,431.792446193778,-1.82887940372067e-34,1.75897939015325e-41,-97153.300459179,9.75696961749382,9.75696961736423,0.000231908877260525,6.86962564157073e-47,206.210104366452,-3.42418883285602e-42,3.33137572888739e-49,-60752.4055432213,42.7804030761679,42.7804030761679,0,1.07872027281851e-30,904.1476819,-1.2672420946858e-26,1.19307973068256e-33,-155364.444994021,"No MPA"
"5343","Sphoeroides","MT",2053,20.4305726411821,20.4305726411821,3.44014146552187e-09,6.87585965238596e-40,431.792446197219,-1.65520509843007e-35,1.59239924482149e-42,-97153.300459179,9.75698059042435,9.75698059034772,0.000141601937073123,3.93329047533684e-48,206.210245968313,-1.96029126068759e-43,1.90741888591701e-50,-60752.4055432213,42.7804030761679,42.7804030761679,0,1.52876665671041e-31,904.1476819,-1.79537268103038e-27,1.690837334779e-34,-155364.444994021,"No MPA"
"5344","Sphoeroides","MT",2054,20.4305726413449,20.4305726413449,1.53794585664594e-09,6.22640565194172e-41,431.792446198757,-1.49845266153748e-36,1.44199040691366e-43,-97153.300459179,9.75698729041904,9.75698729037379,8.64610507003028e-05,2.25235756017958e-49,206.210332429318,-1.12238812890013e-44,1.09226268055159e-51,-60752.4055432213,42.7804030761679,42.7804030761679,0,2.16722356402567e-32,904.1476819,-2.54440929709847e-28,2.39697961672745e-35,-155364.444994021,"No MPA"
"5345","Sphoeroides","MT",2055,20.4305726414177,20.4305726414177,6.87535589163223e-10,5.63977815303913e-42,431.792446199444,-1.35691747542465e-37,1.30613173127237e-44,-97153.300459179,9.7569913813842,9.75699138135751,5.27924129095133e-05,1.28995954622557e-50,206.210385221704,-6.42723355125631e-46,6.25555243052468e-53,-60752.4055432213,42.7804030761679,42.7804030761679,0,3.07319132760219e-33,904.1476819,-3.60702777038809e-29,3.39899265255439e-36,-155364.444994021,"No MPA"
"5346","Sphoeroides","MT",2056,20.4305726414502,20.4305726414502,3.07373080540858e-10,5.10970817278146e-43,431.792446199751,-1.22907403743653e-38,1.18337136690467e-45,-97153.300459179,9.75699387929422,9.75699387927851,3.2234602819032e-05,7.38875626090627e-52,206.210417456291,-3.68097319197031e-47,3.58311549293153e-54,-60752.4055432213,42.7804030761679,42.7804030761679,0,4.35905605443037e-34,904.1476819,-5.11487907679728e-30,4.82117705071159e-37,-155364.444994021,"No MPA"
"5347","Sphoeroides","MT",2057,20.4305726414647,20.4305726414647,1.37387429601034e-10,4.63057748615692e-44,431.792446199889,-1.11355615125547e-39,1.07240817362858e-46,-97153.300459179,9.75699540449708,9.75699540448784,1.96821716708592e-05,4.23274523982848e-53,206.210437138454,-2.10842323175671e-48,2.05263404829087e-55,-60752.4055432213,42.7804030761679,42.7804030761679,0,6.18452317741542e-35,904.1476819,-7.25501351222039e-31,6.84016925688412e-38,-155364.444994021,"No MPA"
"5348","Sphoeroides","MT",2058,20.4305726414712,20.4305726414712,6.14704706241366e-11,4.19734771106165e-45,431.79244619995,-1.0091394399075e-40,9.7207529867685e-48,-97153.300459179,9.75699633577287,9.75699633576743,1.20177629375295e-05,2.42508800922281e-54,206.210449156211,-1.2078375151467e-49,1.17602583209464e-56,-60752.4055432213,42.7804030761679,42.7804030761679,0,8.77657694788311e-36,904.1476819,-1.02932374942016e-31,9.70701703226156e-39,-155364.444994021,"No MPA"
"5349","Sphoeroides","MT",2059,20.4305726414741,20.4305726414741,2.75145961655295e-11,3.8054975682551e-46,431.792446199978,-9.14725891295215e-42,8.81325646556792e-49,-97153.300459179,9.75699690440178,9.75699690439858,7.33794078734633e-06,1.38958945980765e-55,206.210456494149,-6.92012353550851e-51,6.73869566500587e-58,-60752.4055432213,42.7804030761679,42.7804030761679,0,1.245787143118e-36,904.1476819,-1.46073332283071e-32,1.37785802923264e-39,-155364.444994021,"No MPA"
"5350","Sphoeroides","MT",2060,20.4305726414754,20.4305726414754,1.22993955884456e-11,3.45096731538803e-47,431.79244619999,-8.29330185290503e-43,7.99219010373741e-50,-97153.300459179,9.75699725160161,9.75699725159974,4.48048205313389e-06,7.96339403386528e-57,206.210460974629,-3.96527059154755e-52,3.86177993553492e-59,-60752.4055432213,42.7804030761679,42.7804030761679,0,1.7687119065835e-37,904.1476819,-2.07343113825881e-33,1.95622014189837e-40,-155364.444994021,"No MPA"
"5351","Sphoeroides","MT",2061,20.430572641476,20.430572641476,5.48701484225928e-12,3.13010948420546e-48,431.792446199996,-7.52067584269756e-44,7.24910662924315e-51,-97153.300459179,9.75699746359878,9.75699746359768,2.7357427723746e-06,4.56416829100891e-58,206.210463710371,-2.27239857243118e-53,2.21335439018814e-60,-60752.4055432213,42.7804030761679,42.7804030761679,0,2.51165525944314e-38,904.1476819,-2.94376319580621e-34,2.77792589609374e-41,-155364.444994021,"No MPA"
"5352","Sphoeroides","MT",2062,20.4305726414763,20.4305726414763,2.46518058130492e-12,2.83964516220502e-49,431.792446199998,-6.82143197296986e-45,6.57641231845397e-52,-97153.300459179,9.75699759304238,9.75699759304174,1.67042032426369e-06,2.61622996549575e-59,206.21046538079,-1.30241066049029e-54,1.26871833680099e-61,-60752.4055432213,42.7804030761679,42.7804030761679,0,3.5673685616621e-39,904.1476819,-4.18028412981273e-35,3.94555959504928e-42,-155364.444994021,"No MPA"
"5353","Sphoeroides","MT",2063,20.4305726414764,20.4305726414764,1.08680004122046e-12,2.57662515696477e-50,431.792446199999,-6.18842452607412e-46,5.96727705554008e-53,-97153.300459179,9.7569976720795,9.75699767207912,1.01994384040415e-06,1.49982326758397e-60,206.210466400734,-7.46555677810241e-56,7.27326454947087e-63,-60752.4055432213,42.7804030761679,42.7804030761679,0,5.06776573758031e-40,904.1476819,-5.93736506132425e-36,5.60501988671892e-43,-155364.444994021,"No MPA"
"5354","Sphoeroides","MT",2064,20.4305726414765,20.4305726414765,4.7713172541386e-13,2.33839546520994e-51,431.7924462,-5.6152263416879e-47,5.41555436133506e-54,-97153.300459179,9.75699772033887,9.75699772033865,6.22768657015922e-07,8.599105094156e-62,206.210467023502,-4.27982853885337e-57,4.17006238541027e-64,-60752.4055432213,42.7804030761679,42.7804030761679,0,7.20048049534556e-41,904.1476819,-8.43455749222232e-37,7.96383228037955e-44,-155364.444994021,"No MPA"
"5355","Sphoeroides","MT",2065,20.4305726414765,20.4305726414765,2.12058544628383e-13,2.12256654131228e-52,431.7924462,-5.09605356372366e-48,4.91571022140842e-55,-97153.300459179,9.75699774980561,9.75699774980548,3.80257004989453e-07,4.93076756988173e-63,206.210467403759,-2.45380212481673e-58,2.3911335060018e-65,-60752.4055432213,42.7804030761679,42.7804030761679,0,1.02324310981186e-41,904.1476819,-1.19841503839156e-37,1.13172121136404e-44,-155364.444994021,"No MPA"
"5356","Sphoeroides","MT_20",2015,1.31256677931528,1.31256677931528,14.3029244146198,0.313053604517579,41.7304745801023,-120486.661507706,0.011285032118015,-237258.421451373,0.315758196903304,0.315758196903304,2.50344296625517,0.0271476511424735,9.1497257001127,-42122.7596802793,0.0040680204297169,-115166.29989732,2.34852098041875,2.34852098041875,36.451074345223,3.46060774287138,82.6255716423517,-800688.656207148,0.0697209714794105,-987366.956489657,"No MPA"
"5357","Sphoeroides","MT_20",2016,1.97450765935161,1.97450619395932,20.9032934305256,0.0482346602696538,62.5855318849659,-12326.2027190439,0.00115588209514299,-129097.962662711,0.432925905051965,0.432925850501638,3.3974126549195,0.00245660841693669,12.5446816920649,-2779.48864237174,0.000268490188893177,-75823.0288594121,3.90948882579731,3.90944945998143,58.7334620829482,0.881543247347798,140.477451112136,-121743.823950558,0.0106752205579763,-308422.124233067,"No MPA"
"5358","Sphoeroides","MT_20",2017,2.96127981564778,2.96127364808642,29.9799177819652,0.00741804454422701,92.5580254548255,-1262.49506186613,0.000118530047736176,-118034.255005534,0.593560709154279,0.593560491259841,4.59225783097793,0.000222344535286368,17.1367169606131,-183.44534465602,1.77242441006349e-05,-73226.9855616963,6.64679244552278,6.64661332184637,94.0574642203328,0.230890241852032,234.303845966941,-18640.0281465583,0.00164529353263861,-205318.328429067,"No MPA"
"5359","Sphoeroides","MT_20",2018,4.37945007896353,4.37943511889293,41.425727938461,0.00112625142806564,133.982612181788,-129.458249024483,1.21685143335898e-05,-116901.218192692,0.810836187111207,0.810835692206762,6.15179216859731,2.00551920258225e-05,23.288488579114,-12.1099195429096,1.17030851080384e-06,-73055.6501365832,11.0862563422141,11.085771460568,141.191904560689,0.0597034481803663,375.435562197803,-2872.70291849121,0.000255137841059492,-189551.003201,"No MPA"
"5360","Sphoeroides","MT_20",2019,6.33948443277513,6.33945556331596,54.1406325506017,0.000167556157268286,188.123048306773,-13.2897942726181,1.25063380303283e-06,-116785.04973794,1.101911721275,1.10191079785404,8.13900793335481,1.79997132868833e-06,31.4274937890765,-0.799590359474138,7.72904176326101e-08,-73044.3398073998,17.7640058161716,17.762992511828,188.428104508574,0.0149182783135156,563.847735123719,-445.439298682816,3.97898175230106e-05,-187123.739581191,"No MPA"
"5361","Sphoeroides","MT_20",2020,8.90117841984499,8.90113062080684,65.3281567853229,2.42057350027643e-05,253.451133087323,-1.36579015550126,1.28675243485964e-07,-116773.125733823,1.48701465356315,1.48701310118007,10.5886046296553,1.60454203767409e-07,42.0160967058945,-0.0528061420263278,5.10555415791915e-09,-73043.5930231823,26.6788643769867,26.6771726783766,207.18283500976,0.00351279277421231,771.025365642095,-69.4609356342706,6.23779165591541e-06,-186747.761218143,"No MPA"
"5362","Sphoeroides","MT_20",2021,11.9922241140982,11.9921554008795,70.6359710232597,3.35889758120327e-06,324.087032038466,-0.140512956183031,1.32531832089821e-08,-116771.900456624,1.98802207730951,1.98801964825519,13.4693319363153,1.41731174559061e-08,55.4854261989824,-0.00348811459118298,3.373271832189e-10,-73043.5437051549,36.4816241687458,36.4794706325893,169.323110889222,0.000756850442245462,940.345566144718,-10.8880485977584,9.82537257870978e-07,-186689.188331106,"No MPA"
"5363","Sphoeroides","MT_20",2022,15.3344128839983,15.3343282007652,66.2950470234691,4.42832916556205e-07,390.381993935869,-0.0144712648285568,1.36644862720413e-09,-116771.774414932,2.62533316753884,2.62532958719681,16.6335434556236,1.2368797264082e-09,72.1189660730271,-0.000230454553485778,2.22920634670342e-11,-73043.5404474949,44.4931322126728,44.4912165325423,92.8922950616239,0.000146079205155315,1033.23579944701,-1.71485618373037,1.55428066364866e-07,-186680.015138692,"No MPA"
"5364","Sphoeroides","MT_20",2023,18.4712070700213,18.4711194092078,52.6930949621707,5.50528362061106e-08,443.075001182174,-0.0014919238909544,1.41026676890133e-10,-116771.761435591,3.41236116599568,3.41235618254923,19.7681069223546,1.06264126576606e-10,91.887068011829,-1.5228848117246e-05,1.47346193405554e-12,-73043.5402322692,48.8883009467897,48.8871898024976,33.5812509147988,2.54975786664312e-05,1066.81591371993,-0.271260062542795,2.46822647892002e-08,-186678.571542571,"No MPA"
"5365","Sphoeroides","MT_20",2024,20.9644149103104,20.9643396782473,35.3012799173611,6.45506156707327e-09,478.376205861017,-0.000153967286641015,1.45690279697086e-11,-116771.760097635,4.347703241104,4.34769671062493,22.3825025072349,8.95095177278331e-12,114.269563988576,-1.00654987518526e-06,9.74129070108555e-14,-73043.5402180469,50.4771683991962,50.4767323407512,9.10950965377058,4.19575115873173e-06,1075.92498311951,-0.0430758010005355,3.93316475308031e-09,-186678.343358309,"No MPA"
"5366","Sphoeroides","MT_20",2025,22.6347170030633,22.6346630348752,20.3895138666882,7.20663938386272e-10,498.765665758796,-1.59052398655403e-05,1.50649418689114e-12,-116771.759959573,5.40674726555336,5.40673925976032,23.8862291058947,7.36056597823138e-13,138.155785088677,-6.6541069494839e-08,6.44142864064414e-15,-73043.5402171069,50.9081706219123,50.9080380966687,2.19371165525176,6.76425177478413e-07,1078.11856157309,-0.00686417436348521,6.28698403391296e-10,-186678.307146683,"No MPA"
"5367","Sphoeroides","MT_20",2026,23.5994590804851,23.5994256792753,10.5849078891135,7.77664945731298e-11,509.350540246622,-1.64462533443264e-06,1.55918673220369e-13,-116771.759945312,6.53694113441493,6.53693202570694,23.7848488564648,5.88576389384797e-14,161.940624836434,-4.3997785050849e-09,4.26025055743491e-16,-73043.5402170447,51.011961376788,51.0119262693808,0.510607392926006,1.08644550599819e-07,1078.62913374997,-0.0010972055593309,1.00772566775294e-10,-186678.301379714,"No MPA"
"5368","Sphoeroides","MT_20",2027,24.1002900909106,24.1002714918354,5.15088651583384,8.22668067787274e-12,514.501408163373,-1.70212867148984e-07,1.61513521097054e-14,-116771.759943838,7.66233807108886,7.66232852423374,21.933517344056,4.56382581726821e-15,183.874132633634,-2.90977360178305e-10,2.8182168529947e-17,-73043.5402170406,51.0361194695016,51.0361108518794,0.117866726809845,1.74656759113177e-08,1078.74699184169,-0.000175868411189842,1.61924819683892e-11,-186678.300458377,"No MPA"
"5369","Sphoeroides","MT_20",2028,24.3440071407709,24.3439974759369,2.42148372985791,8.61533672910255e-13,516.922882228396,-1.76319596215283e-08,1.67450383191001e-15,-116771.759943685,8.70013789430657,8.70012871928414,18.6782682033281,3.42861516111106e-16,202.55239166194,-1.92475660765677e-11,1.86465727406442e-18,-73043.5402170403,51.0416960105586,51.0416939946892,0.0271554558593095,2.8129414898699e-09,1078.77414527887,-2.82591382050069e-05,2.60760096784124e-12,-186678.300310767,"No MPA"
"5370","Sphoeroides","MT_20",2029,24.4585809417262,24.4585761361599,1.119119293411,8.98135846569258e-14,518.04199671624,-1.8280018884521e-09,1.73746663540334e-16,-116771.759943669,9.58391326196865,9.58390517421032,14.735120522644,2.49945112486817e-17,217.287504096826,-1.27344779360662e-12,1.23397953129328e-19,-73043.5402170403,51.0429807951248,51.0429803392394,0.00625359054435472,4.53894190387495e-10,1078.78039841307,-4.55078814809755e-06,4.2074997696348e-13,-186678.300287059,"No MPA"
"5371","Sphoeroides","MT_20",2030,24.5115326550765,24.5115303337532,0.513056569225488,9.34655302426565e-15,518.555050964142,-1.89673392420115e-10,1.80420794977027e-17,-116771.759943668,10.2811157897818,10.2811092107512,10.8643401580731,1.77473877211017e-18,228.151837675868,-8.42703633117146e-14,8.16770732428283e-21,-73043.5402170403,51.0432766667033,51.0432765661824,0.00143997465574914,7.33679050108659e-11,1078.78183828713,-7.34293331491261e-07,6.80100466346413e-14,-186678.300283243,"No MPA"
"5372","Sphoeroides","MT_20",2031,24.5358081887803,24.5358070897424,0.234330265880034,9.7225066654831e-16,518.789380130984,-1.96959201763651e-11,1.87492291859238e-18,-116771.759943667,10.795169609716,10.7951646171749,7.58102840875611,1.23366784091572e-19,235.732861092083,-5.57770908229692e-15,5.40722692222053e-22,-73043.5402170403,51.0433447953884,51.0433447736563,0.00033156248025923,1.18780013905861e-11,1078.78216982787,-1.18691209537315e-07,1.1010568564366e-14,-186678.300282627,"No MPA"
"5373","Sphoeroides","MT_20",2032,24.5468956431981,24.546895130511,0.106842754167684,1.0115448807008e-16,518.896222372465,-2.04678857812646e-12,1.9498180885181e-19,-116771.759943667,11.1538712288962,11.1538676475095,5.07409613015894,8.44014884147716e-21,240.806953640855,-3.69251662303947e-16,3.58038877546193e-23,-73043.5402170403,51.0433604824787,51.0433604778536,7.63426649364531e-05,1.92574755948686e-12,1078.78224616591,-1.92156565835044e-08,1.78511252180928e-15,-186678.300282528,"No MPA"
"5374","Sphoeroides","MT_20",2033,24.5519509613144,24.5519507249027,0.0486766421664222,1.05289855997905e-17,518.94489877822,-2.12854878758871e-13,2.02911204752515e-20,-116771.759943667,11.3939555965585,11.393953136138,3.2970394622469,5.70998261831374e-22,244.103990642682,-2.44496592323457e-17,2.37118748168571e-24,-73043.5402170403,51.0433640944683,51.0433640934964,1.75776771883626e-05,3.12618401498288e-13,1078.78226374261,-3.11538037114375e-09,2.89788233551975e-16,-186678.300282511,"No MPA"
"5375","Sphoeroides","MT_20",2034,24.5542541207431,24.5542540127496,0.0221687167777184,1.09654930233709e-18,518.967067387004,-2.21511112937008e-14,2.11303610860095e-21,-116771.759943667,11.5499572926517,11.5499556557107,2.09973852878765,3.83402971249314e-23,246.203727534528,-1.61921721461236e-18,1.57065454446581e-25,-73043.5402170403,51.0433649261229,51.0433649259208,4.04713623156925e-06,5.08085381909859e-14,1078.78226778954,-5.05738749550913e-10,4.70980473991833e-17,-186678.300282509,"No MPA"
"5376","Sphoeroides","MT_20",2035,24.5553030445399,24.5553029955961,0.0100946111417634,1.14267986909946e-19,518.977161949202,-2.30672805275803e-15,2.20183503742587e-22,-116771.759943667,11.6493078659987,11.6493068021546,1.31973707110969,2.56193478995852e-24,247.523463541794,-1.07255044087157e-19,1.04057525958244e-26,-73043.5402170403,51.0433651176065,51.0433651175648,9.31807808544518e-07,8.2664713366622e-15,1078.78226872131,-8.21955650370717e-11,7.66278013968965e-18,-186678.300282508,"No MPA"
"5377","Sphoeroides","MT_20",2036,24.5557806760689,24.5557806540365,0.00459627837200827,1.19145106876966e-20,518.981758205541,-2.40366672819613e-16,2.29576782468237e-23,-116771.759943667,11.7117521319911,11.711751452342,0.822520423210985,1.70670973474476e-25,248.345983285356,-7.10573789147612e-21,6.89514369582704e-28,-73043.5402170403,51.0433651616937,51.0433651616851,2.14534564040851e-07,1.34624764014063e-15,1078.78226893584,-1.33730924765947e-11,1.24793267295401e-18,-186678.300282508,"No MPA"
"5378","Sphoeroides","MT_20",2037,24.5559981512699,24.5559981414101,0.00209270647316857,1.24301762225693e-21,518.983850902155,-2.5062098717838e-17,2.39510850469623e-24,-116771.759943667,11.7506702499845,11.7506698212566,0.509912138039141,1.13487032218453e-26,248.855894994667,-4.70845213266608e-22,4.56971500977314e-29,-73043.5402170403,51.0433651718441,51.0433651718424,4.93924886152359e-08,2.19440115150188e-16,1078.78226898523,-2.17789349762708e-12,2.03414647671823e-19,-186678.300282508,"No MPA"
"5379","Sphoeroides","MT_20",2038,24.5560971687274,24.5560971643377,0.000952804001660319,1.29753592940591e-22,518.984803701767,-2.61465663015067e-18,2.50014702271399e-25,-116771.759943667,11.7747970921965,11.7747968243393,0.315065346347465,7.53802834570401e-28,249.170960073157,-3.12049454580378e-23,3.02907372302685e-30,-73043.5402170403,51.0433651741811,51.0433651741807,1.13715194471921e-08,3.57983122284344e-17,1078.7822689966,-3.54999470795072e-13,3.31840013111346e-20,-186678.300282508,"No MPA"
"5380","Sphoeroides","MT_20",2039,24.5561422511318,24.5561422491864,0.000433806169339976,1.35516800912142e-23,518.985237505991,-2.72932352306699e-19,2.61119015348918e-26,-116771.759943667,11.7897046248075,11.789704458707,0.194271838666742,5.00382236688235e-29,249.365231745724,-2.06844429685746e-24,2.00818844818587e-31,-73043.5402170403,51.0433651747191,51.043365174719,2.61798079389266e-09,5.8443653674034e-18,1078.78226899922,-5.79127562304233e-14,5.41755786627767e-21,-186678.300282508,"No MPA"
"5381","Sphoeroides","MT_20",2040,24.5561627768931,24.5561627760345,0.000197508787839248,1.416083643629e-24,518.98543501392,-2.85054544426182e-20,2.72856247411636e-27,-116771.759943667,11.7988967298419,11.7988966274595,0.119636832178864,3.32053326623517e-30,249.48486847552,-1.37131823245176e-25,1.33159433257927e-32,-73043.5402170403,51.043365174843,51.043365174843,6.02745711479842e-10,9.54808701245289e-19,1078.78226899982,-9.45472805199883e-15,8.85080083983084e-22,-186678.300282508,"No MPA"
"5382","Sphoeroides","MT_20",2041,24.556172122124,24.5561721217464,8.99241662582722e-05,1.48046168942059e-25,518.985524937709,-2.97867672249974e-21,2.85260739427641e-28,-116771.759943667,11.8045574284489,11.8045573656544,0.0736169930496769,2.20320764365947e-31,249.558485405775,-9.09296669185181e-27,8.83102717879582e-34,-73043.5402170403,51.0433651748715,51.0433651748715,1.38748029705573e-10,1.56091108218937e-19,1078.78226899996,-1.54464275322084e-15,1.44691948231273e-22,-186678.300282508,"No MPA"
"5383","Sphoeroides","MT_20",2042,24.5561763769333,24.5561763767678,4.09417169255811e-05,1.54849101124904e-26,518.98556587926,-3.11409224582238e-22,2.98368824726743e-29,-116771.759943667,11.8080406668762,11.8080406285241,0.0452773115565244,1.46181902738003e-32,249.60376267898,-6.0303817739789e-28,5.85762102657923e-35,-73043.5402170403,51.0433651748781,51.0433651748781,3.19005580986005e-11,2.55331034433652e-20,1078.78226899999,-2.52516550004205e-16,2.36684493035231e-23,-186678.300282508,"No MPA"
"5384","Sphoeroides","MT_20",2043,24.5561783141125,24.5561783140401,1.86404104083876e-05,1.62037125610255e-27,518.985584519598,-3.25718865237975e-23,3.12218944540679e-30,-116771.759943667,11.8101829938839,11.8101829705453,0.0278389956890862,9.6995630014007e-34,249.63160165133,-3.99995227728093e-29,3.88598429493395e-36,-73043.5402170403,51.0433651748796,51.0433651748796,7.28364594457206e-12,4.17903006874614e-21,1078.782269,-4.13062042161605e-17,3.87384015184085e-24,-186678.300282508,"No MPA"
"5385","Sphoeroides","MT_20",2044,24.5561791960936,24.5561791960621,8.48681517440877e-06,1.69631357091787e-28,518.985593006382,-3.40838559164337e-24,3.26851770360802e-31,-116771.759943667,11.8115002150439,11.8115002008871,0.0171138121094024,6.43648930470972e-35,249.648715449283,-2.65359445934276e-30,2.57839523052144e-37,-73043.5402170403,51.0433651748799,51.0433651748799,1.65956489876327e-12,6.84350066209361e-22,1078.782269,-6.76063016890937e-18,6.34372742188037e-25,-186678.300282508,"No MPA"
"5386","Sphoeroides","MT_20",2045,24.5561795976519,24.5561795976382,3.86397142573749e-06,1.7765413143217e-29,518.98559687034,-3.56812706009555e-25,3.42310333516452e-32,-116771.759943667,11.8123099668015,11.8123099582387,0.0105193988951716,4.27164258414404e-36,249.659234839615,-1.76069034252161e-31,1.71106131222482e-38,-73043.5402170403,51.04336517488,51.04336517488,3.68792199725171e-13,1.12123841511724e-22,1078.782269,-1.10710801970809e-18,1.03935562099717e-25,-186678.300282508,"No MPA"
"5387","Sphoeroides","MT_20",2046,24.5561797804779,24.5561797804719,1.75923140441768e-06,1.86129078745468e-30,518.985598629565,-3.73688281576909e-26,3.58640162401276e-33,-116771.759943667,11.8128076993817,11.8128076942158,0.00646554208731593,2.83527953510399e-37,249.665700376537,-1.16842019286976e-32,1.13565978756711e-39,-73043.5402170403,51.04336517488,51.04336517488,9.21980499312927e-14,1.83789886896839e-23,1078.782269,-1.81388459309555e-19,1.70367915916162e-26,-186678.300282508,"No MPA"
"5388","Sphoeroides","MT_20",2047,24.5561798637169,24.5561798637143,8.00962038748096e-07,1.95081199705421e-31,518.985599430525,-3.91514987628867e-27,3.75889427800247e-34,-116771.759943667,11.8131136209486,11.8131136178394,0.00397374899027068,1.88215489691554e-38,249.669674122418,-7.75499859732177e-34,7.53870032780188e-41,-73043.5402170403,51.04336517488,51.04336517488,0,3.01395982129605e-24,1078.782269,-2.97326277546504e-20,2.79385368846478e-27,-186678.300282508,"No MPA"
"5389","Sphoeroides","MT_20",2048,24.5561799016149,24.5561799016137,3.64670651701765e-07,2.04536945842214e-32,518.985599795194,-4.10345410535027e-28,3.94109096797013e-35,-116771.759943667,11.8133016416159,11.8133016397486,0.00244221855028462,1.24961153852389e-39,249.672116339101,-5.14789821347549e-35,5.0050593571394e-42,-73043.5402170403,51.04336517488,51.04336517488,0,4.94463984241295e-25,1078.782269,-4.87583658421682e-21,4.58353829544908e-28,-186678.300282508,"No MPA"
"5390","Sphoeroides","MT_20",2049,24.5561799188695,24.556179918869,1.6603115564814e-07,2.14524304335291e-33,518.985599961225,-4.30235189287187e-29,4.13353095769808e-36,-116771.759943667,11.8134171968689,11.8134171957496,0.00150093407333057,8.29765774222241e-41,249.673617272055,-3.41776895923447e-36,3.32342188003019e-43,-73043.5402170403,51.04336517488,51.04336517488,0,8.11527407427925e-26,1078.782269,-7.99919616348628e-22,7.5226246365746e-29,-186678.300282508,"No MPA"
"5391","Sphoeroides","MT_20",2050,24.5561799267253,24.5561799267251,7.55924317751251e-08,2.25072887697463e-34,518.985600036817,-4.51243193436184e-30,4.33678483014326e-37,-116771.759943667,11.8134882145998,11.8134882139301,0.00092243208621682,5.51057395024122e-42,249.674539703471,-2.26944123714872e-37,2.20711103185526e-44,-73043.5402170403,51.04336517488,51.04336517488,0,1.33239723121443e-26,1078.782269,-1.31284929356828e-22,1.2350937436611e-29,-186678.300282508,"No MPA"
"5392","Sphoeroides","MT_20",2051,24.556179930302,24.5561799303019,3.44165282041809e-08,2.36214028701385e-35,518.985600071233,-4.73431711538233e-31,4.55145631564013e-38,-116771.759943667,11.813531860111,11.8135318597111,0.000566897493179579,3.66014752531655e-43,249.675106600565,-1.5071540600275e-38,1.46596746698378e-45,-73043.5402170403,51.04336517488,51.04336517488,0,2.18835394130479e-27,1078.782269,-2.15548698385464e-23,2.0285408874335e-30,-186678.300282508,"No MPA"
"5393","Sphoeroides","MT_20",2052,24.5561799319305,24.5561799319304,1.56695114771784e-08,2.47980880888251e-36,518.985600086903,-4.96866650733451e-32,4.77818422812145e-39,-116771.759943667,11.813558683258,11.8135586830195,0.000348395904894906,2.43142096823915e-44,249.675454996231,-1.00105467503252e-39,9.73833956205702e-47,-73043.5402170403,51.04336517488,51.04336517488,0,3.59539490106044e-28,1078.782269,-3.54021182725676e-24,3.33282721117883e-31,-186678.300282508,"No MPA"
"5394","Sphoeroides","MT_20",2053,24.5561799326719,24.5561799326719,7.13417994892063e-09,2.60408525003457e-37,518.985600094037,-5.21617748116333e-33,5.01764451576021e-40,-116771.759943667,11.8135751678515,11.8135751677095,0.000214111770365462,1.61540256484621e-45,249.675669107859,-6.64994998670269e-41,6.47000949645649e-48,-73043.5402170403,51.04336517488,51.04336517488,0,5.90898922233198e-29,1078.782269,-5.81645377932036e-25,5.47746231295537e-32,-186678.300282508,"No MPA"
"5395","Sphoeroides","MT_20",2054,24.5561799330094,24.5561799330094,3.24812050918412e-09,2.73534081717244e-38,518.985600097285,-5.47758794597184e-34,5.27055243281666e-41,-116771.759943667,11.8135852986985,11.813585298614,0.000131585314804377,1.07339500107436e-46,249.67580069309,-4.41812890881923e-42,4.2991574025384e-49,-73043.5402170403,51.04336517488,51.04336517488,0,9.71427060469705e-30,1078.782269,-9.55927335939067e-26,9.00484822920004e-33,-186678.300282508,"No MPA"
"5396","Sphoeroides","MT_20",2055,24.5561799331631,24.5561799331631,1.47884185373364e-09,2.87396831006188e-39,518.985600098764,-5.75367871995113e-35,5.53766483987832e-42,-116771.759943667,11.813591524749,11.8135915246989,8.08674823107875e-05,7.13338487885922e-48,249.675881560522,-2.93573473241096e-43,2.85705897771197e-50,-73043.5402170403,51.04336517488,51.04336517488,0,1.59746312215579e-30,1078.782269,-1.57152712085578e-26,1.48080216746295e-33,-186678.300282508,"No MPA"
"5397","Sphoeroides","MT_20",2056,24.5561799332331,24.5561799332331,6.73282348396956e-10,3.02038338592082e-40,518.985600099437,-6.04527604147217e-36,5.819782640108e-43,-116771.759943667,11.8135953510502,11.8135953510205,4.96981454721777e-05,4.74119814066898e-49,249.675931258637,-1.95097934000983e-44,1.89894118368266e-51,-73043.5402170403,51.04336517488,51.04336517488,0,2.62765746657554e-31,1078.782269,-2.58429760009046e-27,2.43576256496253e-34,-186678.300282508,"No MPA"
"5398","Sphoeroides","MT_20",2057,24.556179933265,24.556179933265,3.0654400561714e-10,3.17502589857599e-41,518.985600099744,-6.3532542286531e-37,6.11775335956846e-44,-116771.759943667,11.8135977025526,11.813597702535,3.05426204589613e-05,3.15163542758324e-50,249.67596180124,-1.29671632462687e-45,1.26229044653927e-52,-73043.5402170403,51.04336517488,51.04336517488,0,4.32332510870578e-32,1078.782269,-4.25089555467602e-28,4.00759748555505e-35,-186678.300282508,"No MPA"
"5399","Sphoeroides","MT_20",2058,24.5561799332795,24.5561799332795,1.39540764715328e-10,3.33836131682694e-42,518.985600099883,-6.67853849620984e-38,6.4324738801719e-45,-116771.759943667,11.813599147698,11.8135991476876,1.8770347571989e-05,2.09526190871919e-51,249.675980571577,-8.6197120921607e-47,8.39192485173293e-54,-73043.5402170403,51.04336517488,51.04336517488,0,7.114961595578e-33,1078.782269,-6.99406361741947e-29,6.59536386538255e-36,-186678.300282508,"No MPA"
"5400","Sphoeroides","MT_20",2059,24.5561799332861,24.5561799332861,6.35246306306569e-11,3.51088222671941e-43,518.985600099947,-7.02210793892199e-39,6.76489333431161e-46,-116771.759943667,11.8136000358301,11.8136000358239,1.15355491507032e-05,1.39313818118914e-52,249.67599210712,-5.7305334375362e-48,5.57978455917235e-55,-73043.5402170403,51.04336517488,51.04336517488,0,1.17118993342198e-33,1078.782269,-1.15102363999329e-29,1.08565923548933e-36,-186678.300282508,"No MPA"
"5401","Sphoeroides","MT_20",2060,24.5561799332891,24.5561799332891,2.89062177919181e-11,3.69310992270888e-44,518.985600099976,-7.38499869160144e-40,7.11601617077171e-47,-116771.759943667,11.8136005816427,11.813600581639,7.08931370579873e-06,9.26408792448756e-54,249.67599919643,-3.81022739772335e-49,3.71044402239296e-56,-73043.5402170403,51.04336517488,51.04336517488,0,1.92831095593045e-34,1078.782269,-1.89469371293402e-30,1.78748855199292e-37,-186678.300282508,"No MPA"
"5402","Sphoeroides","MT_20",2061,24.5561799332904,24.5561799332904,1.31506028825346e-11,3.88559609299142e-45,518.985600099989,-7.76830727603947e-41,7.48690540208228e-48,-116771.759943667,11.8136009170785,11.8136009170764,4.35682473193217e-06,6.16116455152843e-55,249.676003553253,-2.53372425434633e-50,2.46766392098494e-57,-73043.5402170403,51.04336517488,51.04336517488,0,3.17553493675099e-35,1078.782269,-3.1195270216405e-31,2.94362915298434e-38,-186678.300282508,"No MPA"
"5403","Sphoeroides","MT_20",2062,24.5561799332911,24.5561799332911,5.99466623046340e-12,4.0889246045926e-46,518.985600099995,-8.17319414603124e-42,7.87868604409221e-49,-116771.759943667,11.8136011232247,11.8136011232235,2.67753999067703e-06,4.09801641439003e-56,249.676006230792,-1.68507593441009e-51,1.64133371091715e-58,-73043.5402170403,51.04336517488,51.04336517488,0,5.23048758516426e-36,1078.782269,-5.13722489253723e-32,4.84851089554222e-39,-186678.300282508,"No MPA"
"5404","Sphoeroides","MT_20",2063,24.5561799332913,24.5561799332913,2.73055477513258e-12,4.30371339413794e-47,518.985600099998,-8.60088744223789e-43,8.29254875917313e-50,-116771.759943667,11.8136012499144,11.8136012499137,1.64551494083152e-06,2.7260537484336e-57,249.676007876306,-1.12080576008136e-52,1.09183649225541e-59,-73043.5402170403,51.04336517488,51.04336517488,0,8.61684946755655e-37,1078.782269,-8.46162664174771e-33,7.98757053686479e-40,-186678.300282508,"No MPA"
"5405","Sphoeroides","MT_20",2064,24.5561799332915,24.5561799332915,1.22404179574909e-12,4.53061647058103e-48,518.985600099999,-9.05268696934547e-44,8.72975371514754e-51,-116771.759943667,11.8136013277731,11.8136013277727,1.01127130926793e-06,1.81361070439249e-58,249.676008887577,-7.45574541875646e-54,7.26385654680532e-61,-73043.5402170403,51.04336517488,51.04336517488,0,1.41981480470166e-37,1078.782269,-1.39399170412745e-33,1.31612730900535e-40,-186678.300282508,"No MPA"
"5406","Sphoeroides","MT_20",2065,24.5561799332915,24.5561799332915,5.02170993127834e-13,4.77032603653903e-49,518.9856001,-9.52996840872255e-45,9.19163467275369e-52,-116771.759943667,11.8136013756221,11.8136013756219,6.21489122416664e-07,1.2067068364049e-59,249.676009509066,-4.96021753764105e-55,4.83309085955577e-62,-73043.5402170403,51.04336517488,51.04336517488,0,2.33984871504051e-38,1078.782269,-2.29690685279278e-34,2.16897216637559e-41,-186678.300282508,"No MPA"
"5407","Sphoeroides","MT_40",2015,1.4523984431732,1.4523984431732,16.1058562458325,0.442291590789329,46.3594578950431,-153837.241383442,0.014408819685787,-289010.177790869,0.347362859952042,0.347362859952042,2.8138489199671,0.0355716968847992,10.1196602400823,-50172.1111650276,0.00484536725606442,-134309.703338557,2.77199091920718,2.77199091920718,43.4138644109775,5.27203774666448,96.726809124313,-1033390.99547248,0.0899895762581147,-1250555.78729703,"No MPA"
"5408","Sphoeroides","MT_40",2016,2.19353136091094,2.19352929225763,23.6560387027457,0.0828534237101325,69.9326411054254,-19058.7858592547,0.00178723562378489,-154231.722266681,0.478819061013168,0.478818989570941,3.8402860354316,0.00389970161148779,13.9560465024602,-3989.37330231526,0.000385359534664526,-88126.9654758451,4.57669910065349,4.57663920046957,69.3923683289247,1.62082527819754,164.498292274856,-191231.186449336,0.0167691550849894,-408395.978273886,"No MPA"
"5409","Sphoeroides","MT_40",2017,3.308913615068,3.30890475738226,34.1675273050002,0.0155203577490386,104.084639194991,-2363.95129950536,0.000221941698560044,-137536.887706932,0.660340458397618,0.660340169758896,5.2229493831781,0.0004278197179466,19.1785677772816,-317.278504299985,3.06548709654036e-05,-84454.8706778299,7.78335596024672,7.78307775469201,111.103819073118,0.516694982545628,275.085138159873,-35633.9361496712,0.00314541975053459,-252798.727974221,"No MPA"
"5410","Sphoeroides","MT_40",2018,4.92484016487441,4.92481830186478,47.5817114015086,0.00287180250670175,151.663456930983,-293.549246262282,2.75924138718756e-05,-135466.485653689,0.907447838843719,0.907447175006394,7.04050659851493,4.67779230714585e-05,26.2190269340362,-25.2388379558381,2.43908077506866e-06,-84162.8310114857,13.0158527487596,13.0150871861996,166.945025799215,0.163005125991288,441.866393270537,-6683.5708185966,0.000593617810940813,-223848.362643146,"No MPA"
"5411","Sphoeroides","MT_40",2019,7.17606642069574,7.17602363892652,62.6905755995768,0.000520810856389433,214.353468937934,-36.4931498994779,3.43418381594777e-06,-135209.429557326,1.24057226817845,1.24057101748858,9.37271297040375,5.08932736519037e-06,35.5917335644227,-2.00812036185231,1.94108919952105e-07,-84139.6002938917,20.9072287507306,20.9056125269849,222.497693191534,0.0496892802943403,664.312780958031,-1261.25432890349,0.000112667162801541,-218426.046153453,"No MPA"
"5412","Sphoeroides","MT_40",2020,10.1422897890633,10.1422181156701,76.2356161962727,9.17137557979208e-05,290.588921747058,-4.5416985020704,4.27887090966934e-07,-135177.478105928,1.68404867760749,1.68404655771212,12.2671789740943,5.49925651967204e-07,47.858909868696,-0.159808786801844,1.5451004426215e-08,-84137.7519823167,31.4324408577954,31.4297330000922,242.943443574271,0.0142548497864302,907.239261824813,-239.357733965086,2.14954602669704e-05,-217404.149558515,"No MPA"
"5413","Sphoeroides","MT_40",2021,13.7494255094303,13.7493214322273,82.959412552303,1.55077938214512e-05,373.548214714364,-0.565836869213352,5.33697055605909e-08,-135173.502244295,2.264479018147,2.26447567677413,15.6925892129553,5.88735069184989e-08,63.5514956814048,-0.012720403573997,1.23015300776694e-09,-84137.6048939335,42.9266834217058,42.9232537419705,195.22367727373,0.00373343981253744,1102.455775979,-45.6611610454735,4.12052915151e-06,-217210.452985595,"No MPA"
"5414","Sphoeroides","MT_40",2022,17.6747046016658,17.674575348629,78.1208991757103,2.48905396466612e-06,451.668982147984,-0.0705701874329223,6.6635854999122e-09,-135173.006977614,3.00698509300004,3.0069801359164,19.474641139226,6.22552048594307e-09,83.0261318573217,-0.00101271967901543,9.79607277852415e-11,-84137.5931862496,52.1634943208838,52.1604949176559,103.878915636507,0.000873917786481831,1206.33081829449,-8.75211482708396,7.9326721028272e-07,-217173.543939377,"No MPA"
"5415","Sphoeroides","MT_40",2023,21.3710453503439,21.3709110601204,61.9826418734143,3.76149644493864e-07,513.651489355025,-0.00881050733371426,8.32828663878237e-10,-135172.945217934,3.92844162277477,3.92843468534682,23.2318878605638,6.4780941056608e-10,106.25801277981,-8.06426283427911e-05,7.80251425684933e-12,-84137.5922541725,57.078417257447,57.0767288404515,36.0233720895957,0.00018489046614774,1242.35231707662,-1.68483774426022,1.53306145558038e-07,-217166.476662294,"No MPA"
"5416","Sphoeroides","MT_40",2024,24.3037926161628,24.3036776022197,41.1855925993967,5.35159197829811e-08,554.836966886963,-0.00110108794274769,1.04189600430842e-10,-135172.937508514,5.02767491173596,5.02766578422355,26.3576074334277,6.60489154558874e-11,132.615611085659,-6.42283004076439e-06,6.21592913354202e-13,-84137.5921799527,58.7828005879103,58.7821622199065,9.36988118346621,3.69332565200781e-05,1251.72152295883,-0.325604724447283,2.97303476970676e-08,-217165.117429274,"No MPA"
"5417","Sphoeroides","MT_40",2025,26.2525133450576,26.2524315299345,23.4558196227845,7.23869282145536e-09,578.292704687385,-0.00013774411058506,1.30466900703332e-11,-135172.93654517,6.27480378483599,6.27479257322941,28.116939118618,6.56838174645695e-12,160.732538992664,-5.11651557252695e-07,4.95296929868533e-14,-84137.5921740415,59.2261113569011,59.2259246371443,2.1737490044747,7.23910576461263e-06,1253.89507800444,-0.06314357750148,5.78339196601723e-09,-217164.854968127,"No MPA"
"5418","Sphoeroides","MT_40",2026,27.3623385844945,27.3622886304199,11.9629452124546,9.45615813203633e-10,590.25559994482,-1.72480079917702e-05,1.63519595833568e-12,-135172.936424674,7.60517661352866,7.60516386670031,27.8997122584208,6.34475094565503e-13,188.632238504256,-4.07669941264718e-08,3.94741192752936e-15,-84137.5921735707,59.3289546897117,59.328907077228,0.488775882243064,1.41457043757521e-06,1254.38380485963,-0.0122831957718142,1.12814363000649e-09,-217164.804107746,"No MPA"
"5419","Sphoeroides","MT_40",2027,27.9283716466991,27.9283442877696,5.71137023999326,1.21075952473255e-10,595.966942825762,-2.16173905730263e-06,2.05125223287412e-13,-135172.936409588,8.92527112320177,8.92525781699467,25.5475302395987,5.93553805467262e-14,214.179755437647,-3.248856326374e-09,3.14662921087673e-16,-84137.5921735331,59.3520791551919,59.3520679102086,0.109101050535727,2.76724195842516e-07,1254.49289438846,-0.00239603435624765,2.20605777456862e-10,-217164.794220584,"No MPA"
"5420","Sphoeroides","MT_40",2028,28.1986079758345,28.1985940119435,2.6338263764685,1.53481550564004e-11,598.600755238324,-2.7117526892783e-07,2.57534000839482e-14,-135172.936407697,10.134070408855,10.134057718041,21.5269022225885,5.37330314843616e-15,235.706644969422,-2.58964799481472e-10,2.5087883116891e-17,-84137.5921735302,59.3572408053383,59.3572382759936,0.0243127917881079,5.42367775864437e-08,1254.51720459666,-0.000468538739678879,4.32340287127997e-11,-217164.792293089,"No MPA"
"5421","Sphoeroides","MT_40",2029,28.3232287196489,28.3232219037323,1.19437281770289,1.93704597648561e-12,599.795121240109,-3.40458716001998e-08,3.23595826836321e-15,-135172.93640746,11.1526307940458,11.1526197295687,16.7536199036266,4.71560898460709e-16,252.460253808571,-2.06461887369482e-11,2.00062994640956e-18,-84137.5921735299,59.3583910604645,59.3583905107599,0.00541602446647855,1.06504079128367e-08,1254.52262006078,-9.18236019204583e-05,8.48964687300884e-12,-217164.791916373,"No MPA"
"5422","Sphoeroides","MT_40",2030,28.3797410129386,28.3797377816474,0.537409488967817,2.44069577445816e-13,600.332527497785,-4.27791628666323e-09,4.06921675030597e-16,-135172.936407431,11.9453399426366,11.9453310642213,12.1619469728876,4.02851713473747e-17,264.622191903044,-1.646370696086e-12,1.59570556689739e-19,-84137.5921735299,59.3586472970752,59.3586471806439,0.00120638589262272,2.09506723633744e-09,1254.52382632814,-1.80309348011011e-05,1.67001153121284e-12,-217164.791842581,"No MPA"
"5423","Sphoeroides","MT_40",2031,28.4051687796401,28.405167278425,0.240951559894248,3.07423509956332e-14,600.573477556464,-5.37947585240372e-10,5.12088761670894e-17,-135172.936407427,12.5207908609816,12.5207842256908,8.34793486845586,3.36857976447694e-18,272.970120136209,-1.31311488212649e-13,1.27297813129413e-20,-84137.5921735299,59.3587043724901,59.3587043483177,0.000268705144607762,4.1277739462584e-10,1254.5240950087,-3.54689299444185e-06,3.29031132093263e-13,-217164.791828097,"No MPA"
"5424","Sphoeroides","MT_40",2032,28.4165695063553,28.4165688192719,0.107859846070012,3.87310677498896e-15,600.681336715451,-6.7697757104366e-11,6.4490142852208e-18,-135172.936407426,12.9157791375818,12.9157744530405,5.49593011476295,2.7725866952498e-19,278.46604556643,-1.04752265663042e-14,1.01571124138824e-21,-84137.5921735299,59.3587170853056,59.3587170803664,5.98485584563418e-05,8.14428032223248e-11,1254.52415485224,-6.98820454478338e-07,6.4919281784258e-14,-217164.791825249,"No MPA"
"5425","Sphoeroides","MT_40",2033,28.4216729406607,28.4216726298519,0.0482478922732305,4.88187505048237e-16,600.729584296915,-8.52554847481374e-12,8.12722959159077e-19,-135172.936407426,13.1758228338587,13.1758196664241,3.51427124962114,2.25720895931946e-20,281.980313648617,-8.35810486604018e-16,8.10587053283499e-23,-84137.5921735299,59.358719916846,59.3587199158497,1.33296725700586e-05,1.608973120802e-11,1254.5241681809,-1.37880332815245e-07,1.28253658138226e-14,-217164.791824688,"No MPA"
"5426","Sphoeroides","MT_40",2034,28.4239558099572,28.4239556706948,0.0215753284926306,6.15686377689854e-17,600.751159486145,-1.07441359997968e-12,1.02489772135788e-19,-135172.936407426,13.3421029760117,13.3421009012528,2.20384656489262,1.82442837394446e-21,284.18415813875,-6.67012649570096e-17,6.47005714175527e-24,-84137.5921735299,59.3587205475012,59.3587205473023,2.96874671528137e-06,3.18237903855375e-12,1254.52417114944,-2.72394527214989e-08,2.53672198533781e-15,-217164.791824577,"No MPA"
"5427","Sphoeroides","MT_40",2035,28.4249766556776,28.4249765937768,0.00964659570611535,7.76944475998638e-18,600.760806019951,-1.35490700062687e-13,1.29328835413479e-20,-135172.936407426,13.4463794758496,13.4463781477023,1.36483323966481,1.46789299305417e-22,285.548990050268,-5.32403066773258e-18,5.16528851974592e-25,-84137.5921735299,59.35872068796,59.3587206879207,6.61172550125248e-07,6.30110018922564e-13,1254.52417181058,-5.38767623396964e-09,5.0227013031206e-16,-217164.791824555,"No MPA"
"5428","Sphoeroides","MT_40",2036,28.4254330884183,28.4254330610922,0.00431283461564131,9.81018071202403e-19,600.76511882724,-1.70971736166899e-14,1.63295951161845e-21,-135172.936407426,13.5109574872462,13.5109566511232,0.838576846691918,1.17771073677373e-23,286.387566060837,-4.25036076682658e-19,4.12437396496283e-26,-84137.5921735299,59.358720719242,59.3587207192343,1.47246512550402e-07,1.24882692159403e-13,1254.52417195782,-1.06675814683488e-09,9.95458636553634e-17,-217164.791824551,"No MPA"
"5429","Sphoeroides","MT_40",2037,28.425637152022,28.4256371400306,0.00192814196826005,1.23940748248492e-19,600.767046957217,-2.15876003761303e-15,2.06304834329483e-22,-135172.936407426,13.5506353191539,13.5506347992395,0.512709838905662,9.43303787050185e-25,286.900275379828,-3.39381757400735e-20,3.29380161020209e-27,-84137.5921735299,59.3587207262087,59.3587207262072,3.27917736741794e-08,2.47727633830213e-14,1254.52417199061,-2.11422807428524e-10,1.9746740586402e-17,-217164.79182455,"No MPA"
"5430","Sphoeroides","MT_40",2038,28.4257283828898,28.4257283776552,0.000862004569467387,1.56672413043784e-20,600.767908956552,-2.72733419230214e-16,2.60787294958188e-23,-135172.936407426,13.5748945322962,13.5748942120187,0.312526038443331,7.54818796759182e-26,287.212801097994,-2.71036284726654e-21,2.63094489552831e-28,-84137.5921735299,59.3587207277602,59.3587207277599,7.30250528129174e-09,4.9181545436891e-15,1254.52417199791,-4.19395761816254e-11,3.92033462048426e-18,-217164.79182455,"No MPA"
"5431","Sphoeroides","MT_40",2039,28.4257691690133,28.4257691667388,0.000385369691193969,1.98153932702064e-21,600.768294323969,-3.44758816807758e-17,3.29834416526865e-24,-135172.936407426,13.5896819132324,13.5896817173743,0.190149941970847,6.03675747695637e-27,287.402950844107,-2.16491809255532e-22,2.10184140079455e-29,-84137.5921735299,59.3587207281057,59.3587207281057,1.6261756248593e-09,9.77143199653386e-16,1254.52417199953,-8.32629424354133e-12,7.7889547404832e-19,-217164.79182455,"No MPA"
"5432","Sphoeroides","MT_40",2040,28.425787402952,28.4257874019678,0.000172283757489577,2.50746510127639e-22,600.768466606742,-4.36038585235538e-18,4.17376403690597e-25,-135172.936407426,13.5986789863283,13.5986788672611,0.115562085555467,4.82672090606082e-28,287.518512810595,-1.72953553626155e-23,1.67942637026027e-30,-84137.5921735299,59.3587207281827,59.3587207281826,3.62114959989661e-10,1.94275708061389e-16,1254.5241719999,-1.65427534374293e-12,1.54860075554974e-19,-217164.79182455,"No MPA"
"5433","Sphoeroides","MT_40",2041,28.4257955546363,28.425795554212,7.70212415207157e-05,3.17453108031455e-23,600.768543627559,-5.51768425082272e-19,5.28411735437706e-26,-135172.936407426,13.6041468845551,13.6041468125251,0.0701836213017617,3.85886512274294e-29,287.588696359867,-1.38194389649439e-24,1.34212753926353e-31,-84137.5921735299,59.3587207281998,59.3587207281998,8.05933523530957e-11,3.86510778016306e-17,1254.52417199998,-3.28903188240722e-13,3.08093527923141e-20,-217164.79182455,"No MPA"
"5434","Sphoeroides","MT_40",2042,28.4257991989321,28.4257991987498,3.44331188791931e-05,4.02093902769687e-24,600.768578060496,-6.98556287459402e-20,6.69299195234273e-27,-135172.936407426,13.607467670072,13.6074676266786,0.0426063709738716,3.0850994542112e-30,287.631302687447,-1.10439178842505e-25,1.07274712171949e-32,-84137.5921735299,59.3587207282036,59.3587207282036,1.79725387654642e-11,7.69428718601328e-18,1254.52417199999,-6.5435163483619e-14,6.13323151338484e-21,-217164.79182455,"No MPA"
"5435","Sphoeroides","MT_40",2043,28.4258008281515,28.4258008280734,1.53936637102515e-05,5.09529912890472e-25,600.768593454081,-8.84808435640105e-21,8.48130097843355e-28,-135172.936407426,13.609483619351,13.609483593304,0.0258584796050549,2.46664575148678e-31,287.657161141005,-8.82727589935181e-27,8.57572083531621e-34,-84137.5921735299,59.3587207282045,59.3587207282045,4.00592731519388e-12,1.53257469740849e-18,1254.524172,-1.3026206991967e-14,1.22163823672303e-21,-217164.79182455,"No MPA"
"5436","Sphoeroides","MT_40",2044,28.4258015565101,28.4258015564768,6.88188583382402e-06,6.45948085055518e-26,600.768600335934,-1.12122152607397e-21,1.07520281867981e-28,-135172.936407426,13.6107071308285,13.6107071152437,0.015691499271402,1.97236717148125e-32,287.672852624692,-7.05667237665169e-28,6.85665938380484e-35,-84137.5921735299,59.3587207282047,59.3587207282047,8.66146446528409e-13,3.05425896751697e-19,1254.524172,-2.59460490055322e-15,2.43459555079579e-22,-217164.79182455,"No MPA"
"5437","Sphoeroides","MT_40",2045,28.42580188213,28.4258018821157,3.07661243974717e-06,8.19224791208791e-27,600.768603412532,-1.42140993257577e-22,1.36362784398355e-29,-135172.936407426,13.6114495847555,13.6114495754572,0.00952105854480138,1.57732438482664e-33,287.682373673939,-5.64211431694469e-29,5.48304913463579e-36,-84137.5921735299,59.3587207282047,59.3587207282047,1.08268305816051e-13,6.08985454424103e-20,1254.524172,-5.17077262079182e-16,4.85431423336579e-23,-217164.79182455,"No MPA"
"5438","Sphoeroides","MT_40",2046,28.4258020277014,28.4258020276954,1.37542839302625e-06,1.03938938055877e-27,600.768604787955,-1.8027056180425e-23,1.73009936713555e-30,-135172.936407426,13.6119000801033,13.6119000745702,0.00577672047786824,1.2615705260001e-34,287.688150388883,-4.51181656891037e-30,4.38528961737565e-37,-84137.5921735299,59.3587207282047,59.3587207282047,0,1.21482014041051e-20,1254.524172,-1.03099486575515e-16,9.68351321978761e-24,-217164.79182455,"No MPA"
"5439","Sphoeroides","MT_40",2047,28.4258020927805,28.425802092778,6.1489796764459e-07,1.3192154208436e-28,600.76860540285,-2.28717817890231e-24,2.1958794290013e-31,-135172.936407426,13.612173409559,13.6121734062741,0.00350479399174214,1.00916444530545e-35,287.69165517959,-3.60850717063677e-31,3.50784154339651e-38,-84137.5921735299,59.3587207282047,59.3587207282047,0,2.42442786655567e-21,1254.524172,-2.05665557113118e-17,1.93254775050733e-24,-217164.79182455,"No MPA"
"5440","Sphoeroides","MT_40",2048,28.4258021218748,28.4258021218737,2.74895744077727e-07,1.6749749170306e-29,600.768605677745,-2.90293587114855e-25,2.78805334028311e-32,-135172.936407426,13.6123392412723,13.6123392393264,0.00212634900737774,8.07371523581666e-37,287.693781526652,-2.88648467392e-32,2.80637797143011e-39,-84137.5921735299,59.3587207282047,59.3587207282047,0,4.84047432554974e-22,1254.524172,-4.1044866747702e-18,3.85841455556246e-25,-217164.79182455,"No MPA"
"5441","Sphoeroides","MT_40",2049,28.4258021348816,28.4258021348811,1.22894603960797e-07,2.12740057442047e-30,600.768605800639,-3.68578526912207e-26,3.54113140119982e-33,-135172.936407426,13.6124398509251,13.6124398497746,0.0012900337863577,6.46020518755445e-38,287.695071559287,-2.30927391331703e-33,2.24551436379093e-40,-84137.5921735299,59.3587207282047,59.3587207282047,0,9.66802821028127e-23,1254.524172,-8.19478386750756e-19,7.70653003430632e-26,-217164.79182455,"No MPA"
"5442","Sphoeroides","MT_40",2050,28.4258021406964,28.4258021406962,5.49411212271317e-08,2.70291366831929e-31,600.76860585558,-4.68134872672162e-27,4.49909273257904e-34,-135172.936407426,13.6125008897546,13.6125008890756,0.00078264401894886,5.16987911499132e-39,287.695854202627,-1.84775813567062e-34,1.79699954091515e-41,-84137.5921735299,59.3587207282047,59.3587207282047,0,1.93174550863161e-23,1254.524172,-1.63676938001779e-19,1.53982326665891e-26,-217164.79182455,"No MPA"
"5443","Sphoeroides","MT_40",2051,28.425802143296,28.4258021432959,2.45619101589846e-08,3.43519105007628e-32,600.768605880142,-5.94776630653243e-28,5.71799361117429e-35,-135172.936407426,13.6125379210916,13.6125379206916,0.000474816083318242,4.13785371333599e-40,287.696329018311,-1.47869039258965e-35,1.43827366747415e-42,-84137.5921735299,59.3587207282047,59.3587207282047,0,3.86113725378701e-24,1254.524172,-3.27038960762726e-20,3.07777031321084e-27,-217164.79182455,"No MPA"
"5444","Sphoeroides","MT_40",2052,28.4258021444582,28.4258021444581,1.09806201886059e-08,4.36716522628124e-33,600.768605891122,-7.55914397923822e-29,7.2692966701934e-36,-135172.936407426,13.6125603873399,13.6125603871046,0.000288061577165836,3.31230129017669e-41,287.696617079653,-1.18350695339731e-36,1.15131858008527e-43,-84137.5921735299,59.3587207282047,59.3587207282047,0,7.72015057016156e-25,1254.524172,-6.536794361361e-21,6.15384760411102e-28,-217164.79182455,"No MPA"
"5445","Sphoeroides","MT_40",2053,28.4258021449777,28.4258021449777,4.90896348471209e-09,5.55357753092141e-34,600.768605896031,-9.60995480134918e-30,9.24412074210131e-37,-135172.936407426,13.6125740171711,13.612574017033,0.000174760988778159,2.65181771278996e-42,287.696791840503,-9.47381277368028e-38,9.21741013058719e-45,-84137.5921735299,59.3587207282047,59.3587207282047,0,1.54409452365106e-25,1254.524172,-1.30699929577468e-21,1.23082086269364e-28,-217164.79182455,"No MPA"
"5446","Sphoeroides","MT_40",2054,28.42580214521,28.42580214521,2.19457827322759e-09,7.06423775105897e-35,600.768605898226,-1.22206571750007e-30,1.1758666617612e-37,-135172.936407426,13.6125822861075,13.6125822860265,0.000106023757593141,2.12332143850311e-43,287.69689786418,-7.58469630512239e-39,7.38041402869525e-46,-84137.5921735299,59.3587207282047,59.3587207282047,0,3.08924540828264e-26,1254.524172,-2.61410763518209e-22,2.46248376654048e-29,-217164.79182455,"No MPA"
"5447","Sphoeroides","MT_40",2055,28.4258021453138,28.4258021453138,9.81090613876443e-10,8.98818618838856e-36,600.768605899207,-1.5544867659993e-31,1.49611449402388e-38,-135172.936407426,13.6125873026946,13.6125873026471,6.43223064177845e-05,1.70037668887733e-44,287.696962186439,-6.07309409133397e-40,5.91030595569138e-47,-84137.5921735299,59.3587207282047,59.3587207282047,0,6.18236438353461e-27,1254.524172,-5.2300036591334e-23,4.92805521130653e-30,-217164.79182455,"No MPA"
"5448","Sphoeroides","MT_40",2056,28.4258021453603,28.4258021453602,4.38625687002034e-10,1.14390086301296e-36,600.768605899645,-1.97785195975916e-32,1.90406231580763e-39,-135172.936407426,13.6125903461489,13.6125903461212,3.90229278604985e-05,1.36185515243204e-45,287.697001209339,-4.86339167872761e-41,4.73364453376117e-48,-84137.5921735299,59.3587207282047,59.3587207282047,0,1.23758224897848e-27,1254.524172,-1.04665651557792e-23,9.86495339508274e-31,-217164.79182455,"No MPA"
"5449","Sphoeroides","MT_40",2057,28.425802145381,28.425802145381,1.9607002202353e-10,1.45616243743352e-37,600.768605899841,-2.51715587133639e-33,2.42383244253073e-40,-135172.936407426,13.6125921925457,13.6125921925295,2.36743456942639e-05,1.09086780130852e-46,287.697024883668,-3.89515663085527e-42,3.79172461556333e-49,-84137.5921735299,59.3587207282047,59.3587207282047,0,2.47801994810364e-28,1254.524172,-2.09519116651667e-24,1.97526680107973e-31,-217164.79182455,"No MPA"
"5450","Sphoeroides","MT_40",2058,28.4258021453903,28.4258021453903,8.7653809742239e-11,1.85409565432998e-38,600.768605899929,-3.20428801788663e-34,3.08620596369693e-41,-135172.936407426,13.6125933127138,13.6125933127043,1.4362698708222e-05,8.73912210091761e-48,287.697039246358,-3.1200824592192e-43,3.03761295566209e-50,-84137.5921735299,59.3587207282047,59.3587207282047,0,4.96296333955131e-29,1254.524172,-4.1952165280363e-25,3.95605238250548e-32,-217164.79182455,"No MPA"
"5451","Sphoeroides","MT_40",2059,28.4258021453944,28.4258021453944,3.92040778907713e-11,2.36130078448654e-39,600.768605899968,-4.07994076516242e-35,3.93046634144505e-42,-135172.936407426,13.6125939922949,13.6125939922893,8.7135287960654e-06,7.00191807696566e-49,287.697047959881,-2.49954937699749e-44,2.43378176407692e-51,-84137.5921735299,59.3587207282047,59.3587207282047,0,9.94208483158249e-30,1254.524172,-8.40215424660217e-26,7.92498467026946e-33,-217164.79182455,"No MPA"
"5452","Sphoeroides","MT_40",2060,28.4258021453963,28.4258021453963,1.75182850405622e-11,3.00790106410983e-40,600.768605899986,-5.19604655074642e-36,5.00675473813069e-43,-135172.936407426,13.6125944045815,13.6125944045783,5.28630311065838e-06,5.61072312311781e-50,287.697053246181,-2.00267702990192e-45,1.95021921945506e-52,-84137.5921735299,59.3587207282047,59.3587207282047,0,1.99208953059849e-30,1254.524172,-1.68316637807992e-26,1.587924390028e-33,-217164.79182455,"No MPA"
"5453","Sphoeroides","MT_40",2061,28.4258021453971,28.4258021453971,7.81868721810376e-12,3.83235065328884e-41,600.768605899994,-6.61889160916529e-37,6.37907942534341e-44,-135172.936407426,13.6125946547066,13.6125946547048,3.20708176277734e-06,4.49647635758175e-51,287.697056453261,-1.60476970108067e-46,1.56292054675111e-53,-84137.5921735299,59.3587207282047,59.3587207282047,0,3.99236606580632e-31,1254.524172,-3.37255030190149e-27,3.18237476400441e-34,-217164.79182455,"No MPA"
"5454","Sphoeroides","MT_40",2062,28.4258021453975,28.4258021453975,3.50365700811258e-12,4.88374490263473e-42,600.768605899997,-8.43309438767687e-38,8.12916130215981e-45,-135172.936407426,13.612594806452,13.6125948064509,1.94566464298626e-06,3.60393154733161e-52,287.697058398924,-1.28607466975269e-47,1.25268280175026e-54,-84137.5921735299,59.3587207282047,59.3587207282047,0,8.00271477873156e-32,1254.524172,-6.75896096722683e-28,6.3790837652601e-35,-217164.79182455,"No MPA"
"5455","Sphoeroides","MT_40",2063,28.4258021453976,28.4258021453976,1.54898520358662e-12,6.22477277498403e-43,600.768605899999,-1.07466892920954e-38,1.03613483025779e-45,-135172.936407426,13.6125948985124,13.6125948985118,1.18039111058218e-06,2.88888719927104e-53,287.697059579315,-1.03079047998204e-48,1.00414207060308e-55,-84137.5921735299,59.3587207282047,59.3587207282047,0,1.60444708850222e-32,1254.524172,-1.35483660390174e-28,1.27892879572369e-35,-217164.79182455,"No MPA"
"5456","Sphoeroides","MT_40",2064,28.4258021453977,28.4258021453977,7.00731401622522e-13,7.93549027455372e-44,600.768605899999,-1.36976234959688e-39,1.32088963980828e-46,-135172.936407426,13.6125949543635,13.6125949543631,7.16116800521322e-07,2.31597340306931e-54,287.697060295431,-8.26274684603625e-50,8.05004196586462e-57,-84137.5921735299,59.3587207282047,59.3587207282047,0,3.2172910643511e-33,1254.524172,-2.71628279231378e-29,2.56455087606801e-36,-217164.79182455,"No MPA"
"5457","Sphoeroides","MT_40",2065,28.4258021453978,28.4258021453978,2.95044800683167e-13,1.01181436382431e-44,600.7686059,-1.74620603781055e-40,1.68419979653985e-47,-135172.936407426,13.612594988247,13.6125949882468,4.34451993527084e-07,1.85688323049961e-55,287.697060729883,-6.62410836186365e-51,6.45430032754878e-58,-84137.5921735299,59.3587207282047,59.3587207282047,0,6.45250306640868e-34,1254.524172,-5.44678127349147e-30,5.14338679989076e-37,-217164.79182455,"No MPA"
"5458","Sphoeroides","MT_60",2015,1.63959010488184,1.63959010488184,18.3237831298078,0.576506313461557,52.3993952163462,-177702.954216309,0.0166369717085336,-331115.133158702,0.353179401898897,0.353179401898897,2.88280889960632,0.0415628764364604,10.3055594601699,-57646.1715254085,0.00556821156925653,-151886.104642627,3.10485800556456,3.10485800556456,49.1655102271162,7.64956513147603,107.13594786564,-1342952.90872339,0.116573678887031,-1592690.95391587,"No MPA"
"5459","Sphoeroides","MT_60",2016,2.47931537422295,2.47931256674555,26.9485776636641,0.123330676739631,79.2246393957933,-25109.1404901103,0.00235372966183305,-178521.319432503,0.487615017388545,0.487614931869215,3.94431254361768,0.00514013460826245,14.2447317836599,-5162.49940946535,0.000498773867781234,-99402.4325266841,5.06921504682497,5.06912287955188,77.8436169611135,2.68096808930662,182.298504570174,-286406.958043932,0.0250504081635713,-536145.003236412,"No MPA"
"5460","Sphoeroides","MT_60",2017,3.74857125087552,3.74855907876064,39.0081209929216,0.0264122947973314,118.206335921803,-3552.25399365149,0.000333401198985814,-156964.432936044,0.673999811774413,0.673999463533621,5.38333238007018,0.000636561108184141,19.6274272543811,-462.42876066254,4.46876107163583e-05,-94702.3618778813,8.62558591015359,8.62515053499543,124.977407447216,0.986292304403194,306.289184337828,-61543.8187417183,0.00542147026350538,-311281.863934199,"No MPA"
"5461","Sphoeroides","MT_60",2018,5.59301848373364,5.59298811045093,54.4367052852405,0.00558867003177149,172.637422163729,-503.152756044213,4.7281917029733e-05,-153915.331698437,0.928685950425803,0.928685142882707,7.28830258643248,7.86008141343733e-05,26.9156504324564,-41.4308638631484,4.0046573565359e-06,-94281.3639810819,14.492294816603,14.4910766792287,189.254577033177,0.360792562984574,495.181750670647,-13318.7838125179,0.00118110811708276,-263056.829004998,"No MPA"
"5462","Sphoeroides","MT_60",2019,8.1684647918079,8.16840492999559,71.8255590775499,0.00115886489954391,244.461762514567,-71.3521729104571,6.71318613132803e-06,-153483.531115303,1.27353351405824,1.2735319821564,9.75467739567322,9.66141041134427e-06,36.6703166348174,-3.71275597164263,3.58953058436637e-07,-94243.6458731904,23.4298835397509,23.4272721776426,254.923730535406,0.127823742331703,749.975046101613,-2901.37190675048,0.000258882655823452,-252639.417099231,"No MPA"
"5463","Sphoeroides","MT_60",2020,11.5668855281546,11.5667848019696,87.3615735422018,0.000233257096612635,331.823002073487,-10.1300985040321,9.54235772785438e-07,-153422.309040897,1.73508261755594,1.73508000325065,12.8523322816428,1.18009151003687e-06,49.5226451220633,-0.332782838463052,3.2181277704312e-08,-94240.2659000572,35.4856130382062,35.4811730554903,281.812230603448,0.0426787618617574,1031.74015796048,-635.874118922501,5.70589670164978e-05,-250373.919311403,"No MPA"
"5464","Sphoeroides","MT_60",2021,15.7004459147835,15.7002993777061,94.8955729962218,4.50546573707265e-05,426.718383477974,-1.43981817333085,1.35788554751322e-07,-153413.618760566,2.34319985786814,2.34319570550449,16.5782239460415,1.42910084107925e-07,66.1008647728311,-0.0298343306075122,2.88576847483968e-09,-94239.9629515493,48.8175335855148,48.8118315079144,229.04820581372,0.0130143245830435,1260.76964737202,-140.133390439999,1.26392870664034e-05,-249878.17858292,"No MPA"
"5465","Sphoeroides","MT_60",2022,20.1904896850884,20.1903078772672,88.9477986822858,8.25379087900589e-06,515.665992098648,-0.20487041594425,1.93436109611495e-08,-153412.383812809,3.12761033985346,3.12760412310726,20.7873758667273,1.71086632921453e-08,86.8882344057035,-0.00267523094619109,2.58828141175838e-10,-94239.9357924497,59.6542299234015,59.6491934502709,122.321557823537,0.00354188294204948,1383.08262683948,-31.0383877906302,2.81240208898452e-06,-249769.083580271,"No MPA"
"5466","Sphoeroides","MT_60",2023,24.3991102739918,24.3989221978538,70.0117300639522,1.42237520300159e-06,585.677532664087,-0.0291823325624709,2.75844717569418e-09,-153412.208124725,4.11117980487581,4.11117100739248,25.1150068816384,2.017487770387e-09,112.003232487841,-0.000239935611371786,2.32194817030689e-11,-94239.9333571543,65.4415572238147,65.4387240100992,41.8724545082174,0.00086867550237617,1424.95137945848,-6.90608518615573,6.2831863777406e-07,-249744.951277667,"No MPA"
"5467","Sphoeroides","MT_60",2024,27.7117570742125,27.7115972526507,46.0137888839939,2.30608981116233e-07,631.69116149591,-0.00416121975169507,3.93758441315931e-10,-153412.183103613,5.29951414750575,5.29950241581993,28.9332727043664,2.33352145425917e-10,140.936493460288,-2.15236395128399e-05,2.08345323861732e-12,-94239.9331387423,67.4226076088283,67.4215533862188,10.5820944667837,0.000200723582564545,1435.53221897908,-1.54286131411738,1.4087652692721e-07,-249739.588053795,"No MPA"
"5468","Sphoeroides","MT_60",2025,29.8889252822711,29.8888127849714,25.8795059123257,3.55399061758579e-08,657.570554875396,-0.000593975395991066,5.62624020980295e-11,-153412.179536368,6.6685123670313,6.66849772420371,31.418980932531,2.6352721261321e-11,172.355459749965,-1.93118495940574e-06,1.86983962011486e-13,-94239.9331191499,67.9232477018537,67.9229478247815,2.37162333802972,4.54868152228952e-05,1437.90349695322,-0.345926369755148,3.16869400365435e-08,-249738.39111885,"No MPA"
"5469","Sphoeroides","MT_60",2026,31.1134275425817,31.1133596571334,13.035201710017,5.29119735728479e-09,670.605688694674,-8.48686045145561e-05,8.04664706588079e-12,-153412.179027261,8.15512353577793,8.15510657978785,31.7985336337099,2.89291973441553e-12,204.153976427682,-1.73308319571098e-07,1.67846941877806e-14,-94239.933117392,68.0354464383768,68.0353725407457,0.514804368368202,1.02772794014825e-05,1438.41821714668,-0.0778081172086258,7.14742829120009e-09,-249738.123000598,"No MPA"
"5470","Sphoeroides","MT_60",2027,31.7301943497128,31.7301576046031,6.15121788171245,7.7245085224607e-10,676.756869830504,-1.213776749229e-05,1.15187446105515e-12,-153412.178954531,9.6596934063087,9.65967534978855,29.7234820028898,3.07656514574505e-13,233.877440374052,-1.55561858403738e-08,1.50698884522237e-15,-94239.9331172343,68.0598007975024,68.0597839869464,0.110944112759715,2.32484634550372e-06,1438.52914212403,-0.0175506949746815,1.616252923523e-09,-249738.062743175,"No MPA"
"5471","Sphoeroides","MT_60",2028,32.0212419447609,32.0212234009743,2.8062882744973,1.11687931587753e-10,679.563139561103,-1.73750748323267e-06,1.65034308868516e-13,-153412.17894413,11.0660806524425,11.0660630792275,25.5467804072119,3.16504653125636e-14,259.424203208049,-1.39661279855574e-09,1.35329715295833e-16,-94239.9331172201,68.0650492932267,68.065045658508,0.0238721712824326,5.26933630904033e-07,1438.55301013366,-0.00396875066121069,3.66300318273639e-10,-249738.049161231,"No MPA"
"5472","Sphoeroides","MT_60",2029,32.1540226316098,32.154013678046,1.25973775261067,1.60818981320989e-11,680.822868360134,-2.48940015207677e-07,2.36650689588767e-14,-153412.178942642,12.2748442573361,12.2748286448628,20.22965436381,3.15334303628631e-15,279.653841959385,-1.25411906151464e-10,1.21551905380442e-17,-94239.9331172188,68.0661786254066,68.0661778670985,0.00513492417875333,1.19661109702086e-07,1438.55814417987,-0.000899459852356644,8.31815796235305e-11,-249738.04609194,"No MPA"
"5473","Sphoeroides","MT_60",2030,32.2136276130393,32.2136234130345,0.561309265112362,2.31220068352133e-12,681.384173425239,-3.56966754599396e-08,3.39618631847853e-15,-153412.178942429,13.2320242813437,13.2320115525938,14.8863338439544,3.05375941314193e-16,294.54016307459,-1.12639634668338e-11,1.09198019528512e-18,-94239.9331172187,68.0664215465252,68.0664213924917,0.00110443175244351,2.72215817513532e-08,1438.55924843037,-0.000204254507668615,1.89228234835671e-11,-249738.045396735,"No MPA"
"5474","Sphoeroides","MT_60",2031,32.2401861691409,32.2401842381328,0.24927103751709,3.32355920593857e-13,681.633442531748,-5.12284590258808e-09,4.87765890336032e-16,-153412.178942398,13.9363813574924,13.9363717289198,10.3148622800895,2.88998161681173e-17,304.855015726107,-1.01188777242484e-12,9.81185328623809e-20,-94239.9331172187,68.0664737949381,68.0664737642931,0.000237534107589678,6.20241033334678e-09,1438.55948592763,-4.64654796177475e-05,4.31154319392415e-12,-249738.045238946,"No MPA"
"5475","Sphoeroides","MT_60",2032,32.2519805176355,32.251979642958,0.110533368666806,4.77864378974557e-14,681.743975025737,-7.35751432924953e-10,7.01057740656219e-17,-153412.178942394,14.4244360889671,14.4244292351765,6.82924918178503,2.688206110002e-18,311.684258054101,-9.09202042210001e-14,8.81798855535709e-21,-94239.9331172187,68.0664850322931,68.0664850262968,5.10854637883811e-05,1.41522402102208e-09,1438.55953700568,-1.05871051723656e-05,9.83778588927911e-13,-249738.045203068,"No MPA"
"5476","Sphoeroides","MT_60",2033,32.2572104427246,32.2572100511275,0.0489809336016848,6.87426804454283e-15,681.792955567742,-1.05748310371854e-10,1.00833574298253e-17,-153412.178942393,14.7475666409169,14.7475619842422,4.37826930037687,2.47049403694089e-19,316.062522697803,-8.17096667341177e-15,7.9262749703966e-22,-94239.9331172187,68.0664874490882,68.0664874479307,1.09863255466763e-05,3.23330566938612e-10,1438.55954799053,-2.41569362027002e-06,2.24759948147192e-13,-249738.045194896,"No MPA"
"5477","Sphoeroides","MT_60",2034,32.2595279925805,32.2595278189246,0.0216986644583428,9.89475306698688e-16,681.814654058544,-1.52098451205864e-11,1.45128415651531e-18,-153412.178942393,14.9547274067755,14.9547243495909,2.74690397840287,2.25227630319209e-20,318.809423619021,-7.34462369779153e-16,7.12604863093101e-23,-94239.9331172187,68.0664879688441,68.0664879686232,2.36260532263532e-06,7.39558333968923e-11,1438.55955035284,-5.51903831756101e-07,5.14096434175593e-14,-249738.045193032,"No MPA"
"5478","Sphoeroides","MT_60",2035,32.2605546724042,32.2605545960103,0.00961130448558818,1.42511289669385e-16,681.824265286636,-2.18913263593756e-12,2.09017640316928e-19,-153412.178942393,15.0846990153661,15.0846970574611,1.69945028724416,2.0428594357326e-21,320.50887194836,-6.60308678786223e-17,6.40777721810288e-24,-94239.9331172187,68.0664880806185,68.0664880805768,5.08058965578663e-07,1.69338746498033e-11,1438.55955086084,-1.26237701268542e-07,1.1771410259422e-14,-249738.045192607,"No MPA"
"5479","Sphoeroides","MT_60",2036,32.2610094346295,32.2610094012527,0.00425702846937422,2.05379333062173e-17,681.828522281728,-3.15284454819232e-13,3.01220334602361e-20,-153412.178942393,15.1651096451688,15.16510841357,1.04216929980539,1.84707252803461e-22,321.551040016567,-5.93750887526604e-18,5.7629378250137e-25,-94239.9331172187,68.0664881046549,68.0664881046471,1.09250212144105e-07,3.88113325981575e-12,1438.55955097008,-2.89050005612468e-08,2.69793020212037e-15,-249738.045192509,"No MPA"
"5480","Sphoeroides","MT_60",2037,32.2612108574386,32.2612108429431,0.00188546989962185,2.9615545028983e-18,681.830407737132,-4.54363988032346e-14,4.34354739892063e-21,-153412.178942393,15.2144205828879,15.2144198182954,0.635603571922934,1.66689099270744e-23,322.186642823898,-5.33998417978243e-19,5.18390823431303e-26,-94239.9331172187,68.0664881098236,68.0664881098222,2.34918268196142e-08,8.9031609806809e-13,1438.55955099357,-6.62483698111459e-09,6.18894155245595e-16,-249738.045192487,"No MPA"
"5481","Sphoeroides","MT_60",2038,32.261300069128,32.2613000628656,0.000835079164594448,4.27295810012285e-19,681.831242810034,-6.55185353852698e-15,6.26689284102535e-22,-153412.178942393,15.2444945905288,15.2444941205354,0.386340613303322,1.50263661163755e-24,322.572982967207,-4.80344513128451e-20,4.66387012923731e-27,-94239.9331172187,68.066488110935,68.0664881109348,5.0513836685485e-09,2.04400908403951e-13,1438.55955099862,-1.51971051135582e-09,1.42087206791529e-16,-249738.045192482,"No MPA"
"5482","Sphoeroides","MT_60",2039,32.2613395812078,32.2613395785148,0.000369856631373454,6.16840976583416e-20,681.831612663973,-9.45304844984231e-16,9.04682768854849e-23,-153412.178942393,15.2627745545061,15.2627742678102,0.234347449842941,1.35374939829413e-25,322.807330130355,-4.32157116840942e-21,4.19672289602356e-28,-94239.9331172187,68.066488111174,68.066488111174,1.0860882947517e-09,4.69620963587443e-14,1438.5595509997,-3.4889878965586e-10,3.26452223171048e-17,-249738.045192481,"No MPA"
"5483","Sphoeroides","MT_60",2040,32.2613570811151,32.2613570799618,0.000163809123703453,8.9092921953154e-21,681.831776471943,-1.36463320179715e-16,1.30667044914797e-23,-153412.178942393,15.2738628604321,15.273862686618,0.141973116627698,1.21924547825195e-26,322.949303073168,-3.88870795254239e-22,3.77700683171054e-29,-94239.9331172187,68.0664881112254,68.0664881112254,2.33530874575084e-10,1.07972817345589e-14,1438.55955099994,-8.01611827811888e-11,7.50562027623782e-18,-249738.045192481,"No MPA"
"5484","Sphoeroides","MT_60",2041,32.2613648318079,32.2613648313159,7.25507998973862e-05,1.28744459545416e-21,681.831849022251,-1.97099573446861e-17,1.88821442458168e-24,-153412.178942393,15.2805804131517,15.2805803083062,0.0859452448068212,1.09797424318999e-27,323.03524821313,-3.49979568257555e-23,3.39983470926012e-30,-94239.9331172187,68.0664881112365,68.0664881112365,5.01517223970167e-11,2.48406287217465e-15,1438.55955099999,-1.84302435745537e-11,1.72677097061987e-18,-249738.04519248,"No MPA"
"5485","Sphoeroides","MT_60",2042,32.2613682645784,32.2613682643691,3.21326092426332e-05,1.86131359626632e-22,681.831881154651,-2.84820291053818e-18,2.72987188695589e-25,-153412.178942393,15.2846469697592,15.2846469067863,0.0520040913650659,9.88756224934386e-29,323.087252241522,-3.15030538424163e-24,3.06083077276227e-31,-94239.9331172187,68.0664881112388,68.0664881112388,1.0782941807483e-11,5.71838057843276e-16,1438.559551,-4.24013051749333e-12,3.97507393729912e-19,-249738.04519248,"No MPA"
"5486","Sphoeroides","MT_60",2043,32.2613697849462,32.2613697848575,1.42314630214762e-05,2.69219734056209e-23,681.831895386026,-4.11776806298315e-19,3.94847676528296e-26,-153412.178942393,15.2871075780655,15.2871075403823,0.0314580665937445,8.90453130297341e-30,323.118710270432,-2.83618221680236e-25,2.7560763413589e-32,-94239.9331172187,68.0664881112394,68.0664881112394,2.25689479691506e-12,1.31713074731879e-16,1438.559551,-9.76089626106225e-13,9.15590005574116e-20,-249738.04519248,"No MPA"
"5487","Sphoeroides","MT_60",2044,32.261370458314,32.2613704582765,6.30308140841488e-06,3.89566551848976e-24,681.831901689069,-5.95592474467446e-20,5.71352784294113e-27,-153412.178942393,15.2885960375105,15.2885960150343,0.019026251300153,8.02000443052757e-31,323.137736499256,-2.55379497792933e-26,2.48206129354331e-33,-94239.9331172187,68.0664881112395,68.0664881112395,5.01532177092237e-13,3.03539172850424e-17,1438.559551,-2.24825480055011e-13,2.11002160209094e-20,-249738.04519248,"No MPA"
"5488","Sphoeroides","MT_60",2045,32.261370756547,32.2613707565312,2.7916187776456e-06,5.63943190367419e-25,681.831904480672,-8.61834674023569e-21,8.27100035904158e-28,-153412.178942393,15.2894962773213,15.2894962639544,0.0115061511716493,7.22419902559965e-32,323.149242637061,-2.29989109869241e-27,2.23564078545998e-34,-94239.9331172187,68.0664881112395,68.0664881112395,0,6.99868889947881e-18,1438.559551,-5.18121229729977e-14,4.86506720880185e-21,-249738.04519248,"No MPA"
"5489","Sphoeroides","MT_60",2046,32.2613708886338,32.2613708886271,1.2364004197351e-06,8.16694958758331e-26,681.831905717066,-1.24760657411914e-21,1.19779516533551e-28,-153412.178942393,15.2900406985735,15.2900406906448,0.00695793060087704,6.50821485161606e-33,323.156200559733,-2.07155651113185e-28,2.01399662922698e-35,-94239.9331172187,68.0664881112395,68.0664881112395,0,1.61444023210317e-18,1438.559551,-1.19462976229509e-14,1.12226166166073e-21,-249738.04519248,"No MPA"
"5490","Sphoeroides","MT_60",2047,32.2613709471346,32.2613709471318,5.4759820652101e-07,1.18317096694038e-26,681.831906264662,-1.80676708723086e-22,1.73528248974524e-29,-153412.178942393,15.2903699177292,15.2903699130375,0.00420740075998823,5.86400153146997e-34,323.160407955802,-1.86617984627839e-29,1.8146028213546e-36,-94239.9331172187,68.0664881112395,68.0664881112395,0,3.72579438616313e-19,1438.559551,-2.7557423660604e-15,2.58994796814159e-22,-249738.04519248,"No MPA"
"5491","Sphoeroides","MT_60",2048,32.2613709730445,32.2613709730433,2.42529590549943e-07,1.7147109261508e-27,681.83190650719,-2.61751873797222e-23,2.51485873628985e-30,-153412.178942393,15.2905689937245,15.2905689909544,0.00254412152460211,5.28430208270931e-35,323.162952074556,-1.68142048447075e-30,1.63519476806843e-37,-94239.9331172187,68.0664881112395,68.0664881112395,0,8.60194405327822e-20,1438.559551,-6.35968382911533e-16,5.9795536773564e-23,-249738.04519248,"No MPA"
"5492","Sphoeroides","MT_60",2049,32.2613709845199,32.2613709845194,1.07415585945659e-07,2.48589708895534e-28,681.831906614605,-3.79343991799101e-24,3.64590900664921e-31,-153412.178942393,15.2906893705479,15.2906893689155,0.00153835257925375,4.76258752149472e-36,323.164490425503,-1.51518003494939e-31,1.47374180463952e-38,-94239.9331172187,68.0664881112395,68.0664881112395,0,1.98675874574873e-20,1438.559551,-1.46829478024215e-16,1.38107507914264e-23,-249738.04519248,"No MPA"
"5493","Sphoeroides","MT_60",2050,32.2613709896023,32.2613709896021,4.75740024440115e-08,3.60510226668246e-29,681.831906662179,-5.49952828904769e-25,5.28737689114952e-32,-153412.178942393,15.2907621587382,15.2907621577782,0.000930187118016576,4.29299028880938e-37,323.165420611661,-1.36557686971271e-32,1.32842265043692e-39,-94239.9331172187,68.0664881112395,68.0664881112395,0,4.59044837640214e-21,1438.559551,-3.39126536735794e-17,3.19100337084491e-24,-249738.04519248,"No MPA"
"5494","Sphoeroides","MT_60",2051,32.2613709918533,32.2613709918532,2.10703662099812e-08,5.22983489599354e-30,681.831906683249,-7.97553606924957e-26,7.67027011334148e-33,-153412.178942393,15.2908061711707,15.290806170607,0.000562448263505236,3.87024032656849e-38,323.165983059361,-1.23092337872773e-33,1.19760348100718e-40,-94239.9331172187,68.0664881112395,68.0664881112395,0,1.0610059350495e-21,1438.559551,-7.83559082492944e-18,7.37547454543643e-25,-249738.04519248,"No MPA"
"5495","Sphoeroides","MT_60",2052,32.2613709928503,32.2613709928502,9.33198276943346e-09,7.58906679354847e-31,681.831906692581,-1.15699177889589e-26,1.11304072443093e-33,-153412.178942393,15.2908327837914,15.2908327834609,0.000340089731927975,3.4896055330883e-39,323.166323148762,-1.10970565068986e-34,1.07981833363091e-41,-94239.9331172187,68.0664881112395,68.0664881112395,0,2.45315547811319e-22,1438.559551,-1.81106673862336e-18,1.70528601086268e-25,-249738.04519248,"No MPA"
"5496","Sphoeroides","MT_60",2053,32.2613709932918,32.2613709932918,4.13307822108786e-09,1.10157266829163e-31,681.831906696714,-1.67892257862336e-27,1.61560739161521e-34,-153412.178942393,15.290848875368,15.2908488751745,0.000205638135548047,3.14683722295772e-40,323.166528786704,-1.00056531632016e-35,9.73751594015052e-43,-94239.9331172187,68.0664881112395,68.0664881112395,0,5.67373708112839e-23,1438.559551,-4.18737364638326e-19,3.94404046546724e-26,-249738.04519248,"No MPA"
"5497","Sphoeroides","MT_60",2054,32.2613709934874,32.2613709934874,1.83053331256559e-09,1.59939958792712e-32,681.831906698545,-2.43699953508924e-28,2.34573884298809e-35,-153412.178942393,15.2908586052763,15.2908586051632,0.000124340699746502,2.83812064958175e-41,323.166653127291,-9.0228332023105e-37,8.78222339500646e-44,-94239.9331172187,68.0664881112395,68.0664881112395,0,1.31263195962985e-23,1438.559551,-9.68469277303924e-20,9.12462719195314e-27,-249738.04519248,"No MPA"
"5498","Sphoeroides","MT_60",2055,32.261370993574,32.261370993574,8.10735743367028e-10,2.32281602824281e-33,681.831906699355,-3.5383376552193e-29,3.40672826458059e-36,-153412.178942393,15.2908644885413,15.2908644884753,7.51835204809728e-05,2.56003037094507e-42,323.166728310745,-8.1376541314547e-38,7.92170338795068e-45,-94239.9331172187,68.0664881112395,68.0664881112395,0,3.03766268187341e-24,1438.559551,-2.24057566843744e-20,2.11160023216405e-27,-249738.04519248,"No MPA"
"5499","Sphoeroides","MT_60",2056,32.2613709936124,32.2613709936124,3.59095619880895e-10,3.37428592388501e-34,681.831906699715,-5.13874548980497e-30,4.94885306881488e-37,-153412.178942393,15.2908680459009,15.2908680458625,4.5460250468401e-05,2.30949011538551e-43,323.166773770957,-7.34029179112728e-39,7.14643530124765e-46,-94239.9331172187,68.0664881112395,68.0664881112395,0,7.03157261340169e-25,1438.559551,-5.18508866403441e-21,4.88792598715414e-28,-249738.04519248,"No MPA"
"5500","Sphoeroides","MT_60",2057,32.2613709936293,32.2613709936293,1.59035751875508e-10,4.90290704779057e-35,681.831906699874,-7.46490310116084e-31,7.19078558749504e-38,-153412.178942393,15.2908701968838,15.2908701968614,2.7487856552566e-05,2.08373676117782e-44,323.166801258792,-6.62192432665166e-40,6.44786819159894e-47,-94239.9331172187,68.0664881112395,68.0664881112395,0,1.62807956105449e-25,1438.559551,-1.20024279409452e-21,1.13174290207364e-28,-249738.04519248,"No MPA"
"5501","Sphoeroides","MT_60",2058,32.2613709936369,32.2613709936369,7.04321594118345e-11,7.12567281620181e-36,681.831906699944,-1.08466581823026e-31,1.045077642478e-38,-153412.178942393,15.2908714974906,15.2908714974776,1.6620720808655e-05,1.88028804200259e-45,323.166817879499,-5.97462838897906e-41,5.81832055359446e-48,-94239.9331172187,68.0664881112395,68.0664881112395,0,3.77053721266715e-26,1438.559551,-2.77902379567816e-22,2.6210504876535e-29,-249738.04519248,"No MPA"
"5502","Sphoeroides","MT_60",2059,32.2613709936402,32.2613709936402,3.12073576502392e-11,1.0358443176298e-36,681.831906699975,-1.5764063361364e-32,1.51920775113514e-39,-153412.178942393,15.2908722839115,15.2908722839039,1.00498316214536e-05,1.69691360871603e-46,323.166827929323,-5.39128625487676e-42,5.25089060767737e-49,-94239.9331172187,68.0664881112395,68.0664881112395,0,8.73433405817989e-27,1438.559551,-6.43605686549203e-23,6.07158323901732e-30,-249738.04519248,"No MPA"
"5503","Sphoeroides","MT_60",2060,32.2613709936417,32.2613709936417,1.38324504179445e-11,1.50610643526421e-37,681.831906699989,-2.29158928241773e-33,2.20891164004582e-40,-153412.178942393,15.2908727594262,15.2908727594218,6.07669843816361e-06,1.53160910497312e-47,323.166834006017,-4.86550269923181e-43,4.7393759897544e-50,-94239.9331172187,68.0664881112395,68.0664881112395,0,2.0237185687901e-27,1438.559551,-1.49089287573654e-23,1.40676732317639e-30,-249738.04519248,"No MPA"
"5504","Sphoeroides","MT_60",2061,32.2613709936423,32.2613709936423,6.11495521524998e-12,2.1903109991619e-38,681.831906699995,-3.33194603328909e-34,3.21239146722075e-41,-153412.178942393,15.2908730469494,15.2908730469468,3.67431648400134e-06,1.38257294429606e-48,323.166837680331,-4.39153057899391e-44,4.27820184131403e-51,-94239.9331172187,68.0664881112395,68.0664881112395,0,4.6898531390264e-28,1438.559551,-3.45435333318776e-24,3.26010357775339e-31,-249738.04519248,"No MPA"
"5505","Sphoeroides","MT_60",2062,32.2613709936426,32.2613709936426,2.74118682062932e-12,3.18596807634222e-39,681.831906699998,-4.8456057782175e-35,4.67265911881715e-42,-153412.178942393,15.2908732208022,15.2908732208007,2.22170002790364e-06,1.24818550612236e-49,323.16683990203,-3.96420420108627e-45,3.86235640724094e-52,-94239.9331172187,68.0664881112395,68.0664881112395,0,1.08705741825386e-28,1438.559551,-8.00526815971377e-25,7.55656877393921e-32,-249738.04519248,"No MPA"
"5506","Sphoeroides","MT_60",2063,32.2613709936428,32.2613709936428,1.22299104305001e-12,4.63510232870982e-40,681.831906699999,-7.04828918169492e-36,6.79801323927957e-43,-153412.178942393,15.2908733259235,15.2908733259226,1.34336573619761e-06,1.12699049676815e-50,323.166841245395,-3.57887964699481e-46,3.48733334493673e-53,-94239.9331172187,68.0664881112395,68.0664881112395,0,2.52014414515339e-29,1438.559551,-1.8555348920659e-25,1.75185249953784e-32,-249738.04519248,"No MPA"
"5507","Sphoeroides","MT_60",2064,32.2613709936428,32.2613709936428,5.06065259193109e-13,6.7446036215227e-41,681.831906699999,-1.02541961553494e-36,9.89188618961223e-44,-153412.178942393,15.2908733894858,15.2908733894853,8.12275028925813e-07,1.01767824748116e-51,323.166842057669,-3.23138131609278e-47,3.14908003419945e-54,-94239.9331172187,68.0664881112395,68.0664881112395,0,5.84350881181284e-30,1438.559551,-4.3017188566535e-26,4.06205555254962e-33,-249738.04519248,"No MPA"
"5508","Sphoeroides","MT_60",2065,32.2613709936428,32.2613709936428,2.53032629596555e-13,9.8158931937998e-42,681.8319067,-1.49210273302476e-37,1.43963535548047e-44,-153412.178942393,15.2908734279191,15.2908734279188,4.91147486030746e-07,9.19070745642992e-53,323.166842548817,-2.91795402930211e-48,2.84395125375824e-55,-94239.9331172187,68.0664881112395,68.0664881112395,0,1.35516890364714e-30,1438.559551,-9.97448185380136e-27,9.42031841994382e-34,-249738.04519248,"No MPA"
"5509","Squatina","MT",2015,396.93452144048,396.93452144048,26.9343682927874,5.18805322140425,513.708815971383,-47789.1804414095,0.0105456273840246,-440303.914919143,47.5789854729895,47.5789854729895,2.24118411126434,0.167546310486794,61.0432547507776,-12206.5500093272,0.0028412311144713,-180488.544519481,666.279585622835,666.279585622835,74.8421563276744,135.575483210779,765.056705316895,-929961.660000592,0.164176701006659,-1845495.22120853,"No MPA"
"5510","Squatina","MT",2016,414.480296067941,414.479142356465,27.9594206841592,2.00527760846896,539.661805335598,-17612.4376673296,0.00390387292971916,-410127.172145063,49.252077276911,49.2520675868597,2.31636561065303,0.0289159516172969,63.330694719762,-2034.48998880338,0.000473696878522376,-170316.484498957,617.277570229931,617.140197318622,69.6806819701692,91.794085550515,742.805928825241,-639577.491836056,0.123362647442823,-1555111.053044,"No MPA"
"5511","Squatina","MT",2017,435.420179482609,435.369736553555,29.164420937306,0.783106846379059,567.992676497471,-6519.90284150012,0.00145128197828219,-399034.637319233,51.0976730037227,51.0972531242524,2.39901272152555,0.00500308263535407,65.7242844791819,-339.19472710056,7.89994392327893e-05,-168621.189237254,599.324776465698,593.286144782448,67.7669902654398,69.31311214654,735.22117526089,-480580.452452203,0.0979566534477896,-1396114.01366015,"No MPA"
"5512","Squatina","MT",2018,458.278630616704,458.187517891117,30.4570397337534,0.307632988045268,598.050970517592,-2423.79290276451,0.00054166847236171,-394938.527380498,53.0289145189644,53.0283190267772,2.48517392040127,0.000866165970540589,68.2079967414254,-56.5681704140318,1.31787899595443e-05,-168338.562680568,593.205101651456,580.861364138583,67.1135219670502,55.7331887500203,734.257770965047,-381607.309126561,0.080284366752308,-1297140.8703345,"No MPA"
"5513","Squatina","MT",2019,482.530833844322,482.448573026045,31.8024673487723,0.121349620436909,629.64982742765,-904.63922483754,0.000202921731012495,-393419.373702571,55.032870382279,55.0325065763784,2.57423196672825,0.000149999136052574,70.781714903117,-9.43676626229787,2.19914351897489e-06,-168291.431276416,592.427789513997,579.060105413872,67.0330699445747,46.3764962141409,741.546660595356,-312761.869703178,0.0669866003342251,-1228295.43091112,"No MPA"
"5514","Squatina","MT",2020,508.026023259601,507.967603150946,33.187982053538,0.0480291620177528,662.731360210515,-338.897581083361,7.62819959550097e-05,-392853.632058817,57.1094465135183,57.1092613160928,2.66614420512338,2.59822992749747e-05,73.4476479285156,-1.57471061784105,3.67076461820139e-07,-168283.569220771,598.30874977407,586.225344560157,67.6615533026616,39.5851701256809,757.539638558423,-260957.987474345,0.0564833302228795,-1176491.54868229,"No MPA"
"5515","Squatina","MT",2021,534.717493360802,534.680819763305,34.6068018834152,0.0190646342085096,697.282423862225,-127.397211434275,2.87673164236237e-05,-392642.131689168,59.2604251911473,59.260335920044,2.76094917786408,4.50153555126167e-06,76.2085033337408,-0.262847120571495,6.12890377561292e-08,-168282.257357274,611.212507768968,601.508093515221,69.0325702634286,34.4561954820903,782.411599086015,-220040.487324109,0.0479513099397279,-1135574.04853205,"No MPA"
"5516","Squatina","MT",2022,562.59463824636,562.573113535562,36.0540223786699,0.00758669374860582,733.307334836348,-48.0435507473224,1.08804771889021e-05,-392562.778028481,61.487990944705,61.4879471161328,2.85870024947943,7.80071001228993e-07,79.067158974577,-0.0438863008524914,1.02360100623005e-08,-168282.038396455,631.280174981906,624.177813394147,71.1539489248974,30.4782926565639,815.98489376659,-186802.310662063,0.0409069732666665,-1102335.87187001,"No MPA"
"5517","Squatina","MT",2023,591.660940599263,591.648764496841,37.5253035057374,0.00302582107443591,770.817436418589,-18.1711106141026,4.12628419017082e-06,-392532.905588347,63.7944657404112,63.7944433018509,2.959453539186,1.35205596760611e-07,82.026589939997,-0.00732953368697709,1.71000955118046e-09,-168282.001839687,658.368417750074,653.707692087323,74.0005334050526,27.3238336450428,858.000867863849,-159359.664751117,0.0350324439766504,-1074893.22595906,"No MPA"
"5518","Squatina","MT",2024,621.925552624554,621.918787492096,39.0163694345962,0.00120914954838902,809.825831571179,-6.89112862592022,1.56866193068586e-06,-392521.625606359,66.1822499960123,66.1822379853058,3.06326506870211,2.34390074440701e-08,85.0898429745537,-0.00122445724854017,2.85748895249314e-10,-168281.995734611,692.268543350381,689.741916020238,77.53739048828,24.7722551781963,908.239375843789,-136474.220573628,0.0301000120291375,-1052007.78178157,"No MPA"
"5519","Squatina","MT",2025,653.39904630289,653.395309065398,40.5227657117292,0.000484007739793928,850.344376037676,-2.61973990928875,5.97669458994053e-07,-392517.354217643,68.6538019437694,68.6537952792022,3.17018962257465,4.06410320381723e-09,88.2600259284971,-0.000204611048259675,4.7762495055757e-11,-168281.994714765,732.802929785161,732.07456727851,81.7301100666761,22.6698866752508,966.571236728563,-117258.900813295,0.0259371332646566,-1032792.46202124,"No MPA"
"5520","Squatina","MT",2026,686.090987310286,686.088918244773,42.0397329226087,0.000194025141402585,892.381845869631,-0.998130643713753,2.28172515468293e-07,-392515.732608377,71.2116291184021,71.2116253225676,3.28028014322684,7.04803619949204e-10,91.5403022751846,-3.42003803626642e-05,7.98553606300008e-12,-168281.994544354,779.86734880627,780.622081271209,86.5492302214364,20.9073641473079,1032.96783526763,-101041.532490548,0.0224086011982553,-1016575.09369849,"No MPA"
"5521","Squatina","MT",2027,720.008456507206,720.007302957881,43.5621433974343,7.78758509887688e-05,935.942757841888,-0.38105447651144,8.72674225186318e-08,-392515.11553221,73.858283933521,73.8582817321693,3.3935873006203,1.22249273878608e-10,94.933887374331,-5.71804271459618e-06,1.33546941446802e-12,-168281.994515872,833.438712514207,835.398607591444,91.9708282356683,19.4055363343956,1107.49302224614,-87295.3956596642,0.0194063716581411,-1002828.95686761,"No MPA"
"5522","Squatina","MT",2028,755.155098203651,755.154448951458,45.0844753048801,3.1289582271776e-05,981.026552604993,-0.145738134274777,3.34310876745074e-08,-392514.880215868,76.5963606666723,76.5963593738987,3.51015911685043,2.1207820483013e-11,98.4440451983865,-9.56261419612268e-07,2.23395681664618e-13,-168281.99451111,893.568538211206,896.495252788146,97.9754682865681,18.1062784454067,1190.28892666424,-75599.584540105,0.0168430758098482,-991133.145748048,"No MPA"
"5523","Squatina","MT",2029,791.530461094676,791.530091912196,46.6008102216698,1.25825604312786e-05,1027.62698106162,-0.0558301491130587,1.28259125630969e-08,-392514.790307882,79.428492818052,79.4284920520251,3.6300405999177,3.67971469282966e-12,102.074085032274,-1.59961993935793e-07,3.73787432791545e-14,-168281.994510314,960.371501114493,964.063181954094,104.546543706427,16.9663352110044,1281.56081599926,-65613.7370203927,0.014647506290305,-981147.298228336,"No MPA"
"5524","Squatina","MT",2030,829.129503164985,829.129291157802,48.1048467682513,5.06334434133885e-06,1075.73161075935,-0.0214192217833461,4.92722018140509e-09,-392514.755896955,82.3573504477247,82.3573499908013,3.75327336960451,6.38553558842652e-13,105.827357944954,-2.67649265239649e-08,6.25578528223776e-15,-168281.99451018,1034.01321902569,1038.29979189777,111.66848691502,15.953119060028,1381.56275672633,-57060.4505044813,0.0127612861993041,-972594.011712424,"No MPA"
"5525","Squatina","MT",2031,867.942193427365,867.942070606369,49.5899265406031,2.03862966700444e-06,1125.32141244032,-0.00822838154866521,1.89510994775265e-09,-392514.742706115,85.3856373287469,85.3856370548103,3.87989526886626,1.10826151337269e-13,109.707252939884,-4.47942732855917e-09,1.04723536039636e-15,-168281.994510158,1114.69868267994,1119.43709421591,119.325022613505,15.0417995809945,1490.58439129482,-49712.305622458,0.0111363221349104,-965245.866830401,"No MPA"
"5526","Squatina","MT",2032,907.953178334868,907.953106655262,51.0490704984647,8.21128077528483e-07,1176.37041043805,-0.00316478207799681,7.29683155435508e-10,-392514.737642515,88.5160878412031,88.5160876763105,4.00993995816694,1.92373624713324e-14,113.717192733158,-7.49866992285906e-10,1.75351783549577e-16,-168281.994510154,1202.66158689506,1207.73155096048,127.497513904443,14.2132600248983,1608.93860923978,-43381.9442181294,0.00973281643778887,-958915.505426072,"No MPA"
"5527","Squatina","MT",2033,949.141499707281,949.141457627261,52.4750248963271,3.30826259941585e-07,1228.84539292354,-0.00121854221007696,2.8122626790292e-10,-392514.735696276,91.7514635658501,91.751463466272,4.14343649182518,3.33967131196841e-15,117.860629125405,-1.25559443048249e-10,2.93682180477772e-17,-168281.994510154,1298.15438314377,1303.45476099568,136.163405856539,13.4526440995763,1736.94974884866,-37914.3257689002,0.00851769727300257,-953447.886976843,"No MPA"
"5528","Squatina","MT",2034,991.480360946434,991.480336131979,53.860316207712,1.33307793431275e-07,1282.70568418349,-0.000469633328771103,1.08482152629362e-10,-392514.734947367,95.0945495499787,95.0945494896828,4.28040887620606,5.79846936791894e-16,122.141037941315,-2.10288739579733e-11,4.91976787409592e-18,-168281.994510154,1401.43876019841,1406.88454238419,145.294762434224,12.7483099034964,1874.94198356517,-33180.6115261011,0.00746336952344136,-948714.172734044,"No MPA"
"5529","Squatina","MT",2035,1034.93694330139,1034.93692862087,55.1973145528519,5.37195449568561e-08,1337.9029840021,-0.000181158203674629,4.18798681770866e-11,-392514.734658891,98.5481502244299,98.5481501878384,4.42087561003844,1.00686427140611e-16,126.561913514762,-3.52275335891905e-12,8.2434559946173e-19,-168281.994510154,1512.77627382901,1518.2960815843,154.856899198204,12.0910682287746,2023.22762228989,-29073.298410594,0.00654671583057311,-944606.859618537,"No MPA"
"5530","Squatina","MT",2036,1079.4722762754,1079.47226757128,56.4783050371231,2.16465859760057e-08,1394.38128031345,-6.99361337154388e-05,1.61794885249013e-11,-392514.734547669,102.115084953975,102.115084931727,4.56484920745879,1.74852904959709e-17,131.126762699973,-5.90263769082486e-13,1.38156021905686e-19,-168281.994510154,1632.41890702974,1637.95292497568,164.807126226755,11.4736219050028,2182.09514455758,-25502.3273883651,0.0057482944349986,-941035.888596308,"No MPA"
"5531","Squatina","MT",2037,1125.04116715043,1125.04116198304,57.695566219864,8.7214732594319e-09,1452.0768413572,-2.70182754617176e-05,6.25472629526845e-12,-392514.734504752,105.798183205295,105.798183191747,4.71233570465936,3.03679538307167e-18,135.839098391085,-9.89249348267015e-14,2.31592340155615e-20,-168281.994510154,1760.5994163336,1766.09767781014,175.093629142687,10.8901489126471,2351.79688626416,-22391.9585075493,0.00505169271108094,-937925.519715492,"No MPA"
"5532","Squatina","MT",2038,1171.59219465811,1171.59219158863,58.8414547041205,3.51317952957308e-09,1510.91829298833,-1.0444739073678e-05,2.41941709249866e-12,-392514.734488178,109.600279318304,109.600279310043,4.86333415128421,5.27467039600512e-19,140.702432534107,-1.65828536313385e-14,3.88302812553953e-21,-168281.994510154,1897.52139617696,1902.94235579122,185.654529027932,10.335989405718,2532.53638550064,-19678.2524659459,0.00444300435818012,-935211.813673889,"No MPA"
"5533","Squatina","MT",2039,1219.06777135621,1219.06776953294,59.9084945944363,1.41478643360509e-09,1570.82678575808,-4.04013993356072e-06,9.36375209814533e-13,-392514.734481773,113.524206867933,113.52420686289,5.01783608798592,9.16238562031613e-20,145.72026861705,-2.78038353175443e-15,6.51188856887396e-22,-168281.994510154,2043.34906902515,2048.6584095235,196.417173229003,9.80740855228896,2724.4554906757,-17307.0339035865,0.0039104051136283,-932840.595111529,"No MPA"
"5534","Squatina","MT",2040,1267.40427843608,1267.40427735361,60.8894703314059,5.69553492749215e-10,1631.71625500645,-1.56362239686856e-06,3.62581984158781e-13,-392514.734479297,117.572792604866,117.572792601784,5.17582501183562,1.5916645434179e-20,150.896093625804,-4.66272924709039e-16,1.0922739564808e-22,-168281.994510154,2198.19688370327,2203.3665147619,207.29771763729,9.3014151504976,2927.62142422113,-15232.2385042995,0.00344380718682127,-930765.799712242,"No MPA"
"5535","Squatina","MT",2041,1316.53227557539,1316.53227493331,61.7775211941312,2.29196009894704e-10,1693.49377555827,-6.05458593980992e-07,1.40463152948066e-13,-392514.734478339,121.748849965236,121.748849963351,5.33727583157276,2.76516159003653e-21,156.233369455492,-7.82102822165519e-17,1.83249381981594e-23,-168281.994510154,2362.11907788948,2367.1262927449,218.201065948052,8.81562154841649,3142.01408347618,-13414.5667701281,0.0030345767706841,-928948.127978071,"No MPA"
"5536","Squatina","MT",2042,1366.3767871208,1366.37678674041,62.5662355789073,9.21906428685319e-11,1756.0600107567,-2.34550755665345e-07,5.44381350549447e-14,-392514.734477968,126.055172140966,126.055172139812,5.50215431498884,4.80409647371106e-22,161.735523769327,-1.31212073841192e-17,3.07494902686565e-24,-168281.994510154,2535.09943197353,2539.92619427998,229.021231555902,8.34813429859495,3367.51394303994,-11820.3835259857,0.00267530224172835,-927353.944733929,"No MPA"
"5537","Squatina","MT",2043,1416.8576643856,1416.85766416058,63.2497430269038,3.70641968441273e-11,1819.30975355854,-9.09020779257613e-08,2.1106452294964e-14,-392514.734477824,130.494524704339,130.494524703633,5.67041653106253,8.34682601797388e-23,167.405940299684,-2.20175087716929e-18,5.16078708217399e-25,-168281.994510154,2717.04150820309,2721.67384649849,239.642182024947,7.89746774626609,3603.89099561402,-10420.8148920067,0.00235960321625801,-925954.37609995,"No MPA"
"5538","Squatina","MT",2044,1467.8900222266,1467.89002209372,63.8228018960993,1.48933766329451e-11,1883.13255532174,-3.52437343369864e-08,8.18627867179538e-15,-392514.734477769,135.069637782526,135.069637782093,5.84200828979905,1.45025916674505e-23,173.24794858905,-3.69526121465533e-19,8.6631284657453e-26,-168281.994510154,2907.75972772462,2912.18721876976,249.939213524665,7.46247474038486,3850.79522544344,-9191.00441960507,0.0020819726421822,-924724.565627548,"No MPA"
"5539","Squatina","MT",2045,1519.38474637432,1519.38474629599,64.2808805619115,5.9811880758077e-12,1947.41343580532,-1.36693943878567e-08,3.17619068233137e-15,-392514.734477747,139.783197780186,139.783197779921,6.01686458307467,2.51988459740598e-24,179.26481317186,-6.2030155419891e-20,1.45449606643438e-26,-168281.994510154,3106.97168418406,3111.18700950737,259.780882654175,7.0422901089499,4107.74914331197,-8109.4979249057,0.00183764569203942,-923643.059132849,"No MPA"
"5540","Squatina","MT",2046,1571.24906628863,1571.24906624256,64.6202300926924,2.40062434092717e-12,2012.03366585193,-5.30353402561896e-09,1.23272454466478e-15,-392514.734477739,144.637838650944,144.637838650782,6.19490903014329,4.37847219097178e-25,185.45972220184,-1.04145268997268e-20,2.44246046588863e-27,-168281.994510154,3314.29212067021,3318.29068313051,269.031495682147,6.63628361795917,4374.14291783646,-7157.73273229241,0.00162249047532945,-922691.293940235,"No MPA"
"5541","Squatina","MT",2047,1623.38718665757,1623.38718663053,64.8379464831005,9.62923786519304e-13,2076.87161230799,-2.0583577416422e-09,4.78582343258945e-16,-392514.734477735,149.636132721497,149.636132721397,6.37605333182476,7.60794856527886e-26,191.835775533565,-1.74885331673472e-21,4.10221069834179e-28,-168281.994510154,3529.22900145311,3533.00859069719,277.55412120747,6.24401994893789,4649.23260833908,-6319.61192009755,0.00143291657886691,-921853.173128041,"No MPA"
"5542","Squatina","MT",2048,1675.70096911179,1675.70096909596,64.9320207391745,3.85994160114827e-13,2141.80363303133,-7.99111708671957e-10,1.85853645370923e-16,-392514.734477734,154.780581075339,154.780581075278,6.56019673775905,1.32193977055578e-26,198.395972271263,-2.93726153804975e-22,6.89099708789451e-29,-168281.994510154,3751.18208619657,3754.74258366025,285.21405336268,5.86522386023676,4932.1419353052,-5581.14801957297,0.00126579822869891,-921114.709227516,"No MPA"
"5543","Squatina","MT",2049,1728.09065435169,1728.09065434244,64.9013753886882,1.54625940818747e-13,2206.70500841077,-3.1032581786269e-10,7.21942658206731e-17,-392514.734477734,160.073603506662,160.073603506625,6.74722553147263,2.2969470463307e-27,205.143197802699,-4.93407221012623e-23,1.15775891014064e-29,-168281.994510154,3979.44435843259,3982.7874740988,291.882611722759,5.49974919476267,5221.86791349941,-4930.16367571135,0.0011184094900562,-920463.724883654,"No MPA"
"5544","Squatina","MT",2050,1780.45561373363,1780.45561372824,64.7458863302187,6.1899897380788e-14,2271.4508947356,-1.20543981915317e-10,2.8050825617769e-17,-392514.734477733,165.517528058781,165.517528058758,6.93701253835901,3.99099867885003e-28,212.080210341035,-8.2897285771165e-24,1.9454696629466e-30,-168281.994510154,4213.20657057886,4216.33560512032,297.441124747837,5.14755079665798,5517.29052199206,-4356.03920520086,0.000988369417212346,-919889.600413144,"No MPA"
"5545","Squatina","MT",2051,1832.69511848566,1832.69511848253,64.4663893219615,2.47626993657119e-14,2335.91728405443,-4.68365062315811e-11,1.09017101902149e-17,-392514.734477733,171.114580165585,171.114580165571,7.12941666201751,6.93425060447322e-29,219.209627003038,-1.3929815076035e-24,3.26963585773639e-31,-168281.994510154,4451.56504609316,4454.48467332055,301.784910212387,4.80865872440432,5817.18640070743,-3849.49891672659,0.000873595459963208,-919383.060124669,"No MPA"
"5546","Squatina","MT",2052,1884.70911415901,1884.7091141572,64.0646708314343,9.89925144941562e-15,2399.98195488405,-1.82024357501208e-11,4.2378433161955e-18,-392514.734477733,176.866871418892,176.866871418884,7.32428245471807,1.20476095376337e-29,226.533909457747,-2.34109452277867e-25,5.49593085958161e-32,-168281.994510154,4693.53273038228,4696.24879610456,304.8270431475,4.48315441168218,6120.24635516552,-3402.42959698584,0.000772263748860774,-918935.990804929,"No MPA"
"5547","Squatina","MT",2053,1936.39898769709,1936.39898769604,63.5434434025076,3.95457764139852e-15,2463.52539828551,-7.07580450866038e-12,1.64775307303908e-18,-392514.734477733,182.776387989233,182.776387989228,7.52143972805746,2.09306002438322e-30,234.0553491858,-3.93513339427517e-26,9.23949985851284e-33,-168281.994510154,4938.05331430998,4940.57264878915,306.501693382356,4.17114863765699,6425.09623438939,-3007.72579455977,0.000682775133951059,-918541.287002503,"No MPA"
"5548","Squatina","MT",2054,1987.66831462972,1987.66831462912,62.9063061283021,1.57866313556097e-15,2526.43170441321,-2.75118090193291e-12,6.4081463769752e-19,-392514.734477733,188.844978732504,188.8449787325,7.72070321013703,3.6361180566034e-31,241.776052395933,-6.6155394205745e-27,1.55352914139849e-33,-168281.994510154,5184.01807930639,5186.34832144339,306.766823718889,3.87276132883859,6730.32053891645,-2659.15751789027,0.000603726054631138,-918192.718725833,"No MPA"
"5549","Squatina","MT",2055,2038.42357437555,2038.4235743752,62.1576912290072,6.29752308484513e-16,2588.58939564186,-1.06993050092806e-12,2.4926551839278e-19,-392514.734477733,195.074343020009,195.074343020007,7.92187225581542,6.31634441413329e-32,249.697924651747,-1.11233285687503e-27,2.61247727040792e-34,-168281.994510154,5430.28494523176,5432.4343774375,305.606067264952,3.58810332691094,7034.48793506023,-2351.25675390993,0.000533883481627514,-917884.817961853,"No MPA"
"5550","Squatina","MT",2056,2088.57482244132,2088.57482244112,61.3027981053639,2.51039101703965e-16,2649.89219374703,-4.16180304257695e-13,9.69791123020953e-20,-392514.734477733,201.466018334736,201.466018334735,8.12473061676446,1.09713788078664e-32,257.82265526851,-1.8705374515438e-28,4.3938606310678e-35,-168281.994510154,5675.69905627733,5677.67644964747,303.029647470992,3.31726032221697,7336.17771557915,-2079.21985038303,0.000472163304096851,-917612.781058326,"No MPA"
"5551","Squatina","MT",2057,2138.03630941303,2138.03630941292,60.3475165563018,1.00001292673909e-16,2710.23971030322,-1.61917484469748e-13,3.77378720952812e-20,-392514.734477733,208.021367682091,208.02136768209,8.32904627817256,1.90554954679731e-33,266.151701546682,-3.14599952527882e-29,7.39093135478251e-36,-168281.994510154,5919.11413046426,5920.92860037685,299.074263667099,3.06027917310923,7634.00616998574,-1838.82331925115,0.000417611641839899,-917372.384527194,"No MPA"
"5552","Squatina","MT",2058,2186.72703799606,2186.727037996,59.2983411009314,3.98074844719601e-17,2769.53805140408,-6.30070630409054e-14,1.46878094659408e-20,-392514.734477733,214.741566868886,214.741566868885,8.53457136899044,3.30932152806749e-34,274.686272915672,-5.2918800791248e-30,1.24339672030504e-36,-168281.994510154,6159.41373623698,6161.07460882434,293.801933068765,2.81715681116696,7926.65181883069,-1626.35103509239,0.000369388649637052,-917159.912243035,"No MPA"
"5553","Squatina","MT",2059,2234.57125092698,2234.57125092694,58.1622785223339,1.58351367065962e-17,2827.70032992638,-2.452252619928e-14,5.71760936758686e-21,-392514.734477733,221.62759170991,221.627591709909,8.74104215258846,5.7466326103634e-35,283.42731506826,-8.90264292074703e-31,2.09207127439077e-37,-168281.994510154,6395.53165246719,6397.04834258297,287.297850614924,2.58783187760982,8212.87852768378,-1438.53114181702,0.000326754451741812,-916972.09234976,"No MPA"
"5554","Squatina","MT",2060,2281.49884428806,2281.49884428804,56.9467508489331,6.29478243800024e-18,2884.64708077529,-9.54594827202598e-15,2.22611369789815e-21,-392514.734477733,228.680205226959,228.680205226959,8.948179104586,9.97791339039667e-36,292.375494172846,-1.49790436571175e-31,3.52044875702739e-38,-168281.994510154,6626.47051771453,6627.85241903921,279.667393449689,2.3721791555428,8491.55564330261,-1272.48125744912,0.000289056902760431,-916806.042465392,"No MPA"
"5555","Squatina","MT",2061,2327.44570254342,2327.44570254341,55.6594960083676,2.50061040611091e-18,2940.30657678365,-3.71662232925367e-15,8.66868748962815e-22,-392514.734477733,235.899944910664,235.899944910664,9.15568708441181,1.73226348376642e-36,301.531181257257,-2.52060023311644e-32,5.92479027241025e-39,-168281.994510154,6851.31807687241,6852.57446469854,271.032450736363,2.17000676598844,8761.67447509911,-1125.66079356788,0.000255720919004361,-916659.222001511,"No MPA"
"5556","Squatina","MT",2062,2372.3539534188,2372.35395341879,54.3084683322836,9.92711320278008e-19,2994.61504511592,-1.44727483089765e-15,3.37621705204604e-22,-392514.734477733,243.287110120738,243.287110120738,9.36325560685354,3.00699156697991e-37,310.894436864111,-4.24206406048795e-33,9.97240668259259e-40,-168281.994510154,7069.26047905765,7070.40042610072,261.527296668302,1.9810559937586,9022.36066281672,-995.829392449856,0.000226239163915615,-916529.390600393,"No MPA"
"5557","Squatina","MT",2063,2416.17214250476,2416.17214250475,52.9017409653585,3.93837767536938e-19,3047.51678608128,-5.63669684353947e-16,1.31515323874188e-22,-392514.734477733,250.841749705325,250.841749705325,9.57055921944641,5.21904026274814e-38,320.464996083557,-7.14007016290694e-34,1.67871780382784e-40,-168281.994510154,7279.59225633444,7280.6245616596,251.294242065058,1.80500351248391,9272.88220669444,-881.010638909485,0.000200163903917968,-916414.571846852,"No MPA"
"5558","Squatina","MT",2064,2458.85532911966,2458.85532911966,51.4474120479894,1.56147679436064e-19,3098.96419812927,-2.19567178182642e-16,5.12376765730142e-23,-392514.734477733,258.563649924831,258.563649924831,9.77725799103096,9.05702210012816e-39,330.242254074588,-1.20192789225104e-34,2.82621260069435e-41,-168281.994510154,7481.72280276373,7482.65593363487,240.479297348703,1.64146569553681,9512.65316921875,-779.460331451087,0.000177099878303775,-916313.021539394,"No MPA"
"5559","Squatina","MT",2065,2500.36510647721,2500.36510647721,49.9535163112631,6.18705956939385e-20,3148.91771444053,-8.55415906868063e-17,1.99649275494333e-23,-392514.734477733,266.452322769957,266.452322769957,9.9829981161721,1.57149407180658e-39,340.22525219076,-2.02350240995254e-35,4.7586099368485e-42,-168281.994510154,7675.17936112092,7676.02140729795,229.228058893338,1.49000463787675,9741.23326965124,-689.638703545003,0.000156698049539339,-916223.199911488,"No MPA"
"5560","Squatina","MT_20",2015,469.873669195439,469.873669195439,31.9069773266766,7.45536084393696,606.81523798274,-57980.4906100079,0.0128018999963186,-525181.37662585,55.5488740187906,55.5488740187906,2.6194775094237,0.238637283274053,71.2283742861496,-14892.4740161925,0.00346617037969847,-217447.645679631,793.14985412918,793.14985412918,89.0569769590491,197.586525871518,874.504086987531,-1131256.96307992,0.200996709223099,-2208872.81349,"No MPA"
"5561","Squatina","MT_20",2016,489.60218644882,489.600561826881,33.0619368267915,3.44300620909864,636.432543978493,-25589.0901115005,0.00567448563842364,-492789.976127342,57.4698287136385,57.4698150282027,2.70600157898657,0.0498145530963666,73.8845476266041,-3003.93360378428,0.000699365291406501,-205559.105267223,705.583983801843,705.391107604887,79.8170941528374,151.331608096304,802.796696847109,-926715.278292013,0.178970385721051,-2004331.12870209,"No MPA"
"5562","Squatina","MT_20",2017,513.498583349547,513.427323685301,34.4409619032683,1.60710045031121,669.195145767204,-11342.4111261454,0.00252558527116712,-478543.297141987,59.6129328970416,59.6123389220839,2.80221136718392,0.0104289352357403,76.6757360835946,-606.099721793617,0.000141152037611587,-203161.271385232,647.727666425897,639.222723470448,73.6124556418604,125.910313438376,741.993896095143,-825163.910545587,0.168080799658655,-1902779.76095566,"No MPA"
"5563","Squatina","MT_20",2018,539.932727493372,539.794170897735,35.940997416101,0.755028232122231,704.242558355546,-5048.23108023462,0.00112844112939484,-472249.117096076,61.8649725390852,61.8640870728738,2.90294746300911,0.00218501884224927,79.57561306155,-122.328240054859,2.84969034631525e-05,-202677.499903494,598.669596807644,580.302237895566,68.3065930591995,109.658061240896,682.27506900137,-774958.627106556,0.16288601875954,-1852574.47751663,"No MPA"
"5564","Squatina","MT_20",2019,568.210346047694,568.071264223209,37.516057722616,0.356319848936322,741.26321440474,-2255.55948016951,0.000506022704143008,-469456.445496011,64.2047063163045,64.2041213744489,3.00721100576622,0.00045794563262666,82.581781179828,-24.6965788680626,5.75485143622913e-06,-202579.868242307,550.486119387945,529.68497190488,63.060603608668,97.3774785421412,627.157046584832,-751009.481511149,0.160738377233445,-1828625.33192122,"No MPA"
"5565","Squatina","MT_20",2020,598.080054339316,597.969947829503,39.1465828788502,0.168757591295897,780.130933182483,-1011.4477787827,0.000227680483760538,-468212.333794624,66.6301999285521,66.629885103511,3.11487102494436,9.60017390732388e-05,85.6962413779922,-4.98738361597184,1.16250525411314e-06,-202560.159047055,506.014750512004,485.785722118268,58.1854911268095,87.8162139596253,577.297295358279,-741109.215730757,0.160346473505,-1818725.06614083,"No MPA"
"5566","Squatina","MT_20",2021,629.44004483514,629.36318012926,40.8217396470784,0.080164616888706,820.795643506792,-455.089962272694,0.000102762977880163,-467655.975978114,69.1430678118606,69.1429108442287,3.22595282768219,2.01298360370917e-05,88.9220171082065,-1.00747226209133,2.34897549816121e-07,-202556.179135701,465.785959789038,448.172206722479,53.7450504352913,80.047888425301,533.380704301711,-739303.786878779,0.161077791498384,-1816919.63728885,"No MPA"
"5567","Squatina","MT_20",2022,662.249918153872,662.200095133934,42.5340829529783,0.0381783760569366,863.241725063775,-205.402643391681,4.6515194432699e-05,-467406.288659233,71.7457494052839,71.7456714718305,3.34051509802563,4.22174942808374e-06,92.2624500510293,-0.20357111659383,4.747698755994e-08,-202555.375234555,430.352342343713,416.027747203954,49.8085586286775,73.6709432663198,495.19372452431,-742676.950646273,0.162620475510067,-1820292.80105635,"No MPA"
"5568","Squatina","MT_20",2023,696.497071217413,696.466258855371,44.2775214892905,0.0182230663369717,907.470211124686,-92.9741020835529,2.11103744754963e-05,-467293.860117925,74.4409409069485,74.4409011609488,3.45862412929681,8.85589021244342e-07,95.7210335487374,-0.0411453070563644,9.59858561379842e-09,-202555.212808746,399.541598607208,388.612579551901,46.3655865820475,68.3930923853177,462.237199665733,-749790.897652602,0.164819265657815,-1827406.74806268,"No MPA"
"5569","Squatina","MT_20",2024,732.182337709286,732.163857493696,46.0464483692403,0.00871503145705569,953.489464246879,-42.1949816137976,9.60373787118217e-06,-467243.080997456,77.231460881567,77.2314398325882,3.58034754874432,1.8580457737379e-07,99.3013598626984,-0.00831847772502118,1.94110500855322e-09,-202555.179981917,372.950989771882,365.203657296877,43.3788459636558,64.0145478417821,433.854165312602,-759929.811971072,0.16759589237614,-1837545.66238115,"No MPA"
"5570","Squatina","MT_20",2025,769.31246486672,769.301601916838,47.8352956108235,0.00417491619474174,1001.30972199163,-19.1956482205975,4.37858531148919e-06,-467220.081664062,80.1202077056298,80.1201961576817,3.70575215850214,3.89907833996e-08,103.007100434262,-0.0016822288962272,3.92651052003384e-10,-202555.173345668,350.050451341862,345.166608674133,40.794998002425,60.3757539366537,409.389566710644,-772732.847058876,0.170910431456838,-1850348.69746895,"No MPA"
"5571","Squatina","MT_20",2026,807.895712753188,807.889409431047,49.6382876832504,0.0020028847739205,1050.93970346796,-8.75172832324091,2.00026961811962e-06,-467209.637744165,83.110143641123,83.1101371249419,3.83490296102692,8.18362709236231e-09,106.841996870924,-0.000340284563047393,7.9447213432527e-11,-202555.172003723,330.311459608679,327.954112257177,38.5591524515127,57.3500517768474,388.241320033807,-788015.948324505,0.174742526437327,-1865631.79873458,"No MPA"
"5572","Squatina","MT_20",2027,847.939116285713,847.935487300913,51.4493044639462,0.000962055831444732,1102.38441689128,-3.99802940232902,9.15425461883897e-07,-467204.884045244,86.2042875628154,86.2042838094115,3.96786256215208,1.71792790446148e-09,110.809855677954,-6.88515236637418e-05,1.60791444827421e-11,-202555.17173229,313.248229873448,313.105738025196,36.619817833185,54.8340448179464,369.884601200793,-805685.277559633,0.179082249546571,-1883301.12796971,"No MPA"
"5573","Squatina","MT_20",2028,889.446716287683,889.444635639006,53.2618105237398,0.000462588757648006,1155.64368417758,-1.82969108724831,4.19625879692929e-07,-467202.715706929,89.4057107075279,89.405708513638,4.10469069949051,3.60691688316747e-10,114.914544183194,-1.39346866514205e-05,3.2550506100095e-12,-202555.171677374,298.437313610786,300.236744728709,34.9314718278994,52.7434138963962,353.87209025022,-825695.076517727,0.183925640866453,-1903310.9269278,"No MPA"
"5574","Squatina","MT_20",2029,932.418369073995,932.417177890586,55.0688267174405,0.000222618782076973,1210.71109709283,-0.838714777775631,1.92636234156875e-07,-467201.72473062,92.717533386104,92.7175320903061,4.24544380450577,7.57419090618972e-11,119.159986691826,-2.82092394229318e-06,6.59115080692601e-13,-202555.17166626,285.517795640212,289.026918686328,33.4548883351853,51.0088786629826,339.82722296854,-848027.100161049,0.189272520127048,-1925642.95057112,"No MPA"
"5575","Squatina","MT_20",2030,976.848904231639,976.848221949949,56.8629301857671,0.000107208325202602,1267.57323778858,-0.385023433277956,8.8549895137818e-08,-467201.271039275,96.1429218809265,96.1429211097264,4.39017456411236,1.59075037218817e-11,123.550160484722,-5.71207919371074e-07,1.33497024995747e-13,-202555.17166401,274.185849276515,279.209408865676,32.1567560231921,49.5732886491024,327.434249931791,-872680.528079756,0.195125404428523,-1950296.37848983,"No MPA"
"5576","Squatina","MT_20",2031,1022.72749571749,1022.72710421603,58.6362747901972,5.1657030824612e-05,1326.20906942029,-0.176984116947133,4.07527020426859e-08,-467201.062999959,99.6850852172294,99.6850847556082,4.53893146858712,3.34141335641717e-12,128.089091491685,-1.15692145870672e-07,2.70449940599715e-14,-202555.171663555,264.186715577163,270.561157767769,31.008939888697,48.3891577484546,316.428474262639,-899666.974902703,0.201488965946885,-1977282.82531278,"No MPA"
"5577","Squatina","MT_20",2032,1070.0371701854,1070.03694493894,60.3806274884717,2.49003018732252e-05,1386.589446762,-0.0814515998373048,1.87755485196581e-08,-467200.967467442,103.3472716721,103.347271394553,4.69175834054302,7.01968171444852e-13,132.780849554681,-2.34378879566562e-08,5.48031189283964e-15,-202555.171663462,255.306826784167,262.894845315662,29.9877090011566,47.4167344539275,306.587467341363,-929007.990305412,0.20836975501835,-2006623.84071549,"No MPA"
"5578","Squatina","MT_20",2033,1118.75441213104,1118.75428213239,62.0874181264529,1.20060303788712e-05,1448.67672288377,-0.0375260385798143,8.65867730861398e-09,-467200.92354188,107.13276495267,107.132764785205,4.84869384288162,1.47489226260531e-13,137.629543230097,-4.74937136664377e-09,1.11077182255713e-15,-202555.171663444,247.366718817314,256.052344970161,29.0730168497755,46.6224468722642,297.723663471722,-960733.782526596,0.215776055286616,-2038349.63293667,"No MPA"
"5579","Squatina","MT_20",2034,1168.84884654393,1168.84877127025,63.7478011461971,5.78981002174141e-06,1512.42444296648,-0.0173056705168878,3.99661979575679e-09,-467200.903321512,111.044880002378,111.044879901041,5.00977096502826,3.09924138134608e-14,142.639314093788,-9.62620163990012e-10,2.25187216974531e-16,-202555.17166344,240.21505636194,249.899449181949,28.2478820025228,45.9776812378132,289.67825705644,-994882.550724308,0.223717806126506,-2072498.40113438,"No MPA"
"5580","Squatina","MT_20",2035,1220.28299186529,1220.28294813982,65.3527281604736,2.79224958542136e-06,1577.77712460923,-0.0079877858788149,1.84620766294492e-09,-467200.894003628,115.086958406053,115.086958344585,5.17501648746878,6.51327268393888e-15,147.814330519789,-1.95152021876262e-10,4.56625350824132e-17,-202555.171663439,233.72370887224,244.321658246025,27.4978699456176,45.4578171755737,282.316259200269,-1031500.12747509,0.232206560803153,-2109115.97788516,"No MPA"
"5581","Squatina","MT_20",2036,1273.01208273149,1273.01205725729,66.8930304537174,1.34656841916691e-06,1644.67012824218,-0.00368986730964259,8.53459212118522e-10,-467200.889705709,119.262363370341,119.262363332983,5.34445042506168,1.36895242933228e-15,153.158780907492,-3.95720487967892e-11,9.26129709154969e-18,-202555.171663439,227.783762045929,239.220823049437,26.8106686306729,45.0414732358276,275.522515598623,-1070639.78599988,0.241255464961782,-2148255.63640996,"No MPA"
"5582","Squatina","MT_20",2037,1326.98396541805,1326.98395053893,68.3595103821239,6.49306844485854e-07,1713.02962309588,-0.00170572694759587,3.94794575467245e-10,-467200.887721569,123.574474259127,123.574474236383,5.51808544995466,2.8775251967573e-16,158.676866334703,-8.02600641123394e-12,1.87878564957717e-18,-202555.171663439,222.302304901582,234.512471740816,26.1757434369488,44.7099167784064,269.198509096399,-1112362.1410977,0.25087924788134,-2189977.99150777,"No MPA"
"5583","Squatina","MT_20",2038,1382.1390703824,1382.13906167339,69.74304044943,3.13029704124004e-07,1782.77265452327,-0.000789031572570929,1.82734554053542e-10,-467200.886804873,128.026680665735,128.026680651869,5.69592629525678,6.04906154521222e-17,164.372792616094,-1.62818617475013e-12,3.81218868568573e-19,-202555.171663439,217.199849958462,230.123677125175,25.584058037918,44.4466051366411,263.259789164389,-1156735.10890526,0.261094222739264,-2234350.95931533,"No MPA"
"5584","Squatina","MT_20",2039,1438.4104665819,1438.4104614761,71.0346685854619,1.50870743800885e-07,1853.80731785206,-0.000365207994296744,8.46270237815517e-11,-467200.88638105,132.622376005375,132.622375996912,5.87796914093362,1.27171950675723e-17,170.250761748564,-3.30369792846443e-13,7.73680051617444e-20,-202555.171663439,212.408259237891,225.991351237272,25.027848540029,44.2368298023167,257.633899901482,-1203833.9081853,0.271918293996582,-2281449.75859537,"No MPA"
"5585","Squatina","MT_20",2040,1495.72400174467,1495.72399874793,72.2257278890277,7.26911095753095e-08,1926.03304267165,-0.000169131691244467,3.92117934168831e-11,-467200.886184973,137.364950612933,137.364950607761,6.06420098371857,2.67377872376682e-18,176.314962727111,-6.70480927543815e-14,1.57049442616627e-20,-202555.171663439,207.869072494666,222.060875743527,24.5004403869776,44.067442210191,252.258701327129,-1253741.09442961,0.283370970927318,-2331356.94483968,"No MPA"
"5586","Squatina","MT_20",2041,1553.99853174343,1553.99852998341,73.3079488423209,3.50098265586608e-08,1999.34098971895,-7.83662191941093e-05,1.81771681921427e-11,-467200.886094208,142.25778433285,142.257784329688,6.25459899317228,5.62194640475826e-19,182.569561717121,-1.36100739790227e-14,3.18858156891627e-21,-202555.171663439,203.532152770388,218.284996123284,23.9960992520397,43.9266435078245,247.08100042424,-1306546.62227994,0.295473386771043,-2384162.47269002,"No MPA"
"5587","Squatina","MT_20",2042,1613.14624081835,1613.14623978447,74.2735717820846,1.68542386413169e-08,2073.61456045031,-3.63274256809521e-05,8.42989701524277e-12,-467200.886052169,147.30423858975,147.304238587814,6.44912985637929,1.18214656470199e-19,189.018691571565,-2.76325297050157e-15,6.47504739335271e-22,-202555.171663439,199.354581865512,214.622922298677,23.5099088660891,43.8038245775437,242.055425145951,-1362347.9338664,0.308248323218814,-2439963.78427647,"No MPA"
"5588","Squatina","MT_20",2043,1673.07305271965,1673.07305211245,75.1154572410747,8.10997065296303e-09,2148.73001707608,-1.68471648274793e-05,3.9110309156422e-12,-467200.886032689,152.507647930498,152.507647929313,6.64774911414488,2.48585380335695e-20,195.666440684524,-5.61132034837613e-16,1.31513649930001e-22,-202555.171663439,195.299751844115,211.039590431859,23.0376700815234,43.6894450568478,237.143488758371,-1421250.07172944,0.321720240065327,-2498865.92213952,"No MPA"
"5589","Squatina","MT_20",2044,1733.67913097559,1733.6791306192,75.8271916665472,3.90034467019911e-09,2224.55720838234,-7.81613262293428e-06,1.81518601184048e-12,-467200.886023658,157.871311030799,157.871311030073,6.85040049194659,5.22751999454359e-21,202.516841175745,-1.13970357136445e-16,2.67164873866745e-23,-202555.171663439,191.336610109158,207.505049928226,22.5758166459519,43.5749423924726,232.312802830917,-1483365.81555641,0.335915309929442,-2560981.66596648,"No MPA"
"5590","Squatina","MT_20",2045,1794.85946451374,1794.85946430475,76.4031859922221,1.87475641199986e-09,2300.9603941637,-3.62758740362481e-06,8.4275486597511e-13,-467200.886019469,163.398481162026,163.398481161581,7.05701522930149,1.09932949972218e-21,209.573856404601,-2.31525787936992e-17,5.42833619831239e-24,-202555.171663439,187.439024412413,203.993947231317,22.1213440751953,43.4526635345899,227.536406190427,-1548815.84228277,0.350861457988527,-2626431.69269284,"No MPA"
"5591","Squatina","MT_20",2046,1856.50453284552,1856.50453272312,76.8387645945873,9.00598722900753e-10,2377.79915863499,-1.68420156348323e-06,3.91401227585699e-13,-467200.886017526,169.092356117007,169.092356116734,7.26751141162989,2.31189603733104e-22,216.841367815958,-4.70419865652485e-18,1.10314143042142e-24,-202555.171663439,183.585241428477,200.485083931048,21.6717487806255,43.3158133059452,222.792184167678,-1617728.90930768,0.36658840670223,-2695344.75971775,"No MPA"
"5592","Squatina","MT_20",2047,1918.50104304231,1918.50104297073,77.1302423076848,4.32365103656611e-10,2454.92940087066,-7.82187743791513e-07,1.81834156214036e-13,-467200.886016624,174.95606759675,174.956067596583,7.48179330912565,4.86197942321257e-23,224.323161124917,-9.55980386152822e-19,2.24218260204811e-25,-202555.171663439,179.757418180237,196.961031545535,21.2249752059899,43.158414516574,218.062358222391,-1690242.06071234,0.383127725524983,-2767857.91112241,"No MPA"
"5593","Squatina","MT_20",2048,1980.73272886064,1980.73272881885,77.2749874024196,2.0744005771774e-10,2532.20438823108,-3.63379396642754e-07,8.44993984935864e-14,-467200.886016205,180.992670063757,180.992670063654,7.69975072757813,1.02248858954865e-23,232.022911852392,-1.94306621983994e-19,4.55810529960954e-26,-202555.171663439,175.941210248424,193.407789203388,20.7793692267706,42.9752758602782,213.333030543848,-1766500.85647859,0.400512885626735,-2844116.70688866,"No MPA"
"5594","Squatina","MT_20",2049,2043.08120068748,2043.08120066313,77.2714687520548,9.94600558816637e-11,2609.47585695869,-1.68862982063521e-07,3.92780520971907e-14,-467200.886016011,187.205129071568,187.205129071505,7.92125837652734,2.15030708527462e-24,239.944170228856,-3.95002441612125e-20,9.26764976832372e-27,-202555.171663439,172.125404337641,189.814473636622,20.3336364568827,42.7619643595092,208.593771940202,-1846659.62479836,0.418779319659773,-2924275.47520843,"No MPA"
"5595","Squatina","MT_20",2050,2105.42683354422,2105.42683353006,77.1192857953908,4.7655356537594e-11,2686.59514273987,-7.84922506808452e-08,1.82624247741224e-14,-467200.88601592,193.596309084509,193.59630908447,8.1461752605654,4.52204910240256e-25,248.090345489383,-8.03126225901575e-21,1.88462553521908e-27,-202555.171663439,168.301585769398,186.173033459698,19.8868044326663,42.5147798348144,203.837244228354,-1930881.73764884,0.437964486626777,-3008497.58805892,"No MPA"
"5596","Squatina","MT_20",2051,2167.649679268,2167.64967925978,76.8191803593561,2.28179144488023e-11,2763.41432309098,-3.64948255083251e-08,8.49324637188636e-15,-467200.886015878,200.168960806321,200.168960806297,8.37434410001906,9.50952735249507e-26,256.464689589379,-1.6331948417846e-21,3.83309045490528e-28,-202555.171663439,164.463833811541,182.477981831065,19.4381878982203,42.2307294185536,199.058850727544,-2019339.90988823,0.458107941921924,-3096955.7602983,"No MPA"
"5597","Squatina","MT_20",2052,2229.63038823329,2229.63038822854,76.3730298959292,1.09178452384996e-11,2839.78735298215,-1.69723742798427e-08,3.95085353190457e-15,-467200.886015859,206.925708041382,206.925708041367,8.6055907876516,1.999712441449e-26,265.070280377016,-3.32170220345162e-22,7.79722325381599e-29,-202555.171663439,160.608439682866,178.726143291325,18.9873566269756,41.9075006856125,194.256410277366,-2112216.52220311,0.479251412633055,-3189832.37261318,"No MPA"
"5598","Squatina","MT_20",2053,2291.25112561744,2291.25112561469,75.7838222042952,5.22025221164821e-12,2915.57117518369,-7.8950676809211e-09,1.83825461655299e-15,-467200.88601585,213.869034117565,213.869034117556,8.83972388840133,4.20491483818523e-27,273.910004265408,-6.75694304203526e-23,1.58633960480386e-29,-202555.171663439,156.733643538139,174.916411965546,18.5341053744951,41.5434323787275,189.429851700541,-2209703.96831385,0.501438878208935,-3287319.81872393,"No MPA"
"5599","Squatina","MT_20",2054,2352.39646727147,2352.39646726988,75.0556122262144,2.49423623129181e-12,2990.62678740832,-3.67338690281012e-09,8.55488026676169e-16,-467200.886015845,221.001267905478,221.001267905472,9.07653418951905,8.84145976349952e-28,282.986538454922,-1.37469097506785e-23,3.22787033179427e-30,-202555.171663439,152.839387948756,171.049519397617,18.0784256903696,41.1374821484464,184.580926691325,-2312005.02691751,0.524716656611439,-3389620.87732758,"No MPA"
"5600","Squatina","MT_20",2055,2412.95426073195,2412.95426073104,74.1934619987428,1.19089731563763e-12,3064.82024940615,-1.70950769965697e-09,3.98209940689278e-16,-467200.886015843,228.324569474727,228.324569474723,9.3157943087696,1.85893383445296e-28,292.302332763688,-2.797200412327e-24,6.56898326189843e-31,-202555.171663439,148.927086249922,167.127811152993,17.620479410525,40.6891910017067,179.712940003215,-2419333.25892089,0.549133496088224,-3496949.10933097,"No MPA"
"5601","Squatina","MT_20",2056,2472.81643778456,2472.81643778404,73.2033653027598,5.68200774785191e-13,3138.02361470839,-7.95729365007671e-10,1.85394485988302e-16,-467200.886015843,235.84091543407,235.840915434068,9.55725836861331,3.90816731408325e-29,301.859591132299,-5.69251535076139e-25,1.33702912225569e-31,-202555.171663439,144.999404845569,163.15503194628,17.160573730724,40.1986445153826,174.830496319267,-2531913.43058893,0.5747406727172,-3609529.280999,"No MPA"
"5602","Squatina","MT_20",2057,2531.87976623118,2531.87976623088,72.0921589395775,2.70907619378798e-13,3210.11577364767,-3.7046425845805e-10,8.63306503204798e-17,-467200.886015842,243.552084008682,243.552084008681,9.80066174447185,8.21575911590961e-30,311.66025287677,-1.15863177917881e-25,2.7217154456122e-32,-202555.171663439,141.06005897347,159.136119535503,16.6991378065476,39.6664309928121,169.939263695035,-2649981.9633058,0.601592093889852,-3727597.81371588,"No MPA"
"5603","Squatina","MT_20",2058,2590.04653007156,2590.04653007139,70.8674228859638,1.29072746786826e-13,3280.98319653346,-1.72508613545911e-10,4.02081282695173e-17,-467200.886015842,251.459639914314,251.459639914314,10.0457208952993,1.72696548828788e-30,321.705973772068,-2.35855367196866e-26,5.54117976978835e-33,-202555.171663439,137.113621841774,155.077007894763,16.2367008707607,39.0935970777949,165.04575354099,-2773787.41071918,0.62974440791637,-3851403.26112926,"No MPA"
"5604","Squatina","MT_20",2059,2647.22512912623,2647.22512912613,69.5373718091505,6.1453230357182e-14,3350.52056834251,-8.0344465015241e-11,1.87301265127206e-17,-467200.886015842,259.56491909475,259.56491909475,10.2921332847128,3.62975338649322e-31,331.998107056781,-4.80179620422223e-27,1.12828286771726e-33,-202555.171663439,133.165347110252,150.984440401278,15.7738718645312,38.4816012349148,160.157117461632,-2903590.96411087,0.65925711995154,-3981206.81452094,"No MPA"
"5605","Squatina","MT_20",2060,2703.33059112945,2703.3305911294,68.1107405614701,2.92385213327635e-14,3418.63130890393,-3.74265004448843e-11,8.72656076462399e-18,-467200.886015842,267.869013395628,267.869013395627,10.539577400877,7.62823697617263e-32,342.537684457657,-9.77727606034109e-28,2.29767484031708e-34,-202555.171663439,129.221004972169,146.865793766251,15.311320611716,37.8322659755112,155.280960891918,-3039666.98691123,0.69019271445663,-4117282.8373213,"No MPA"
"5606","Squatina","MT_20",2061,2758.28499143485,2758.28499143482,66.5966663177296,1.39018000925872e-14,3485.22797522163,-1.74372543904032e-11,4.06648124247254e-18,-467200.886015842,276.372755254303,276.372755254302,10.7877128831739,1.60295356451865e-32,353.325397340831,-1.99107130810418e-28,4.67964150296813e-35,-202555.171663439,125.286731788893,142.72891353936,14.8497605290912,37.1477291056227,150.425174065854,-3182303.57934958,0.722616784428963,-4259919.42975965,"No MPA"
"5607","Squatina","MT_20",2062,2812.01777762483,2812.01777762481,65.0045699705394,6.6053632411795e-15,3550.23254519215,-8.12550411925552e-12,1.89524567349413e-18,-467200.886015842,285.07670249192,285.07670249192,11.0361807634127,3.3679337799765e-33,364.361578104244,-4.05517081176677e-29,9.53210215094632e-36,-202555.171663439,121.368893708766,138.581961735108,14.3899329229214,36.4303954524302,145.597779562688,-3331803.1743087,0.756598167647717,-4409419.02471877,"No MPA"
"5608","Squatina","MT_20",2063,2864.46599842517,2864.46599842516,63.3440392671078,3.13644801620265e-15,3613.57658445925,-3.78698594030232e-12,8.83448612528252e-19,-467200.886015842,293.981123300095,293.981123300095,11.2846038289348,7.07535332313778e-34,375.646181933178,-8.26006643517113e-30,1.9418494562326e-36,-202555.171663439,117.473963661428,134.433277349828,13.93259279904,35.6828882900709,140.806797760056,-3488483.16552944,0.792209090201638,-4566099.01593951,"No MPA"
"5609","Squatina","MT_20",2064,2915.57443832983,2915.57443832982,61.6247159664937,1.48833753400026e-15,3675.20130042574,-1.76524989826396e-12,4.11873804031467e-19,-467200.886015842,303.085981520568,303.085981520568,11.532587114442,1.48617817676148e-34,387.17876904762,-1.68270759871352e-30,3.95632445700153e-37,-202555.171663439,113.608412800177,130.291249716503,13.4784963151951,34.9080040867737,136.060126904805,-3652676.5693899,0.829525317581947,-4730292.41979997,"No MPA"
"5610","Squatina","MT_20",2065,2965.29566117977,2965.29566117977,59.8561890326619,7.05819142694551e-16,3735.0574894584,-8.22973564737382e-13,1.92049111054893e-19,-467200.886015842,312.39092232168,312.39092232168,11.7797185287105,3.12124591946349e-35,398.958487576331,-3.42833463289374e-31,8.06151103569319e-38,-202555.171663439,109.778613738423,126.164205770766,13.028389560891,34.1086647253185,131.36544377272,-3824732.7215663,0.86862631364176,-4902348.57197637,"No MPA"
"5611","Squatina","MT_40",2015,552.962029528139,552.962029528139,37.5385415112346,10.1969893228793,712.685275788355,-67356.536791564,0.0148786498974794,-616004.0619891,66.0259964057555,66.0259964057555,3.11250078433006,0.332604700231172,84.6128245940989,-17463.8875498294,0.00406443599523054,-257399.480177062,932.727467329509,932.727467329509,104.686172985602,266.237660029573,994.475294956028,-1289947.41861761,0.230304058846254,-2544509.51900836,"No MPA"
"5612","Squatina","MT_40",2016,575.022259552725,575.020072309185,38.8295574245213,5.50905886324425,746.003587106093,-34850.5212171277,0.0077309186228586,-583498.046414663,68.268924921196,68.268905973049,3.213458301624,0.0820148028442869,87.7442491447316,-4163.585755082,0.00096929744388189,-244099.178382315,802.38143062857,802.128931383755,90.9133590113149,228.250444104975,856.885710617553,-1233568.19536688,0.238484355709253,-2488130.29575763,"No MPA"
"5613","Squatina","MT_40",2017,601.904771805014,601.808515845825,40.3813610606952,3.00810594138695,783.280586266212,-18108.2045044897,0.00403315284026706,-566755.729702025,70.7954803053126,70.7946565136275,3.32680647577852,0.0202889647929785,91.049942864032,-992.941997260571,0.000231228984288892,-240928.534624493,691.36879101747,680.199544501748,78.924847381415,203.120552659848,721.520758823398,-1277391.59239034,0.260085478508174,-2531953.69278109,"No MPA"
"5614","Squatina","MT_40",2018,631.981307710271,631.78046825372,42.0896494452807,1.65394726813446,823.515448986807,-9446.85673153912,0.00211205850274532,-558094.381929075,73.462642847374,73.4613533318157,3.4460306620262,0.00502381323193966,94.489660197268,-236.869229990286,5.51765380572631e-05,-240172.461857223,582.151071654855,556.810255962695,66.9366140983104,180.828011951454,582.288545278094,-1393101.36589978,0.29260726584447,-2647663.46629053,"No MPA"
"5615","Squatina","MT_40",2019,664.444363227726,664.221640079359,43.9004288302869,0.913890279390461,866.279264389336,-4947.05593227486,0.00110997119860993,-553594.581129811,76.237940865131,76.2370217713692,3.56961753252296,0.00124444605217706,98.057114189977,-56.5223710208577,1.31701916276059e-05,-239992.114998253,469.813094773284,440.453372326645,54.4214889643706,155.641787035645,451.70852476018,-1567306.86001895,0.335268321106383,-2821868.96040969,"No MPA"
"5616","Squatina","MT_40",2020,698.947876342483,698.751970173858,45.7873977360625,0.506926561840903,911.363829394932,-2599.86443304296,0.000585270140868133,-551247.389630579,79.1163017986703,79.1157760998807,3.69728639585768,0.000308341967957533,101.753566545077,-13.4914164229061,3.14451491687086e-06,-239949.084043655,364.456044471391,334.382798680197,42.5173593625807,129.041539479672,335.111098851895,-1795822.57791339,0.388416191682307,-3050384.67830414,"No MPA"
"5617","Squatina","MT_40",2021,735.323860695173,735.171647459766,47.7347837983206,0.282082677124525,958.664317280721,-1370.86085198514,0.000309552317314433,-550018.386049521,82.098743639085,82.0984699008874,3.82902661501142,7.64165000052869e-05,105.582243005391,-3.22120693480058,7.50995871903371e-07,-239938.813834167,270.38069651412,243.353651601929,31.7479659706017,101.566126963808,238.265892946498,-2080510.1969555,0.453218008476212,-3335072.29734624,"No MPA"
"5618","Squatina","MT_40",2022,773.487737999845,773.378068553304,49.7315597791003,0.157388770257924,1008.12881884302,-725.051711216456,0.00016418767360762,-549372.576908752,85.1878690414173,85.1877300095027,3.96489432658593,1.89423125477854e-05,109.54697935775,-0.769311122347816,1.79408134753625e-07,-239936.361938355,192.24220955721,169.066038102923,22.7008227669727,75.9661107637015,161.824433495482,-2427621.03900258,0.531519064105346,-3682183.13939332,"No MPA"
"5619","Squatina","MT_40",2023,813.397625887651,813.322483430656,51.7689484738343,0.0880175251609135,1059.7346073347,-384.568131917355,8.73121654515864e-05,-549032.093329453,88.3867728679939,88.3867015915412,4.10496306875507,4.69641138672888e-06,113.651866453641,-0.183783310416762,4.2871208999408e-08,-239935.776410543,130.566260536924,112.035783689229,15.4906778386092,53.4456861584734,105.338948327923,-2847039.15317351,0.625805938712128,-4101601.25356426,"No MPA"
"5620","Squatina","MT_40",2024,855.035187533161,854.985499267208,53.8392423982685,0.0493200456720754,1113.47484142134,-204.505611622457,4.65414558155709e-05,-548852.030809158,91.698755777248,91.6987182652955,4.24931064449695,1.16461723963863e-06,117.901138421568,-0.0439166423956038,1.02472337744025e-08,-239935.636543875,84.9915694124961,70.5177294387682,10.1217908154314,35.7660954555281,65.2208037140982,-3352083.49974059,0.739239432709061,-4606645.60013133,"No MPA"
"5621","Squatina","MT_40",2025,898.394903081109,898.362898910376,55.9351502157646,0.0276832265420749,1169.35030423983,-109.010433583308,2.48624924267596e-05,-548756.535631119,95.1272340290944,95.1272136765071,4.39801478429058,2.88855825727595e-07,122.299132564415,-0.0104971035671331,2.44998335015732e-09,-239935.603124336,52.6226866130216,42.2520531068762,6.28507315156462,22.0749887640578,39.0602545954596,-3959684.84088736,0.875739383578575,-5214246.94127811,"No MPA"
"5622","Squatina","MT_40",2026,943.477404396856,943.457201734906,58.0494053029628,0.0155611882246358,1227.36394569262,-58.2331531025616,1.33077052143403e-05,-548705.758350638,98.6757071285594,98.6756957748163,4.55115138922026,7.16567009724092e-08,126.850272528236,-0.00250972069215773,5.85913403452753e-10,-239935.595136953,31.5153358982204,23.7961471451499,3.77222826644769,13.8230897632645,21.2965488093559,-4690839.32388438,1.04011361067509,-5945401.42427513,"No MPA"
"5623","Squatina","MT_40",2027,990.285071576682,990.272519817875,60.1745254221058,0.00875802750678505,1287.51716132841,-31.1692433296297,7.13568954352606e-06,-548678.694440865,102.347744245703,102.347737768645,4.70879360233584,1.7778993035835e-08,131.559059635734,-0.000600198757062434,1.40157310532502e-10,-239935.593227431,17.1828856762678,13.0840041280417,2.05962908669359,5.5303596776295,13.7318392053107,-5571300.5499003,1.23822958322489,-6825862.65029105,"No MPA"
"5624","Squatina","MT_40",2028,1038.81903060368,1038.81133192477,62.3026692892318,0.0049342480377727,1349.8071976907,-16.7130758805539,3.83239015869496e-06,-548664.238273416,106.146977223137,106.146973465171,4.87101116264403,4.41193442765639e-09,136.430067036,-0.000143574328345802,3.35357704746439e-11,-239935.592770807,11.0793831104732,6.13415064348643,1.32960419032187,10.2869965765495,5.66329552188707,-6632495.29051538,1.47723182763987,-7887057.39090613,"No MPA"
"5625","Squatina","MT_40",2029,1089.07705988181,1089.07238772894,64.4255587931027,0.00278232685776144,1414.22530200407,-8.9760944011222,2.06128212173741e-06,-548656.501291937,110.077095855798,110.077093648222,5.03786984942046,1.09501305326942e-09,141.467934676749,-3.4353317611327e-05,8.02618570136074e-12,-239935.592661586,4.56936757099134,4.60688049559157,0.548610747455908,0.964115858838824,5.46929386896234,-7912696.80042985,1.7658112256606,-9167258.9008206,"No MPA"
"5626","Squatina","MT_40",2030,1141.05209733071,1141.04928710809,66.534447390938,0.00156998725765268,1480.75536918514,-4.82783362026183,1.11014093908448e-06,-548652.353031156,114.141843834359,114.141842525688,5.20943094579792,2.71815782175192e-10,146.677364313604,-8.22183838846802e-06,1.92139499878224e-12,-239935.592635454,4.41283947561524,1.90745661775215,0.530065425412045,9.2696273578804,1.74798152097966,-9458452.48311223,2.1145356157385,-10713014.583503,"No MPA"
"5627","Squatina","MT_40",2031,1194.73114874135,1194.72947128874,68.6201222150585,0.000886379163507004,1549.37292756842,-2.60009997447239,5.98599794241003e-07,-548650.12529751,118.345014718522,118.345013937457,5.3857506942616,6.74826121329322e-11,152.063114226733,-1.96822934013445e-06,4.60075161895516e-13,-239935.592629201,1.41033962395012,1.45561371846999,0.169432200129252,0.341818129083659,1.73035534946271,-11326373.5188824,2.53625340956649,-12580935.6192732,"No MPA"
"5628","Squatina","MT_40",2032,1250.09446942017,1250.09347473867,70.6729319014467,0.000500632221556996,1620.04436415614,-1.40199178817657,3.23119396889992e-07,-548648.927189324,122.690447674195,122.690447205613,5.56687973322467,1.6755894296303e-11,157.62999349136,-4.71288804696579e-07,1.10190392860978e-13,-239935.592627704,1.39611814173732,0.537511097183084,0.16774600989633,4.25520532774592,0.520043408080665,-13585277.0827232,3.04658579646424,-14839839.1831139,"No MPA"
"5629","Squatina","MT_40",2033,1307.1149390904,1307.11435269949,72.6828350160743,0.000282839239694862,1692.72632994206,-0.756778567307923,1.74587386610708e-07,-548648.281976103,127.182022850715,127.182022568466,5.75286251036114,4.16100723211736e-12,163.382855719467,-1.12875927916279e-07,2.63973063752352e-14,-239935.592627345,0.41959129189144,0.460961663676557,0.0504171696955485,0.124716591671117,0.558248085674634,-16318840.2018808,3.66452590047758,-17573402.3022715,"No MPA"
"5630","Squatina","MT_40",2034,1365.75758208415,1365.7572381829,74.6394657225976,0.000159820614439681,1767.3652919428,-0.40889844377305,9.44161112514151e-08,-548647.934095979,131.823656331416,131.823656160856,5.94373667111141,1.03342993164323e-12,169.326592220017,-2.70406082821231e-08,6.32520423940745e-15,-239935.59262726,0.450416314916178,0.166214221422054,0.0541231812997931,1.98110867145291,0.160666834639055,-19628796.2152032,4.41316819734753,-20883358.3155939,"No MPA"
"5631","Squatina","MT_40",2035,1425.9792059038,1425.97900516006,76.532214349251,9.03136493763117e-05,1843.89721523466,-0.22112885420505,5.11007300744807e-08,-548647.74632639,136.619294615021,136.619294511682,6.13953242207069,2.56691707980733e-13,175.466124538748,-6.4793376721174e-09,1.51595626307297e-15,-239935.592627239,0.12963226465867,0.158183607223531,0.0155771972644983,0.0520077888041678,0.187420270274193,-23638850.6580628,5.32059603526465,-24893412.7584535,"No MPA"
"5632","Squatina","MT_40",2036,1487.72814467698,1487.72802799965,78.3503210171849,5.10341385327703e-05,1922.24736854038,-0.119680402496855,2.76773241203754e-08,-548647.644877938,141.572908596464,141.572908533718,6.34027186970136,6.37657352365253e-14,181.806396345703,-1.55289439714249e-09,3.63407668597847e-16,-239935.592627234,0.151217979324514,0.0550922858179546,0.0181712377421206,0.991992491540981,0.0527617694799526,-28499429.1746256,6.42096162324978,-29753991.2750163,"No MPA"
"5633","Squatina","MT_40",2037,1550.94410229631,1550.94403474929,80.0829806606005,2.88348791327236e-05,2002.33025281908,-0.0648211281623313,1.50006083225909e-08,-548647.590018664,146.68848702143,146.688486983262,6.54596833531846,1.58417838049142e-14,188.352364642853,-3.7226182600409e-10,8.7135459056079e-17,-239935.592627233,0.0425702521646765,0.0551365874739929,0.00511551822029891,0.0234538012196102,0.0646178188364233,-34393466.5850847,7.75580003865858,-35648028.6854755,"No MPA"
"5634","Squatina","MT_40",2038,1615.55809480303,1615.55805584371,81.7194577234872,1.62889119073641e-05,2084.04965529434,-0.0351315919863428,8.13497779367483e-09,-548647.560329128,151.970029392323,151.97002936907,6.75662564772177,3.93602985723808e-15,195.108990267322,-8.92582723615149e-11,2.08971618949486e-17,-239935.592627233,0.0521361749105689,0.0186846380702901,0.00626504368226489,0.506016443989953,0.017865879692866,-41543442.3475894,9.37562803262099,-42798004.4479802,"No MPA"
"5635","Squatina","MT_40",2039,1681.49249397894,1681.49247158719,83.2492086454643,9.19925061565534e-06,2167.29883234881,-0.0190520508360631,4.41412260333407e-09,-548647.544249587,157.421538305898,157.421538291714,6.97223741524571,9.78017565752327e-16,202.081227668384,-2.14062192783916e-11,5.01267299068244e-18,-239935.592627233,0.014414888112463,0.0193981695566765,0.00173219595856988,0.0110349572199995,0.0225931530311599,-50219946.5435214,11.3418892891109,-51474508.6439121,"No MPA"
"5636","Squatina","MT_40",2040,1748.6611749129,1748.66116208657,84.6620100126544,5.19364245225759e-06,2251.96082434149,-0.0103377514247893,2.39636657306576e-09,-548647.535535287,163.047011204944,163.047011196282,7.19278627939702,2.43032994693246e-16,209.274013939119,-5.13477144471197e-12,1.2026500308681e-18,-239935.592627233,0.0182290365014587,0.00637009448622416,0.00219053383230198,0.261147089672767,0.0061213431909661,-60752098.043208,13.7293212627677,-62006660.1435988,"No MPA"
"5637","Squatina","MT_40",2041,1816.96977000772,1816.96976268448,85.9480899949314,2.93107111864506e-06,2337.9089040821,-0.00561217516946354,1.30156399451687e-09,-548647.530809711,168.850431528597,168.850431523302,7.41824315266034,6.03963156380127e-17,216.692257086485,-1.2319414349479e-12,2.88599212588253e-19,-239935.592627233,0.00493893828418635,0.00686878606996297,0.000593499195438809,0.00533714103503339,0.00795783263791394,-73540223.3868388,16.6288349389293,-74794785.4872295,"No MPA"
"5638","Squatina","MT_40",2042,1886.3160308267,1886.31602665871,87.09826045373,1.65345872050693e-06,2425.00715871438,-0.00304817365910682,7.07238301689846e-10,-548647.528245709,174.835759248173,174.835759244935,7.64856644348011,1.50099263200908e-17,224.340823526727,-2.95627587882514e-13,6.92684017505072e-20,-239935.592627233,0.00642068955266953,0.00216364683709868,0.000771557644741475,0.135890530026788,0.00210223524657178,-89071281.2673827,20.15101871073,-90325843.3677735,"No MPA"
"5639","Squatina","MT_40",2043,1956.5902975798,1956.59029521501,88.1040469127479,9.32294963311766e-07,2513.11120233004,-0.00165628899529524,3.84450396647638e-10,-548647.526853825,181.006920777983,181.006920776001,7.88370127187424,3.73048961594263e-18,232.224524796619,-7.09551589260001e-14,1.66286704189539e-20,-239935.592627233,0.00169616533785955,0.00249830157979432,0.000203823845967177,0.00262976545509114,0.00285553753843524,-107937631.373611,24.430401637473,-109192193.474002,"No MPA"
"5640","Squatina","MT_40",2044,2027.67607408832,2027.67607275076,88.9578134593318,5.25398375502627e-07,2602.06901392642,-0.000900340479930472,2.0906292377525e-10,-548647.526097876,187.36779825344,187.367798252226,8.1235786796012,9.27189488524015e-19,240.348103475006,-1.70335549779566e-14,3.99264241938289e-21,-239935.592627233,0.00230395898915172,0.000688783919234663,0.000276860889971441,0.0727265644464715,0.000701487144067064,-130859869.860644,29.630640694949,-132114431.961035,"No MPA"
"5641","Squatina","MT_40",2045,2099.45070388186,2099.45070312766,89.6528796040023,2.95926555178832e-07,2691.72189248029,-0.000489597921363211,1.13727404487245e-10,-548647.525687134,193.922218172012,193.922218171269,8.36811483928565,2.30453207137164e-19,248.716218313548,-4.08984752141681e-15,9.58830978090611e-22,-239935.592627233,0.000565987170399209,0.00102981472419393,6.80132440611454e-05,0.00128855322864041,0.00111216450336699,-158714614.810034,35.9508322930927,-159969176.910425,"No MPA"
"5642","Squatina","MT_40",2046,2171.78614078902,2171.78614036508,90.1836261812357,1.66580920493097e-07,2781.905518071,-0.000266332229509047,6.18863787454816e-11,-548647.525463868,200.673939396128,200.673939395672,8.61721026740525,5.72802346423742e-20,257.333428580498,-9.82172238022013e-16,2.30303576625481e-22,-239935.592627233,0.000897337671264499,0.00026115544390744,0.000107830798664454,0.0441320703624664,0.000265031080717654,-192568313.255631,43.6331917628006,-193822875.356022,"No MPA"
"5643","Squatina","MT_40",2047,2244.54980509296,2244.54980485541,90.545587532821,9.3713187464801e-08,2872.45110527255,-0.000144927131309192,3.3686689523805e-11,-548647.525342463,207.626640521125,207.626640520845,8.87074904654981,1.42374022969603e-20,266.204177626768,-2.35909344733424e-16,5.5326672385693e-23,-239935.592627233,0.000213837406304468,0.000417929512754034,2.56963011297738e-05,0.000698830053728233,0.000446090529296117,-233718376.017132,52.9723973314179,-234972938.117523,"No MPA"
"5644","Squatina","MT_40",2048,2317.60551413307,2317.60551400039,90.7355274767985,5.26865748774377e-08,2963.18663256397,-7.88876412636577e-05,1.83420267042735e-11,-548647.525276423,214.783906615712,214.783906615541,9.12859806287765,3.53880640848043e-21,275.332775689474,-5.66732140392414e-17,1.32935795374407e-23,-239935.592627233,0.000359923226752758,0.000104576492703004,4.32510659527603e-05,0.0264371115935757,0.000105312387951812,-283743227.98044,64.3269593897331,-284997790.080831,"No MPA"
"5645","Squatina","MT_40",2049,2390.81447424118,2390.81447416731,90.7514969254374,2.9601536167136e-08,3053.93812938594,-4.29530455006933e-05,9.9897643444099e-12,-548647.525240489,222.149215347199,222.149215347094,9.39060626520856,8.7958752297111e-22,284.723381954578,-1.36170812173252e-17,3.19463427762456e-24,-239935.592627233,8.49701394657798e-05,0.000161589315783289,1.02106473741819e-05,0.000391616234011855,0.000174145841264353,-344563206.937115,78.1330540592084,-345817769.037505,"No MPA"
"5646","Squatina","MT_40",2050,2464.03631918898,2464.036319148,90.592871464566,1.66202000998361e-08,3144.5310007929,-2.3393644560209e-05,5.44221899590055e-12,-548647.525220929,229.725922508935,229.725922508871,9.6566039527004,2.18621885246079e-22,294.379985907214,-3.27236695910156e-18,7.67839591343978e-25,-239935.592627233,0.000140507652588681,4.03907294120907e-05,1.68844503762615e-05,0.0151011173122184,4.09300012412457e-05,-418514662.121403,94.9213552362252,-419769224.221794,"No MPA"
"5647","Squatina","MT_40",2051,2537.13017896906,2537.1301789464,90.2603677282924,9.32524051744289e-09,3234.7913684892,-1.27442612970788e-05,2.96554256108712e-12,-548647.52521028,237.517246973031,237.517246972991,9.9264020985502,5.43371217723204e-23,304.306388005725,-7.86520561289853e-19,1.84581576104318e-25,-239935.592627233,3.30239203710254e-05,6.15016803243541e-05,3.96840127263048e-06,0.000217315327863519,6.6508669304592e-05,-508440114.025263,115.337515080752,-509694676.125653,"No MPA"
"5648","Squatina","MT_40",2052,2609.95576179505,2609.95576178257,89.7560379777795,5.22854712895748e-09,3324.54740644927,-6.94446573206191e-06,1.61634755796325e-12,-548647.52520448,245.52625509741,245.526255097386,10.1997917176325,1.35046749803145e-23,314.506179723333,-1.89071739906509e-19,4.43785458097595e-26,-239935.592627233,5.3661786769857e-05,1.53663967274498e-05,6.44840167580835e-06,0.00849323403561669,1.56404725127971e-05,-617797956.771605,140.167083813189,-619052518.871996,"No MPA"
"5649","Squatina","MT_40",2053,2682.37443173208,2682.37443172523,89.0832428969303,2.92951582462258e-09,3413.63064933642,-3.78499644460508e-06,8.81177335280597e-13,-548647.525201321,253.755844622658,253.755844622644,10.4765432864282,3.35623403134674e-24,324.982723009746,-4.5457965389096e-20,1.06714406511795e-26,-239935.592627233,1.26193428576623e-05,2.3247671289446e-05,1.51643463021506e-06,0.000120105390230535,2.51863633032844e-05,-750795939.430199,170.365831117694,-752050501.53059,"No MPA"
"5650","Squatina","MT_40",2054,2754.25026438007,2754.25026437632,88.2466032262615,1.64022087086231e-09,3501.87725255729,-2.06343179807731e-06,4.8049160537715e-13,-548647.525199599,262.208728100841,262.208728100832,10.7564062239957,8.34059452910434e-25,335.739129233733,-1.09309673984126e-20,2.56647321182493e-27,-239935.592627233,2.03213396271587e-05,5.80752294210007e-06,2.44196417528531e-06,0.0047460092361765,5.92486062376025e-06,-912553580.633766,207.096640050339,-913808142.734157,"No MPA"
"5651","Squatina","MT_40",2055,2825.45106353477,2825.45106353273,87.2519314430351,9.176972484396e-10,3589.12918399737,-1.12514557962801e-06,2.62058656616264e-13,-548647.525198661,270.887415905555,270.88741590555,11.0391084430835,2.07259538897618e-25,346.778237676811,-2.62888061191736e-21,6.17323156138079e-28,-239935.592627233,4.78040849046717e-06,8.76081109279315e-06,5.74449642547066e-07,6.63436325454705e-05,9.49984586453931e-06,-1109299788.43438,251.774398166845,-1110554350.53477,"No MPA"
"5652","Squatina","MT_40",2056,2895.84932272641,2895.8493227253,86.1061452360853,5.13082423077045e-10,3675.23532923183,-6.13645538384845e-07,1.42954571087852e-13,-548647.525198149,279.794198879799,279.794198879796,11.3243559807675,5.14992456304865e-26,358.102593657575,-6.3233211713088e-22,1.48507720598322e-28,-239935.592627233,7.66484592850242e-06,2.18840036766317e-06,9.21065221577053e-07,0.00264481710689806,2.23511851434499e-06,-1348613316.71874,306.120619423246,-1349867878.81913,"No MPA"
"5653","Squatina","MT_40",2057,2965.32311694691,2965.32311694631,84.8171649954322,2.86659573050924e-10,3760.05249422638,-3.34744403323041e-07,7.79976103219759e-14,-548647.52519787,288.931130685827,288.931130685825,11.6118327182022,1.27953480910941e-26,369.714426375775,-1.5211786195234e-22,3.57309562056097e-29,-239935.592627233,1.80338073782299e-06,3.29694965366705e-06,2.16707719214672e-07,3.66727357170382e-05,3.57656087179855e-06,-1639715343.9045,372.229906187972,-1640969906.0049,"No MPA"
"5654","Squatina","MT_40",2058,3033.75691166797,3033.75691166764,83.3937979212911,1.60043960469557e-10,3843.44629214719,-1.82638713308757e-07,4.25642888537661e-14,-548647.525197718,298.300009928887,298.300009928885,11.9012001991989,3.17880818404367e-27,381.615626574973,-3.65994272055281e-23,8.59800959136162e-30,-239935.592627233,2.88570871855673e-06,8.23538056379779e-07,3.46768345525498e-07,0.00147223281028299,8.41557822821813e-07,-1993825472.4116,452.650817949803,-1995080034.51199,"No MPA"
"5655","Squatina","MT_40",2059,3101.04227835393,3101.04227835376,81.8456116408674,8.92911561394783e-11,3925.2919037878,-9.96674278165637e-08,2.32320551276912e-14,-548647.525197635,307.902362134581,307.90236213458,12.1920975573613,7.89648126250481e-28,393.807724132333,-8.80695965045589e-24,2.06922377193415e-30,-239935.592627233,6.79001653693457e-07,1.23996817148815e-06,8.15939178369017e-08,2.02929598944065e-05,1.3453876975521e-06,-2424594896.68358,550.484269670018,-2425849458.78397,"No MPA"
"5656","Squatina","MT_40",2060,3167.07850800382,3167.07850800373,80.1828003962682,4.97825925072659e-11,4005.47470418393,-5.43991223306605e-08,1.26825198552059e-14,-548647.52519759,317.739421667438,317.739421667437,12.4841415614204,1.961354363643e-28,406.291865693753,-2.11950250161624e-24,4.98048728720191e-31,-239935.592627233,1.08551123490671e-06,3.0972613847055e-07,1.30443149932098e-07,0.00081917180486201,3.16578939948727e-07,-2948633467.60697,669.503259695939,-2949888029.70736,"No MPA"
"5657","Squatina","MT_40",2061,3231.77311672861,3231.77311672856,78.4160469305983,2.77364458136926e-11,4083.89075111445,-2.96965694361343e-08,6.92463387291423e-15,-548647.525197565,327.812113686061,327.812113686061,12.7769267881915,4.87110855166198e-29,419.068792481944,-5.10148559710643e-25,1.19891855165361e-31,-239935.592627233,2.55428228364554e-07,4.66215147717728e-07,3.06941666002422e-08,1.12409725527798e-05,5.05896501835646e-07,-3586151007.35731,814.298550870097,-3587405569.4577,"No MPA"
"5658","Squatina","MT_40",2062,3295.04223989283,3295.04223989281,76.5563831550729,1.54430596959737e-11,4160.44713426948,-1.62141465135893e-08,3.78145759451563e-15,-548647.525197552,338.121036237826,338.121036237826,13.0700259322296,1.20960888147198e-29,432.138818414174,-1.22804088315536e-25,2.88642080530035e-32,-239935.592627233,4.08177016514848e-07,1.16453451278723e-07,4.9049603592264e-08,0.000455742964879921,1.19043000311239e-07,-4361737640.85717,990.455930746165,-4362992202.95756,"No MPA"
"5659","Squatina","MT_40",2063,3356.81091383702,3356.810913837,74.6150525360463,8.59272174794625e-12,4235.06218680551,-8.85427771449295e-09,2.06533612148759e-15,-548647.525197545,348.666442603419,348.666442603419,13.3629902607562,3.00333444118661e-30,445.50180867493,-2.95652168349779e-26,6.94992977536245e-33,-239935.592627233,9.60485327091737e-08,1.75269578588974e-07,1.15419101626383e-08,6.23252934505342e-06,1.90195147695336e-07,-5305313278.68593,1204.77189636593,-5306567840.78632,"No MPA"
"5660","Squatina","MT_40",2064,3417.0132465686,3417.01324656859,72.6033769097715,4.77803325852639e-12,4307.66556371527,-4.83594506583672e-09,1.12820852392972e-15,-548647.525197541,359.448224008432,359.448224008432,13.6553502217847,7.45590170650324e-31,459.157158896714,-7.1186899396109e-27,1.67359628206215e-33,-239935.592627233,1.53456858587064e-07,4.37796381516335e-08,1.84405240320469e-08,0.000253549860668266,4.47553745390976e-08,-6453282918.66809,1465.51609295898,-6454537480.76849,"No MPA"
"5661","Squatina","MT_40",2065,3475.59248099382,3475.59248099382,70.5326301301993,2.65518789669207e-12,4378.19819384546,-2.64165924844508e-09,6.16386731378941e-16,-548647.525197538,370.465892825609,370.465892825609,13.9466162125523,1.8506769039592e-31,473.103775109267,-1.71422791697965e-27,4.03059577336461e-34,-239935.592627233,3.61103806531327e-08,6.58872378470648e-08,4.33929345599166e-09,3.45827982850799e-06,7.14993779282681e-08,-7849942381.83404,1782.75064150519,-7851196943.93443,"No MPA"
"5662","Squatina","MT_60",2015,630.836397579878,630.836397579878,42.8171825515028,13.2428280733047,811.435933778198,-76763.5752261558,0.0169375608469737,-701801.8651547,75.6932687965435,75.6932687965435,3.56547321194656,0.425796032612908,96.9542682693336,-19498.9837983251,0.00453869731419951,-286910.419638029,1062.55778542966,1062.55778542966,119.351983681878,347.246887531364,1089.04418115051,-1495390.81886588,0.263677258490178,-2956333.78409745,"No MPA"
"5663","Squatina","MT_60",2016,654.698139522077,654.695183451501,44.2134557897429,8.11582974287268,847.530603754492,-45133.7700562891,0.0100032408968687,-670172.059984833,78.226482723167,78.2264580586296,3.67931252064724,0.116813167958167,100.516742957485,-5174.58273679062,0.00120483066997469,-272586.018576494,878.683294116328,878.328979346975,99.8364567752316,327.738456087098,860.787867069296,-1642358.34800462,0.31670969013095,-3103301.3132362,"No MPA"
"5664","Squatina","MT_60",2017,683.820726156997,683.69024218414,45.8955118871389,5.02695046540744,888.268681203366,-26655.6992718306,0.00593297918611676,-651693.989200374,81.1008261597061,81.0997524988908,3.80805146141263,0.0321578929707845,104.291562865112,-1373.62982622499,0.00031992667094633,-268785.065665929,694.51720294099,678.805420910953,79.7297574499574,300.008514050619,624.797328438597,-1972696.52716336,0.402145369097409,-3433639.49239494,"No MPA"
"5665","Squatina","MT_60",2018,716.689794931532,716.401873463339,47.7648397493579,3.13712326154902,932.608476222982,-15809.5899365078,0.0035329616947349,-640847.879865052,84.1464979961096,84.1447683190886,3.94396489244257,0.00886240044799756,108.224935680085,-364.74865847272,8.49773205067563e-05,-267776.184498177,504.110837934528,467.503470618525,58.4454908282957,247.454977979865,399.180473971025,-2504872.4335344,0.527071085348745,-3965815.39876597,"No MPA"
"5666","Squatina","MT_60",2019,752.464869829888,752.11818416174,49.7643409596038,1.96868087443099,980.057450640007,-9414.23416650916,0.00211166804808069,-634452.524095053,87.3200964982359,87.3187979468807,4.08504067213786,0.00244348196321145,112.306234318905,-96.8826097642331,2.25778319152067e-05,-267508.318449468,322.074365656337,281.718927232222,37.6812407613947,167.589702167762,228.916574140542,-3283029.38198679,0.703220790031555,-4743972.34721837,"No MPA"
"5667","Squatina","MT_60",2020,790.748551855669,790.415144648995,51.8635243519289,1.24090420644836,1030.34666357881,-5626.90887439649,0.00126653509819237,-630665.19880294,90.6130473208938,90.6122700692858,4.23083253060173,0.000673891752413173,116.535615706146,-25.7409490075693,6.00048660350958e-06,-267437.176788711,184.698814726816,142.75502214096,21.7777161378241,95.7072344317515,113.043922011182,-4380252.02035822,0.948122703214443,-5841194.98558979,"No MPA"
"5668","Squatina","MT_60",2021,831.32384902764,831.039587790534,54.0426242192689,0.785011925833782,1083.32001463514,-3374.88918859632,0.000762075555246233,-628413.17911714,94.0254770769478,94.0250574051946,4.38128075810289,0.00018589713842142,120.916290895358,-6.84113710704034,1.59519620889793e-06,-267418.276976811,91.2082425046137,62.046760613839,10.8221195894902,37.0359207664027,57.6821102333967,-5905720.6071842,1.28697080759821,-7366663.57241577,"No MPA"
"5669","Squatina","MT_60",2022,874.064813455164,873.839718577673,56.2871288549084,0.498116759321886,1138.88393185324,-2030.66493845125,0.000459890701320363,-627068.954866995,97.559976569561,97.559758271777,4.53643110685646,5.12918386073681e-05,125.452452412591,-1.81867635430983,4.24192983376194e-07,-267413.254516058,46.5401748695971,21.151206203296,5.55482628885795,32.4351599456352,20.8615000078598,-8016359.7218016,1.75542091532724,-9477302.68703317,"No MPA"
"5670","Squatina","MT_60",2023,918.895947637089,918.726385059495,58.5852783629143,0.316882375925658,1196.98276526263,-1225.44187992919,0.000278277123547333,-626263.731808473,101.219928492169,101.219815280407,4.69635938355458,1.41550700313356e-05,130.148684429314,-0.483620009603335,1.12832153658544e-07,-267411.919459713,16.8318713458886,11.9881398772517,2.0149018854193,2.45378825004217,16.4797579532441,-10934275.0342346,2.40362851988916,-12395217.9994662,"No MPA"
"5671","Squatina","MT_60",2024,965.772351008117,965.649139795813,60.9268239420355,0.202026472017276,1257.58435152035,-741.503744331297,0.000168796076933533,-625779.793672875,105.009031532992,105.008971862493,4.86114979496977,3.90715226890705e-06,135.009770646633,-0.128639134414305,3.0020682269974e-08,-267411.564478838,13.2965110646828,3.99044157002505,1.59579796046224,36.7405633084392,4.30850923058571,-14971866.5141057,3.30199979647782,-16432809.4793373,"No MPA"
"5672","Squatina","MT_60",2025,1014.66807292947,1014.58095937939,63.3023006929181,0.129038363689596,1320.67050029949,-449.775554913025,0.00010261502729643,-625488.065483457,108.931145368543,108.931113148596,5.03088767537734,1.07867334312463e-06,140.040625023389,-0.0342263211301137,7.98959468742729e-09,-267411.470066025,3.47627318430934,2.91811902326328,0.417429895438816,0.892507168663404,3.96196088770863,-20567702.3512171,4.54933344550601,-22028645.3164487,"No MPA"
"5673","Squatina","MT_60",2026,1065.56843673639,1065.50816595326,65.7025594070708,0.0825479558460469,1386.23024096758,-273.42739501545,6.25074620452599e-05,-625311.717323559,112.990234772353,112.990216932585,5.20565663721915,2.97850056129532e-07,145.246263522991,-0.00910885570274639,2.12688322669948e-09,-267411.44494856,3.19666447351481,1.30467610774114,0.384028741290393,17.7354567679009,1.26696849132391,-28337169.8332689,6.28432243523105,-29798112.7985005,"No MPA"
"5674","Squatina","MT_60",2027,1118.46459089498,1118.42362705974,68.1184515308529,0.0528764661045741,1454.25485219709,-166.556041660268,3.81452589761301e-05,-625204.845970204,117.190346819209,117.19033672028,5.38553718691373,8.22584260305384e-08,150.631790528718,-0.00242483455044846,5.66337639682297e-10,-267411.438264538,1.02223956269798,1.0492476568296,0.122819459508545,1.11484251722831,1.30613128179201,-39144179.7548836,8.70178665126495,-40605122.7201151,"No MPA"
"5675","Squatina","MT_60",2028,1173.34949869825,1173.32207340717,70.5406180492651,0.0339071401408317,1524.73413781514,-101.640422790104,2.33163013544035e-05,-625139.930351334,121.535599924501,121.535594104396,5.57060585532139,2.27213891232255e-08,156.202390541213,-0.000645673945076148,1.50840596435379e-10,-267411.436485378,1.0538376285349,0.468402127276499,0.126626295734826,12.3086483087288,0.421118681576664,-54202230.3231558,12.0755807283375,-55663173.2883873,"No MPA"
"5676","Squatina","MT_60",2029,1230.21493347648,1230.19681156566,72.9593544303479,0.0217624029787991,1597.6536079317,-62.127350106648,1.42731125045811e-05,-625100.417278651,126.030177145429,126.030173744798,5.76093450562329,6.27708341147069e-09,161.963321639928,-0.000171971082280545,4.01855784019502e-11,-267411.436011675,0.339774966660023,0.380692128566579,0.0408277239932021,0.669743211504355,0.463065555997525,-75217131.0225246,16.7909240236555,-76678073.9877562,"No MPA"
"5677","Squatina","MT_60",2030,1289.04920422162,1289.03736930804,75.3645335738224,0.0139776003611612,1672.99232899157,-38.0311134447498,8.74890921090137e-06,-625076.321041989,130.678320905445,130.678318897812,5.95658969311347,1.73438763188735e-09,167.919909323674,-4.58148989648814e-05,1.07085210055149e-11,-267411.435885519,0.373619339948045,0.169988518354511,0.0448955689681326,8.67742103296497,0.149731896211817,-104588354.674312,23.3900386634586,-106049297.639544,"No MPA"
"5678","Squatina","MT_60",2031,1349.8354209254,1349.82777439273,77.7455741299677,0.00898254356335646,1750.7212740453,-23.311560621472,5.36917965763557e-06,-625061.601489165,135.484328024566,135.484326830066,6.15763202831194,4.79287768571809e-10,174.077540157007,-1.22085842791436e-05,2.85426409830536e-12,-267411.435851912,0.120809530113544,0.138896750303799,0.0145171041222691,0.411751353066998,0.167876915368115,-145693333.005691,32.6365880060597,-147154275.970923,"No MPA"
"5679","Squatina","MT_60",2032,1412.55016351357,1412.54527253205,80.091445082427,0.0057749028629632,1830.80205324335,-14.3061366947845,3.29859754533521e-06,-625052.596065239,140.452544593033,140.452543878122,6.36411552411274,1.32466190579452e-10,180.441654966076,-3.2540876542306e-06,7.60960836533548e-13,-267411.435842958,0.135449638825402,0.0620253920665018,0.0162764682418819,6.18917927258236,0.0543296283890146,-203288816.05933,45.6066818777945,-204749759.024561,"No MPA"
"5680","Squatina","MT_60",2033,1477.16245755916,1477.15935912762,82.3906999528331,0.00371374844651265,1913.18594101619,-8.78902439870098,2.02848669273517e-06,-625047.078952943,145.587360481457,145.587360051624,6.5760869192375,3.66158261827737e-11,187.017741455444,-8.67554274293333e-07,2.02923355971597e-13,-267411.435840571,0.0438352618445123,0.0508381116907236,0.00526753714246344,0.258207483677203,0.0613193276242059,-284077747.262742,63.8174285012043,-285538690.227973,"No MPA"
"5681","Squatina","MT_60",2034,1543.63298937347,1543.6310449628,84.6315357134154,0.0023886473253525,1997.81314367161,-5.40480857512472,1.24852010746407e-06,-625043.694737119,150.893203383779,150.893203124416,6.79358497506769,1.01224173342506e-11,193.811326171139,-2.31347928198772e-07,5.41254388780185e-14,-267411.435839935,0.0494748236319614,0.0227024307339963,0.00594524176385558,4.45041589257905,0.0198503197703183,-397509982.179676,89.4085596196972,-398970925.144908,"No MPA"
"5682","Squatina","MT_60",2035,1611.91351507497,1611.91230634276,86.8018726582049,0.00153644700188995,2084.6122711506,-3.32659877753228,7.69065201201212e-07,-625041.616527321,156.374532332746,156.374532175794,7.01663974510442,2.79864445114913e-12,200.827965759288,-6.17069689793311e-08,1.44400459273365e-14,-267411.435839766,0.0160160117164568,0.0186401859711708,0.00192459899336825,0.164921022601882,0.0224651157227507,-556913617.899414,125.399084357625,-558374560.864645,"No MPA"
"5683","Squatina","MT_60",2036,1681.94643438141,1681.94569020913,88.8894522077113,0.000988252367226764,2173.49999093367,-2.04910724044994,4.74070418567377e-07,-625040.339035784,162.035830647043,162.03583055184,7.24527181743965,7.73848137422586e-13,208.073237481524,-1.64626800333631e-08,3.85328873146149e-15,-267411.43583972,0.0181257310103959,0.00832399114943884,0.00217812032084083,3.21855193629629,0.00727321320544011,-781093644.873424,176.050022044959,-782554587.838655,"No MPA"
"5684","Squatina","MT_60",2037,1753.66451136793,1753.66405781816,90.8819500089443,0.000635573295058564,2264.38085181955,-1.26310934335618,2.92419398500175e-07,-625039.553037887,167.881598278745,167.881598220885,7.47949153134052,2.13995518221227e-13,215.552728955005,-4.39301481272484e-09,1.02846248182316e-15,-267411.435839708,0.0058683119094534,0.00684112447571223,0.000705179614323776,0.107189383275515,0.00824184601688719,-1096591368.0756,247.377127681992,-1098052311.04083,"No MPA"
"5685","Squatina","MT_60",2038,1826.99073228485,1826.99045883624,92.767101830969,0.000408674327627595,2357.14727152757,-0.779113549493727,1.80479549609585e-07,-625039.069042093,173.916343535167,173.916343499946,7.71929816960004,5.91821716386761e-14,223.272027089383,-1.17251577260104e-09,2.74560066697324e-16,-267411.435839705,0.00664984261709863,0.00305496487648928,0.000799094414102174,2.33732761134125,0.00266847178459478,-1540878096.31865,347.875720659348,-1542339039.28389,"No MPA"
"5686","Squatina","MT_60",2039,1901.8382955548,1901.83813263572,94.5328397215435,0.000262707686012234,2451.67968562235,-0.480860374272099,1.11451555729104e-07,-625038.770788918,180.144574152786,180.144574131317,7.9646791287984,1.63685694438145e-14,231.236706196712,-3.13016123588196e-10,7.3312226601775e-17,-267411.435839704,0.00215302704750429,0.00251206345027692,0.000258723748987551,0.0708320841556501,0.00302583782633917,-2166870006.66277,489.54546812838,-2168330949.62801,"No MPA"
"5687","Squatina","MT_60",2040,1978.1107319309,1978.11063615288,96.1674357468114,0.000168820315378357,2547.84685677083,-0.296943260085408,6.88590497975266e-08,-625038.586871804,186.570787703841,186.570787690739,8.21560907009588,4.52752080646238e-15,239.452315253705,-8.35804712014938e-11,1.95795939188428e-17,-267411.435839704,0.00244136389939724,0.00112177873224933,0.000293372492017497,1.70256478973924,0.00097970050537481,-3049311373.90746,689.339389142159,-3050772316.87269,"No MPA"
"5688","Squatina","MT_60",2041,2055.70215401749,2055.70209857592,97.6596504373443,0.000108444793512859,2645.50634332181,-0.183461375368072,4.25633120943487e-08,-625038.473389919,193.199461319034,193.19946131103,8.47204905366118,1.25238064659393e-15,247.924364299363,-2.23218982677817e-11,5.23018808678884e-18,-267411.435839704,0.000790460554502695,0.000922690505894395,9.49876414787924e-05,0.0475422383568243,0.00111129048859935,-4293800222.43775,971.212860507537,-4295261165.40298,"No MPA"
"5689","Squatina","MT_60",2042,2134.49763433829,2134.49760283556,98.9988828550906,6.96310386436028e-05,2744.50512504314,-0.113400575784399,2.63204969603532e-08,-625038.40332912,200.035040712598,200.035040707705,8.73394566033715,3.46445270388032e-16,256.658309954807,-5.96271099586275e-12,1.39738291299885e-18,-267411.435839704,0.000896632482082619,0.000412032256943489,0.000107746058541716,1.24302373067949,0.000359815602695038,-6049551298.04228,1369.02128456023,-6051012241.00751,"No MPA"
"5690","Squatina","MT_60",2043,2214.37371020557,2214.37369271447,100.175319014474,4.46876620929726e-05,2844.68038187886,-0.0701245523548583,1.62825942339403e-08,-625038.360053096,207.081928499144,207.081928496151,9.00123010466354,9.58410422445243e-17,265.659540056478,-1.59309201103416e-12,3.73418816096e-19,-267411.435839704,0.000290313253146919,0.000338959476652738,3.4886210560669e-05,0.0323720063900205,0.000408221450523435,-8527445245.05952,1930.61818425589,-8528906188.02476,"No MPA"
"5691","Squatina","MT_60",2044,2295.19901205179,2295.19900262998,101.180075267621,2.86645787836017e-05,2945.86041906009,-0.0433806189833763,1.00765553370052e-08,-625038.333309163,214.344471795118,214.344471793286,9.27381734391201,2.65144853522852e-17,274.933357398557,-4.2571659113491e-13,9.98062608504417e-20,-267411.435839704,0.000329368977938006,0.00015136381309225,3.95794391457988e-05,0.909089013359078,0.000132175393019063,-12025555074.1811,2723.65136132687,-12027016017.1463,"No MPA"
"5692","Squatina","MT_60",2045,2376.8350098451,2376.83500498009,102.005333222568,1.83764336364839e-05,3047.86572904122,-0.0268460458068264,6.23805314088328e-09,-625038.31677459,221.826949101561,221.826949100439,9.55160518834263,7.33543404215543e-18,284.484962585778,-1.13783969007136e-13,2.66807713387852e-20,-267411.435839704,0.000106644259020249,0.000124530419931031,1.28151716838754e-05,0.0223296050372023,0.000149972181230862,-16965249636.5791,3843.76112911424,-16966710579.5443,"No MPA"
"5693","Squatina","MT_60",2046,2459.13686990085,2459.13686754615,102.644462821943,1.17739193376419e-05,3150.51017773455,-0.0166193241757761,3.86300462907269e-09,-625038.306547868,229.533556469077,229.53355646839,9.83447341845793,2.02943669266901e-18,294.319436003549,-3.04172926822213e-14,7.13372219825886e-21,-267411.435839704,0.000121003401432739,5.56095278776044e-05,1.45406737205278e-05,0.665744022143924,4.85586650781564e-05,-23942259286.3758,5426.1766146847,-23943720229.3411,"No MPA"
"5694","Squatina","MT_60",2047,2541.95441198195,2541.95441096534,103.092130378804,7.53899056468435e-06,3253.60229955776,-0.0102916628245409,2.39294278474803e-09,-625038.300220207,237.46839295064,237.468392950219,10.1222829156076,5.61472377035188e-19,304.441718918735,-8.13274617929183e-15,1.90769724439271e-21,-267411.435839704,3.9179023704704e-05,4.57533225333756e-05,4.70804453090513e-06,0.015579102614427,5.50999141429929e-05,-33798907652.9447,7662.11923032244,-33800368595.9099,"No MPA"
"5695","Squatina","MT_60",2048,2625.13315419364,2625.13315385752,103.344388650109,4.82422382591043e-06,3356.94668304754,-0.00637512419843904,1.48273310480653e-09,-625038.296303668,245.635445352956,245.635445352698,10.4148748128766,1.55339025793163e-19,314.856593731354,-2.17484992254027e-15,5.10242243884543e-22,-267411.435839704,4.44567584150202e-05,2.04313042522103e-05,5.34225662270182e-06,0.488032891031471,1.78405240181454e-05,-47726286606.7326,10822.0068939827,-47727747549.6978,"No MPA"
"5696","Squatina","MT_60",2049,2708.51543095056,2708.51543093574,103.398746423616,3.08499970792303e-06,3460.34542637133,-0.00395016579386647,9.18989785857453e-10,-625038.29387871,254.038572302767,254.038572302608,10.7120696737679,4.29762126962871e-20,325.568663404964,-5.81694603000493e-16,1.36494561498546e-22,-267411.435839704,1.43944301657849e-05,1.68104920670391e-05,1.72974239962296e-06,0.0109766897971798,2.02443999225341e-05,-67408792157.5183,15288.2795325525,-67410253100.4835,"No MPA"
"5697","Squatina","MT_60",2050,2791.94156734042,2791.94156745762,103.254215591021,1.97146470540053e-06,3563.59964010809,-0.00244826839767244,5.69730609141953e-10,-625038.292376812,262.681487650487,262.68148765039,11.0136667067553,1.18895976313772e-20,336.582330111622,-1.55608285276605e-16,3.65194779713432e-23,-267411.435839704,1.63339709437207e-05,7.50678036349262e-06,1.96281212920072e-06,0.358039583724401,6.5548376461792e-06,-95228589997.3328,21601.8364328421,-95230050940.298,"No MPA"
"5698","Squatina","MT_60",2051,2875.25109162598,2875.25109178062,102.911334262777,1.25899275734894e-06,3666.51097326651,-0.00151779774456937,3.53292424903678e-10,-625038.291446342,271.56774324012,271.56774324006,11.3194430243299,3.28922581749436e-21,347.901773135892,-4.16332813831357e-17,9.77242571350535e-24,-267411.435839704,5.28869850739915e-06,6.17652186560196e-06,6.35529573218322e-07,0.00779850034006209,7.43817497236538e-06,-134554867372.32,30527.731456504,-134556328315.285,"No MPA"
"5699","Squatina","MT_60",2052,2958.28396649614,2958.28396664484,102.372165126727,8.03439628347626e-07,3768.88313773851,-0.000941184350101907,2.19129203366565e-10,-625038.290869728,280.700711081351,280.700711081315,11.6291529556814,9.09921219672669e-22,359.530926091537,-1.11408194064307e-17,2.6154543895275e-24,-267411.435839704,6.00140949288846e-06,2.75814548958989e-06,7.2117425671279e-07,0.262830667266821,2.40837220859907e-06,-190153039537.971,43148.1144119674,-190154500480.936,"No MPA"
"5700","Squatina","MT_60",2053,3040.88181905437,3040.88181918042,101.640268937637,5.12360612608543e-07,3870.52340628984,-0.000583763145608372,1.35944945499308e-10,-625038.290512307,290.083564967089,290.083564967067,11.9425274226297,2.51705968025629e-22,371.473453514145,-2.98167666770944e-18,7.00095457049902e-25,-267411.435839704,1.94316857142968e-06,2.26939807032074e-06,2.33505670970767e-07,0.00557900527118308,2.73295169757408e-06,-268763668779.624,60993.7209527435,-268765129722.589,"No MPA"
"5701","Squatina","MT_60",2054,3122.88914945597,3122.88914955571,100.720653719649,3.26504026325574e-07,3971.24405978272,-0.000362155886640838,8.43565564939222e-11,-625038.2902907,299.719261587483,299.719261587469,12.2592733888499,6.9623987739954e-23,383.732726902981,-7.98121956214238e-19,1.87426549814825e-25,-267411.435839704,2.20505195459404e-06,1.01340680485143e-06,2.64975537284402e-07,0.193029993378603,8.84889969900664e-07,-379921496899.348,86229.9024654954,-379922957842.313,"No MPA"
"5702","Squatina","MT_60",2055,3204.15449858366,3204.15449865919,99.6197009390233,2.07917295042086e-07,4070.86376058936,-0.000224722952853497,5.23557081699073e-11,-625038.290153267,309.610521199554,309.610521199546,12.5790733927926,1.92573258548871e-23,396.311800295765,-2.13669077637248e-19,5.01842154832834e-26,-267411.435839704,7.13963718957102e-07,8.33833023068781e-07,8.57952211284303e-08,0.00401394153845656,1.00415267059828e-06,-537114199797.058,121919.822050079,-537115660740.023,"No MPA"
"5703","Squatina","MT_60",2056,3284.53155617115,3284.53155622663,98.3450705319537,1.32306737010928e-07,4169.20883104448,-0.000139472561264008,3.25009002514886e-11,-625038.290068017,319.759807919975,319.75980791997,12.9015851749859,5.32599571487967e-24,409.213385470746,-5.72105643989157e-20,1.34389026794178e-26,-267411.435839704,8.10189514501488e-07,3.7235071884866e-07,9.73584325228633e-08,0.141818068653208,3.25130055321268e-07,-759421799021.862,172396.830136805,-759423259964.827,"No MPA"
"5704","Squatina","MT_60",2057,3363.8801923085,3363.88019234834,96.9055872255967,8.4132452337625e-08,4266.11441822578,-8.65797497965836e-05,2.01794766707124e-11,-625038.290015124,330.169309717137,330.169309717133,13.2264414105964,1.47288704724133e-24,422.439826881339,-1.53204454351925e-20,3.5993129734673e-27,-267411.435839704,2.62327601552496e-07,3.06371550191244e-07,3.15232468923465e-08,0.00290128132785828,3.68951052301789e-07,-1073836138264.58,243791.315755537,-1073837599207.55,"No MPA"
"5705","Squatina","MT_60",2058,3442.06739723236,3442.06739726047,95.3111110479535,5.34610255538227e-08,4361.42552924839,-5.3756017670909e-05,1.25315498634857e-11,-625038.2899823,340.840918187437,340.840918187435,13.5532495582157,4.07284540305195e-25,435.993076439553,-4.10322798299082e-21,9.64124389766873e-28,-267411.435839704,2.976840899712e-07,1.36811159513164e-07,3.57719470185823e-08,0.104222372107877,1.19461001909767e-07,-1518542567433.65,344776.123143052,-1518544028376.61,"No MPA"
"5706","Squatina","MT_60",2059,3518.96811664188,3518.96811666144,93.5723952673374,3.39473542973931e-08,4454.99792450134,-3.33824563822579e-05,7.78354555645652e-12,-625038.289961926,351.776208209565,351.776208209563,13.8815918358047,1.12611391697146e-25,449.874668275356,-1.09910078961455e-21,2.58287110008176e-28,-267411.435839704,9.63857926917321e-08,1.12568864844668e-07,1.15824378450169e-08,0.00210485126080854,1.35562141761912e-07,-2147563040155.51,487621.215044547,-2147564501098.48,"No MPA"
"5707","Squatina","MT_60",2060,3594.46597239678,3594.46597241023,91.7009352244264,2.15413565993279e-08,4546.69885971768,-2.07342035332879e-05,4.83532359938884e-12,-625038.289949278,362.976417579377,362.976417579377,14.2110253345682,3.11328387434879e-26,464.085693609924,-2.94445932453555e-22,6.9203360266625e-29,-267411.435839704,1.09376819914673e-07,5.02679723428179e-08,1.31435368530617e-08,0.0766100115538565,4.38930578060169e-08,-3037325466389.37,689685.889418282,-3037326927332.33,"No MPA"
"5708","Squatina","MT_60",2061,3668.45386124837,3668.45386125754,89.7088116154874,1.36597557404911e-08,4636.40767132867,-1.28804751547135e-05,3.00432383187038e-12,-625038.289941424,374.442426736652,374.442426736651,14.5410822812183,8.60603701630606e-27,478.626775891142,-7.889116082022e-23,1.854406876748e-29,-267411.435839704,3.54146299015016e-08,4.13607511624867e-08,4.25568684125666e-09,0.00153158438371408,4.98090721664452e-08,-4295958524996.05,975530.093605702,-4295959985939.02,"No MPA"
"5709","Squatina","MT_60",2062,3740.83442712618,3740.83442713237,87.6085317568069,8.65606588180404e-09,4724.01620308301,-8.0029409845623e-06,1.86697686990972e-12,-625038.289936547,386.174738703444,386.174738703443,14.8712704586213,2.37865744455577e-27,493.498046349763,-2.11399760778407e-23,4.96975423100183e-30,-267411.435839704,4.01879008819029e-08,1.84697702622925e-08,4.82927878780368e-09,0.0563227711487407,1.61274563739467e-08,-6076442749249.78,1379901.70745381,-6076444210192.75,"No MPA"
"5710","Squatina","MT_60",2063,3811.52040535094,3811.52040535509,85.4128722161281,5.48165237912825e-09,4809.42907529781,-4.97322858831211e-06,1.16037967345797e-12,-625038.289933517,398.173459361839,398.173459361839,15.201073794183,6.57356466126465e-28,508.699120143945,-5.66542682590104e-24,1.33203458653729e-30,-267411.435839704,1.30122604184948e-08,1.51970292852342e-08,1.56365054759015e-09,0.00111707641279893,1.83011626048173e-08,-8595217902446.58,1951963.25049817,-8595219363389.55,"No MPA"
"5711","Squatina","MT_60",2064,3880.43483987677,3880.43483987954,83.1347259504572,3.46914041582204e-09,4892.56380124757,-3.09098070487747e-06,7.21320631100763e-13,-625038.289931635,410.43827820644,410.43827820644,15.5299531245145,1.81637904653537e-28,524.22907326846,-1.51848828428855e-24,3.57063532176229e-31,-267411.435839704,1.47660913322826e-08,6.78627998688835e-09,1.77440398938623e-09,0.0414133059767861,5.92565153000375e-09,-12158510555478.3,2761272.27772432,-12158512016421.2,"No MPA"
"5712","Squatina","MT_60",2065,3947.51117719838,3947.51117720022,80.7869567583299,2.19410968631114e-09,4973.35075800554,-1.92141563754699e-06,4.48458063184399e-13,-625038.289930465,422.968449713811,422.968449713811,15.8573471439195,5.01816260818894e-29,540.086420412379,-4.07042375195283e-25,9.57246147548004e-32,-267411.435839704,4.78104662445237e-09,5.58378986880435e-09,5.74526326091873e-10,0.000816267770671932,6.72432995573291e-09,-17199585149306.7,3906243.1149279,-17199586610249.6,"No MPA"
